{
  "k": 9,
  "M_approx": [
    [
      0.16666666666666666,
      0.15550211698203656,
      0.12500000000000003,
      0.08333333333333337,
      0.04166666666666667,
      0.011164549684630135,
      2.5537913109568538e-17,
      0.01116454968463017,
      0.041666666666666644,
      0.08333333333333333,
      0.12500000000000006,
      0.15550211698203653
    ],
    [
      0.15550211698203661,
      0.16666666666666666,
      0.1555021169820366,
      0.12500000000000006,
      0.08333333333333331,
      0.04166666666666672,
      0.011164549684630088,
      1.8008359252387835e-16,
      0.011164549684630085,
      0.04166666666666667,
      0.08333333333333336,
      0.125
    ],
    [
      0.125,
      0.15550211698203656,
      0.1666666666666666,
      0.15550211698203656,
      0.125,
      0.08333333333333329,
      0.04166666666666664,
      0.01116454968463011,
      2.0999043536191703e-17,
      0.011164549684630142,
      0.04166666666666667,
      0.08333333333333331
    ],
    [
      0.08333333333333329,
      0.12499999999999997,
      0.15550211698203656,
      0.16666666666666666,
      0.1555021169820366,
      0.12499999999999993,
      0.08333333333333334,
      0.04166666666666666,
      0.011164549684630199,
      6.641573146184256e-17,
      0.011164549684630171,
      0.041666666666666595
    ],
    [
      0.04166666666666669,
      0.08333333333333334,
      0.12499999999999999,
      0.15550211698203656,
      0.16666666666666669,
      0.15550211698203653,
      0.12499999999999999,
      0.08333333333333333,
      0.04166666666666667,
      0.011164549684630116,
      3.550424065667767e-17,
      0.011164549684630107
    ],
    [
      0.011164549684630166,
      0.04166666666666663,
      0.08333333333333334,
      0.12499999999999996,
      0.1555021169820365,
      0.16666666666666666,
      0.15550211698203656,
      0.12500000000000006,
      0.0833333333333334,
      0.04166666666666669,
      0.011164549684630128,
      6.410663310069888e-17
    ],
    [
      7.680021922908782e-17,
      0.011164549684630131,
      0.04166666666666665,
      0.08333333333333327,
      0.12499999999999996,
      0.15550211698203656,
      0.16666666666666666,
      0.15550211698203656,
      0.12500000000000003,
      0.08333333333333331,
      0.04166666666666664,
      0.011164549684630192
    ],
    [
      0.011164549684630152,
      7.83473689453947e-17,
      0.011164549684630105,
      0.04166666666666665,
      0.08333333333333334,
      0.12500000000000006,
      0.1555021169820366,
      0.16666666666666663,
      0.1555021169820365,
      0.12499999999999994,
      0.08333333333333331,
      0.04166666666666669
    ],
    [
      0.0416666666666666,
      0.01116454968463013,
      4.5617473483865886e-17,
      0.01116454968463019,
      0.04166666666666671,
      0.08333333333333338,
      0.12500000000000006,
      0.1555021169820366,
      0.16666666666666669,
      0.15550211698203653,
      0.125,
      0.08333333333333329
    ],
    [
      0.08333333333333333,
      0.041666666666666706,
      0.011164549684630183,
      9.554940655154653e-17,
      0.01116454968463012,
      0.041666666666666685,
      0.08333333333333333,
      0.125,
      0.15550211698203653,
      0.16666666666666669,
      0.1555021169820366,
      0.12500000000000003
    ],
    [
      0.12500000000000003,
      0.08333333333333334,
      0.0416666666666667,
      0.011164549684630223,
      7.317951534653278e-17,
      0.011164549684630237,
      0.04166666666666666,
      0.0833333333333333,
      0.12499999999999993,
      0.15550211698203656,
      0.16666666666666666,
      0.15550211698203661
    ],
    [
      0.15550211698203653,
      0.12499999999999999,
      0.08333333333333333,
      0.04166666666666662,
      0.011164549684630095,
      5.108624389675639e-17,
      0.01116454968463017,
      0.0416666666666667,
      0.08333333333333329,
      0.12499999999999996,
      0.15550211698203664,
      0.1666666666666667
    ]
  ],
  "A": [
    [
      0.0,
      0.19586325625728762,
      0.38562803330319145,
      0.09793562408594896,
      0.0,
      0.3331944150088377,
      0.0,
      0.08312369716728574,
      0.0
    ],
    [
      0.0,
      0.4417646391760742,
      0.5860724632511823,
      0.026241771384067962,
      0.02206420408428752,
      0.0960496106308621,
      0.0,
      0.0,
      0.0
    ],
    [
      0.0,
      0.38260808727356477,
      0.27871223005655993,
      0.0,
      0.08234473067112986,
      0.3445897580850437,
      3.249829031598924e-16,
      0.08312369716727998,
      0.0
    ],
    [
      0.0,
      0.3825417915104908,
      3.0671243364487606e-16,
      0.0,
      0.106330713619279,
      0.4030297668300535,
      0.2314849324434858,
      0.08312369716728003,
      0.0
    ],
    [
      4.784423928958834e-16,
      0.4365052279269038,
      0.0,
      0.0,
      0.10911785479508755,
      0.10799150054781553,
      0.47851062640358283,
      1.2231917435660345e-16,
      0.176164375866699
    ],
    [
      0.0,
      0.1766634088066595,
      0.0,
      0.0,
      0.1698408163212605,
      0.0,
      0.2894838440118032,
      0.08312369716727996,
      0.6574544012181829
    ],
    [
      0.6663313018082584,
      2.140232290350079e-17,
      0.0,
      0.0,
      0.1853478244432276,
      0.0,
      5.610231170339207e-15,
      0.11242726348168264,
      0.4927014941476974
    ],
    [
      1.279403392675656,
      5.834561839658778e-18,
      0.0,
      0.03599253729935075,
      0.12356521629548536,
      0.0,
      0.0,
      0.04465972423452279,
      1.3101273686712947e-17
    ],
    [
      0.916440313999495,
      0.0,
      6.360511870216698e-16,
      0.12094479837851461,
      0.03808924053722079,
      4.6737869558978767e-17,
      0.3067148224986033,
      0.0,
      0.0
    ],
    [
      0.7705168098539281,
      0.0,
      0.1860637628395732,
      0.14276152789481958,
      2.2906681387224523e-17,
      0.0,
      0.2143022161970431,
      0.0,
      0.0
    ],
    [
      0.4371118921524577,
      0.0,
      0.433011352609544,
      0.13176142411435146,
      0.0,
      3.505340216923395e-17,
      0.0,
      0.04077927246151759,
      0.1994606313468615
    ],
    [
      0.0,
      8.962222715840934e-16,
      0.340526509317914,
      0.1400876202167718,
      0.0,
      0.2866962961807723,
      0.0,
      0.11742428153396879,
      0.22492588814563577
    ]
  ],
  "B": [
    [
      0.0,
      0.0,
      0.0,
      0.0,
      7.924225877382474e-17,
      0.02554162877988279,
      0.0726727539664661,
      0.1255806490675791,
      0.10957381321785281,
      0.07820134788914865,
      0.03986947983086708,
      0.016755253211626655
    ],
    [
      0.04102160320901347,
      0.0918781290847136,
      0.25165228779902216,
      0.2528740219893614,
      0.1464868099033245,
      0.05700175672543853,
      0.0,
      0.0,
      0.0,
      0.0,
      0.0,
      3.628744261968657e-16
    ],
    [
      0.1942878252773475,
      0.18201273879033064,
      0.0600038906783607,
      0.0,
      0.0,
      0.0,
      9.552996729064195e-18,
      0.0,
      1.910599345812839e-17,
      0.040057623888138785,
      0.10943946369288012,
      0.17117442217172266
    ],
    [
      0.3101906818009061,
      2.1536249743297344e-15,
      0.0,
      0.0,
      0.0,
      0.0,
      2.2314668408717615e-16,
      0.0,
      0.42544954459165635,
      0.6931695309867447,
      0.7314246050330224,
      0.5620592595159104
    ],
    [
      0.0,
      0.0,
      7.856588542317068e-17,
      0.29311557613547234,
      0.6744077000930069,
      0.7471516358113554,
      0.5060028289250931,
      8.161798714149878e-15,
      0.0,
      1.57131770846341e-17,
      0.0,
      0.0
    ],
    [
      0.16005818080583667,
      0.2020362584500364,
      0.09541326393677019,
      0.07102409871236506,
      0.038942078545689485,
      0.0,
      0.0,
      0.0,
      0.0,
      0.0,
      0.0,
      0.10338359619039277
    ],
    [
      0.013532822325144724,
      0.03640042432145771,
      0.0,
      4.1453188406459537e-16,
      0.052097219910990776,
      0.1025953568324389,
      0.127566365243075,
      0.13176718095672643,
      0.04823013561522362,
      0.0,
      0.0,
      0.0
    ],
    [
      0.0,
      0.0,
      0.2499914604488241,
      0.1219841186950271,
      4.3472544749985243e-16,
      0.0,
      0.0,
      0.13431247724895595,
      0.0,
      6.310928003464034e-16,
      0.13431247724896478,
      0.0
    ],
    [
      0.0,
      0.022659865694020245,
      0.027523380861822416,
      0.03103432507251517,
      9.750767223598273e-17,
      0.0,
      0.04963657041292319,
      0.11512734589223386,
      0.10551528463371905,
      0.06337575136688321,
      0.0,
      0.0
    ]
  ],
  "M": [
    [
      0.16666666666666666,
      0.15550211698203656,
      0.12500000000000003,
      0.08333333333333336,
      0.041666666666666685,
      0.01116454968463011,
      0.0,
      0.0111645496846301,
      0.04166666666666663,
      0.08333333333333331,
      0.12500000000000003,
      0.15550211698203653
    ],
    [
      0.15550211698203656,
      0.16666666666666666,
      0.15550211698203656,
      0.12500000000000003,
      0.08333333333333337,
      0.04166666666666666,
      0.011164549684630114,
      0.0,
      0.011164549684630092,
      0.041666666666666664,
      0.08333333333333336,
      0.12499999999999999
    ],
    [
      0.12500000000000003,
      0.15550211698203656,
      0.16666666666666666,
      0.15550211698203653,
      0.12500000000000003,
      0.08333333333333331,
      0.041666666666666664,
      0.01116454968463012,
      0.0,
      0.01116454968463011,
      0.041666666666666706,
      0.08333333333333331
    ],
    [
      0.08333333333333336,
      0.12500000000000003,
      0.15550211698203653,
      0.16666666666666666,
      0.15550211698203656,
      0.12499999999999999,
      0.08333333333333331,
      0.041666666666666664,
      0.011164549684630131,
      0.0,
      0.011164549684630126,
      0.04166666666666663
    ],
    [
      0.041666666666666685,
      0.08333333333333337,
      0.12500000000000003,
      0.15550211698203656,
      0.16666666666666666,
      0.15550211698203653,
      0.12499999999999999,
      0.08333333333333331,
      0.041666666666666706,
      0.011164549684630114,
      0.0,
      0.0111645496846301
    ],
    [
      0.01116454968463011,
      0.04166666666666666,
      0.08333333333333331,
      0.12499999999999999,
      0.15550211698203653,
      0.16666666666666666,
      0.15550211698203656,
      0.12500000000000006,
      0.08333333333333337,
      0.041666666666666685,
      0.01116454968463011,
      0.0
    ],
    [
      0.0,
      0.011164549684630114,
      0.041666666666666664,
      0.08333333333333331,
      0.12499999999999999,
      0.15550211698203656,
      0.16666666666666666,
      0.15550211698203656,
      0.12500000000000006,
      0.08333333333333336,
      0.04166666666666665,
      0.011164549684630131
    ],
    [
      0.0111645496846301,
      0.0,
      0.01116454968463012,
      0.041666666666666664,
      0.08333333333333331,
      0.12500000000000006,
      0.15550211698203656,
      0.16666666666666666,
      0.15550211698203656,
      0.12499999999999999,
      0.0833333333333333,
      0.041666666666666685
    ],
    [
      0.04166666666666663,
      0.011164549684630092,
      0.0,
      0.011164549684630131,
      0.041666666666666706,
      0.08333333333333337,
      0.12500000000000006,
      0.15550211698203656,
      0.16666666666666666,
      0.15550211698203653,
      0.12499999999999999,
      0.08333333333333331
    ],
    [
      0.08333333333333331,
      0.041666666666666664,
      0.01116454968463011,
      0.0,
      0.011164549684630114,
      0.041666666666666685,
      0.08333333333333336,
      0.12499999999999999,
      0.15550211698203653,
      0.16666666666666666,
      0.15550211698203653,
      0.12500000000000003
    ],
    [
      0.12500000000000003,
      0.08333333333333336,
      0.041666666666666706,
      0.011164549684630126,
      0.0,
      0.01116454968463011,
      0.04166666666666665,
      0.0833333333333333,
      0.12499999999999999,
      0.15550211698203653,
      0.16666666666666666,
      0.15550211698203661
    ],
    [
      0.15550211698203653,
      0.12499999999999999,
      0.08333333333333331,
      0.04166666666666663,
      0.0111645496846301,
      0.0,
      0.011164549684630131,
      0.041666666666666685,
      0.08333333333333331,
      0.12500000000000003,
      0.15550211698203661,
      0.16666666666666666
    ]
  ],
  "score": 1.6500065696933208e-16
}