{
  "k": 9,
  "M_approx": [
    [
      0.16666666666666666,
      0.15550211698203656,
      0.125,
      0.08333333333333331,
      0.04166666666666665,
      0.011164549684630168,
      1.2127033974444265e-16,
      0.011164549684630185,
      0.04166666666666656,
      0.08333333333333331,
      0.12500000000000006,
      0.15550211698203653
    ],
    [
      0.1555021169820366,
      0.16666666666666666,
      0.1555021169820366,
      0.12500000000000006,
      0.08333333333333338,
      0.04166666666666669,
      0.011164549684630104,
      1.9076194968239044e-17,
      0.01116454968463015,
      0.04166666666666669,
      0.08333333333333337,
      0.12499999999999999
    ],
    [
      0.12500000000000006,
      0.15550211698203653,
      0.1666666666666667,
      0.15550211698203656,
      0.12499999999999997,
      0.08333333333333336,
      0.04166666666666666,
      0.011164549684630097,
      1.0259320084893889e-16,
      0.011164549684630149,
      0.0416666666666667,
      0.08333333333333331
    ],
    [
      0.08333333333333337,
      0.12499999999999999,
      0.1555021169820366,
      0.16666666666666669,
      0.15550211698203656,
      0.125,
      0.08333333333333333,
      0.04166666666666669,
      0.011164549684630173,
      2.2608011190513647e-17,
      0.011164549684630124,
      0.04166666666666664
    ],
    [
      0.0416666666666667,
      0.0833333333333334,
      0.12500000000000003,
      0.15550211698203656,
      0.1666666666666666,
      0.15550211698203648,
      0.12499999999999994,
      0.08333333333333333,
      0.04166666666666666,
      0.01116454968463012,
      3.180318543826887e-17,
      0.011164549684630109
    ],
    [
      0.01116454968463015,
      0.04166666666666665,
      0.08333333333333331,
      0.125,
      0.15550211698203653,
      0.16666666666666666,
      0.15550211698203656,
      0.12500000000000006,
      0.08333333333333338,
      0.041666666666666685,
      0.011164549684630123,
      5.616252226662839e-17
    ],
    [
      2.82697179958996e-17,
      0.011164549684630145,
      0.04166666666666666,
      0.08333333333333329,
      0.12499999999999994,
      0.15550211698203653,
      0.16666666666666669,
      0.1555021169820366,
      0.12500000000000006,
      0.0833333333333333,
      0.04166666666666662,
      0.011164549684630161
    ],
    [
      0.011164549684630121,
      1.5997599483122357e-16,
      0.011164549684630171,
      0.04166666666666662,
      0.08333333333333326,
      0.12500000000000003,
      0.1555021169820366,
      0.16666666666666663,
      0.1555021169820366,
      0.12499999999999997,
      0.08333333333333329,
      0.041666666666666664
    ],
    [
      0.04166666666666663,
      0.011164549684630072,
      1.4810057731389275e-16,
      0.01116454968463013,
      0.04166666666666678,
      0.08333333333333331,
      0.12500000000000006,
      0.1555021169820366,
      0.16666666666666663,
      0.15550211698203653,
      0.12499999999999999,
      0.08333333333333336
    ],
    [
      0.08333333333333331,
      0.041666666666666664,
      0.011164549684630085,
      8.609334777385428e-17,
      0.011164549684630029,
      0.04166666666666668,
      0.08333333333333331,
      0.12499999999999993,
      0.15550211698203656,
      0.16666666666666663,
      0.15550211698203656,
      0.12500000000000006
    ],
    [
      0.125,
      0.08333333333333338,
      0.04166666666666674,
      0.011164549684630168,
      5.4118578966426234e-17,
      0.01116454968463014,
      0.041666666666666616,
      0.0833333333333333,
      0.12499999999999999,
      0.15550211698203653,
      0.16666666666666669,
      0.15550211698203661
    ],
    [
      0.15550211698203653,
      0.12499999999999996,
      0.08333333333333336,
      0.041666666666666644,
      0.01116454968463021,
      6.809753878011543e-17,
      0.011164549684630092,
      0.041666666666666685,
      0.08333333333333331,
      0.12500000000000003,
      0.15550211698203661,
      0.16666666666666669
    ]
  ],
  "A": [
    [
      0.08726240279998278,
      0.17330110961671483,
      0.0,
      0.1604365521194586,
      0.0,
      0.046186859311494306,
      0.0,
      0.370415580443392,
      0.0
    ],
    [
      0.0,
      0.31019130839128267,
      3.146173269499398e-17,
      0.09262808655402505,
      0.0,
      0.0339187336034629,
      0.09679866908510042,
      0.2269778761868022,
      0.0
    ],
    [
      0.0,
      0.42606243017252415,
      0.04889861151685496,
      0.02481962098859121,
      0.0,
      1.3857926178105267e-15,
      0.19359733817020286,
      1.4295996605524779e-16,
      0.0
    ],
    [
      0.0,
      0.31019130839128334,
      0.18249210260047583,
      3.502996447837595e-17,
      0.0,
      0.12548927051550537,
      0.09679866908510143,
      0.06135028185782916,
      0.0
    ],
    [
      0.08726240279998193,
      0.1733011096167141,
      0.3160855936840965,
      0.0,
      0.0,
      0.20479168171951534,
      2.364167058899371e-17,
      0.0835401719302073,
      6.092767745319358e-17
    ],
    [
      0.19202664422661386,
      0.07614101631169222,
      0.28395345773018504,
      0.0,
      0.0,
      0.2335299813216378,
      0.0,
      0.0,
      0.12499326709868112
    ],
    [
      0.2649900590008167,
      1.1316363531858705e-17,
      0.3075371799079274,
      0.0,
      0.17124311493916938,
      0.16392064688777833,
      0.0,
      0.0,
      0.10626127640085119
    ],
    [
      0.31140674644052097,
      0.0,
      0.32974731055755785,
      0.0,
      0.4179145883938346,
      4.0726396496233985e-15,
      0.04170665344902596,
      0.0,
      0.0
    ],
    [
      0.23123407479432878,
      0.0,
      1.2813505679415716e-16,
      2.15517907328544e-15,
      0.4527455812505218,
      0.0,
      0.15565134968542918,
      0.0,
      0.24607875842325005
    ],
    [
      0.47135503946238766,
      1.574450578345559e-17,
      7.505053326514875e-16,
      0.16737087242701812,
      5.4664806133325205e-17,
      2.1848950162033328e-17,
      0.04170665344902365,
      5.360998727071817e-17,
      0.22714722638454907
    ],
    [
      0.25570479017730735,
      0.0,
      0.0,
      0.1560976070370384,
      0.19550376333491282,
      0.0,
      0.0,
      0.29649037037917675,
      0.09307499588702066
    ],
    [
      0.10401121903356358,
      0.07614101631169437,
      0.0,
      0.14412714350455483,
      0.229967632019901,
      0.0,
      0.0,
      0.4223957870547882,
      5.145003873825235e-16
    ]
  ],
  "B": [
    [
      0.0,
      0.0,
      0.0,
      0.0,
      2.0737050362561773e-16,
      0.0,
      6.803484837051719e-16,
      0.12794226753325624,
      0.27604945622421273,
      0.12794226753325674,
      0.0,
      0.0
    ],
    [
      0.146629901010603,
      0.3540597379099144,
      0.38340732960455315,
      0.35405973790991435,
      0.1466299010105995,
      0.0,
      0.0,
      0.0,
      0.0,
      0.0,
      6.277078486728219e-17,
      7.376119335828208e-16
    ],
    [
      0.0,
      0.0,
      0.03385789459738628,
      0.0951062714794682,
      0.21886087115213704,
      0.3353481204513265,
      0.39546250287169865,
      0.22832038248737924,
      0.0,
      1.2404275154896194e-17,
      0.0,
      0.0
    ],
    [
      0.4311908195386442,
      0.1873745221181686,
      0.066705451926818,
      0.0,
      0.0,
      0.0,
      0.0,
      1.283934556789735e-16,
      0.0,
      0.4498275654476004,
      0.7791241980002593,
      0.6606892777450096
    ],
    [
      9.345886505662033e-17,
      0.0,
      0.0,
      0.024659654664751632,
      0.0,
      2.7752123129219652e-17,
      0.048548352594523746,
      0.12331837835404617,
      0.16639393764605198,
      0.20376870561645627,
      0.18789240689856157,
      0.0651970719441546
    ],
    [
      0.0,
      0.038698568579192655,
      0.19066606823461044,
      0.30418268643729485,
      0.35195166679140805,
      0.24172567373187245,
      1.3402404328366898e-15,
      0.0,
      0.07003757274508036,
      3.655201180463687e-17,
      0.0,
      0.0
    ],
    [
      0.26769229274833667,
      5.684153140771117e-17,
      0.0,
      0.0,
      0.2676922927483436,
      0.3457448149913578,
      0.11533784286656613,
      0.0,
      0.0,
      0.0,
      0.11533784286656518,
      0.34574481499135595
    ],
    [
      0.19458353679378054,
      0.16817349807717263,
      0.10541355931592611,
      0.021395279674747254,
      0.0,
      0.0,
      0.0,
      0.0,
      0.03872167657971794,
      0.0,
      1.5269331388085742e-16,
      0.13364288613096548
    ],
    [
      9.981259325775468e-17,
      0.04536982288177381,
      0.0,
      0.0,
      1.174265803032408e-17,
      0.1199521910071557,
      0.34569199519259525,
      0.2848098498391128,
      0.1117548959498491,
      0.13679410718989157,
      0.08932120860410665,
      0.0
    ]
  ],
  "M": [
    [
      0.16666666666666666,
      0.15550211698203656,
      0.12500000000000003,
      0.08333333333333336,
      0.041666666666666685,
      0.01116454968463011,
      0.0,
      0.0111645496846301,
      0.04166666666666663,
      0.08333333333333331,
      0.12500000000000003,
      0.15550211698203653
    ],
    [
      0.15550211698203656,
      0.16666666666666666,
      0.15550211698203656,
      0.12500000000000003,
      0.08333333333333337,
      0.04166666666666666,
      0.011164549684630114,
      0.0,
      0.011164549684630092,
      0.041666666666666664,
      0.08333333333333336,
      0.12499999999999999
    ],
    [
      0.12500000000000003,
      0.15550211698203656,
      0.16666666666666666,
      0.15550211698203653,
      0.12500000000000003,
      0.08333333333333331,
      0.041666666666666664,
      0.01116454968463012,
      0.0,
      0.01116454968463011,
      0.041666666666666706,
      0.08333333333333331
    ],
    [
      0.08333333333333336,
      0.12500000000000003,
      0.15550211698203653,
      0.16666666666666666,
      0.15550211698203656,
      0.12499999999999999,
      0.08333333333333331,
      0.041666666666666664,
      0.011164549684630131,
      0.0,
      0.011164549684630126,
      0.04166666666666663
    ],
    [
      0.041666666666666685,
      0.08333333333333337,
      0.12500000000000003,
      0.15550211698203656,
      0.16666666666666666,
      0.15550211698203653,
      0.12499999999999999,
      0.08333333333333331,
      0.041666666666666706,
      0.011164549684630114,
      0.0,
      0.0111645496846301
    ],
    [
      0.01116454968463011,
      0.04166666666666666,
      0.08333333333333331,
      0.12499999999999999,
      0.15550211698203653,
      0.16666666666666666,
      0.15550211698203656,
      0.12500000000000006,
      0.08333333333333337,
      0.041666666666666685,
      0.01116454968463011,
      0.0
    ],
    [
      0.0,
      0.011164549684630114,
      0.041666666666666664,
      0.08333333333333331,
      0.12499999999999999,
      0.15550211698203656,
      0.16666666666666666,
      0.15550211698203656,
      0.12500000000000006,
      0.08333333333333336,
      0.04166666666666665,
      0.011164549684630131
    ],
    [
      0.0111645496846301,
      0.0,
      0.01116454968463012,
      0.041666666666666664,
      0.08333333333333331,
      0.12500000000000006,
      0.15550211698203656,
      0.16666666666666666,
      0.15550211698203656,
      0.12499999999999999,
      0.0833333333333333,
      0.041666666666666685
    ],
    [
      0.04166666666666663,
      0.011164549684630092,
      0.0,
      0.011164549684630131,
      0.041666666666666706,
      0.08333333333333337,
      0.12500000000000006,
      0.15550211698203656,
      0.16666666666666666,
      0.15550211698203653,
      0.12499999999999999,
      0.08333333333333331
    ],
    [
      0.08333333333333331,
      0.041666666666666664,
      0.01116454968463011,
      0.0,
      0.011164549684630114,
      0.041666666666666685,
      0.08333333333333336,
      0.12499999999999999,
      0.15550211698203653,
      0.16666666666666666,
      0.15550211698203653,
      0.12500000000000003
    ],
    [
      0.12500000000000003,
      0.08333333333333336,
      0.041666666666666706,
      0.011164549684630126,
      0.0,
      0.01116454968463011,
      0.04166666666666665,
      0.0833333333333333,
      0.12499999999999999,
      0.15550211698203653,
      0.16666666666666666,
      0.15550211698203661
    ],
    [
      0.15550211698203653,
      0.12499999999999999,
      0.08333333333333331,
      0.04166666666666663,
      0.0111645496846301,
      0.0,
      0.011164549684630131,
      0.041666666666666685,
      0.08333333333333331,
      0.12500000000000003,
      0.15550211698203661,
      0.16666666666666666
    ]
  ],
  "score": 1.704191835798237e-16
}