{
  "k": 8,
  "M_approx": [
    [
      0.15384615384615385,
      0.14503507889640074,
      0.12062036513316582,
      0.08619512925040954,
      0.04964577791980493,
      0.019345327063761412,
      0.0022352448133806367,
      0.0022352448133805838,
      0.019345327063761422,
      0.04964577791980491,
      0.08619512925040945,
      0.12062036513316574,
      0.14503507889640077
    ],
    [
      0.14503507889640077,
      0.15384615384615383,
      0.1450350788964008,
      0.12062036513316578,
      0.08619512925040941,
      0.04964577791980489,
      0.019345327063761464,
      0.0022352448133806085,
      0.0022352448133806566,
      0.019345327063761426,
      0.04964577791980495,
      0.08619512925040934,
      0.12062036513316585
    ],
    [
      0.1206203651331658,
      0.1450350788964007,
      0.1538461538461538,
      0.14503507889640074,
      0.12062036513316583,
      0.08619512925040951,
      0.04964577791980504,
      0.019345327063761488,
      0.002235244813380647,
      0.0022352448133806067,
      0.01934532706376147,
      0.049645777919804845,
      0.0861951292504095
    ],
    [
      0.08619512925040945,
      0.1206203651331658,
      0.14503507889640077,
      0.15384615384615383,
      0.14503507889640077,
      0.12062036513316585,
      0.0861951292504095,
      0.04964577791980501,
      0.01934532706376149,
      0.0022352448133806245,
      0.0022352448133806197,
      0.019345327063761363,
      0.04964577791980492
    ],
    [
      0.04964577791980499,
      0.08619512925040948,
      0.12062036513316586,
      0.14503507889640074,
      0.15384615384615385,
      0.14503507889640074,
      0.1206203651331658,
      0.0861951292504095,
      0.049645777919804984,
      0.019345327063761485,
      0.0022352448133806284,
      0.002235244813380608,
      0.019345327063761478
    ],
    [
      0.019345327063761443,
      0.04964577791980494,
      0.0861951292504095,
      0.12062036513316586,
      0.14503507889640074,
      0.15384615384615388,
      0.14503507889640074,
      0.12062036513316586,
      0.08619512925040952,
      0.04964577791980502,
      0.01934532706376146,
      0.002235244813380621,
      0.0022352448133806015
    ],
    [
      0.002235244813380626,
      0.019345327063761433,
      0.04964577791980495,
      0.08619512925040944,
      0.12062036513316583,
      0.14503507889640085,
      0.15384615384615385,
      0.14503507889640077,
      0.12062036513316587,
      0.08619512925040951,
      0.04964577791980496,
      0.019345327063761537,
      0.0022352448133806627
    ],
    [
      0.0022352448133806145,
      0.0022352448133805816,
      0.01934532706376148,
      0.0496457779198049,
      0.08619512925040947,
      0.12062036513316585,
      0.14503507889640072,
      0.15384615384615385,
      0.14503507889640072,
      0.12062036513316583,
      0.08619512925040944,
      0.04964577791980501,
      0.019345327063761426
    ],
    [
      0.01934532706376145,
      0.002235244813380565,
      0.0022352448133807915,
      0.019345327063761446,
      0.04964577791980497,
      0.08619512925040952,
      0.12062036513316583,
      0.14503507889640077,
      0.15384615384615388,
      0.14503507889640077,
      0.12062036513316582,
      0.08619512925040952,
      0.04964577791980494
    ],
    [
      0.04964577791980488,
      0.019345327063761422,
      0.0022352448133807143,
      0.002235244813380814,
      0.019345327063761502,
      0.049645777919805,
      0.0861951292504095,
      0.12062036513316583,
      0.14503507889640077,
      0.15384615384615385,
      0.1450350788964007,
      0.12062036513316582,
      0.08619512925040937
    ],
    [
      0.08619512925040948,
      0.04964577791980495,
      0.01934532706376142,
      0.00223524481338071,
      0.002235244813380583,
      0.019345327063761453,
      0.04964577791980496,
      0.08619512925040944,
      0.12062036513316579,
      0.14503507889640077,
      0.15384615384615385,
      0.14503507889640083,
      0.1206203651331659
    ],
    [
      0.12062036513316575,
      0.0861951292504094,
      0.04964577791980489,
      0.019345327063761415,
      0.002235244813380599,
      0.002235244813380618,
      0.019345327063761537,
      0.049645777919805026,
      0.0861951292504095,
      0.12062036513316589,
      0.14503507889640085,
      0.15384615384615383,
      0.1450350788964007
    ],
    [
      0.14503507889640074,
      0.12062036513316587,
      0.08619512925040951,
      0.04964577791980498,
      0.019345327063761478,
      0.002235244813380586,
      0.002235244813380637,
      0.019345327063761426,
      0.04964577791980488,
      0.08619512925040941,
      0.12062036513316587,
      0.1450350788964007,
      0.1538461538461538
    ]
  ],
  "A": [
    [
      0.5670022559713007,
      1.4739587495076501e-16,
      2.2765384743552406e-14,
      0.2035610041865164,
      0.20568739440353326,
      2.467290560939283e-14,
      0.0262673354042575,
      3.4203781254244278e-15
    ],
    [
      0.4891925169126067,
      0.0,
      7.049433299199142e-17,
      0.02352034045818197,
      0.2819200830958588,
      1.471882685380989e-16,
      0.22733536454200998,
      0.0
    ],
    [
      0.45564489605030095,
      1.6736064155875553e-14,
      0.19064248329727113,
      4.4659035619744304e-14,
      0.24678050846209537,
      8.575654670738289e-14,
      0.03000191225689037,
      0.013411084639720185
    ],
    [
      0.1880296690391836,
      0.008776526304453455,
      2.545972345409384e-13,
      8.353475497914191e-16,
      0.2873401978498124,
      8.896960668801328e-17,
      5.851764515133472e-17,
      0.1573847598530766
    ],
    [
      0.003404955439812132,
      0.07940330238879045,
      0.02101911397472128,
      5.764386600899863e-16,
      0.24294685639360214,
      0.003583655153359061,
      5.266588063620078e-15,
      0.18178949246191745
    ],
    [
      1.1602033055411274e-13,
      0.2129854702720412,
      0.3928389854416197,
      1.1406646367034848e-15,
      0.08645680318578237,
      0.0005939740153631229,
      4.8050301374890933e-14,
      0.02160065848554158
    ],
    [
      0.0,
      0.26789373827212404,
      0.371554214993176,
      0.0,
      0.002190485139654156,
      0.09657626619720837,
      0.0,
      0.02172119172843645
    ],
    [
      1.8667323873781344e-13,
      0.24586247594597882,
      0.009042659982315028,
      0.0009789284631465517,
      0.003375135370274893,
      0.24887173454458972,
      0.026769620806099223,
      0.15299162599943547
    ],
    [
      0.0,
      0.3242490873863602,
      6.226083687494043e-16,
      1.1479922467893783e-16,
      0.0,
      0.19261314300382126,
      0.37372163785858026,
      0.02029293621587824
    ],
    [
      7.04190130098769e-14,
      0.29738432288146494,
      0.0,
      0.31962793310775534,
      0.0,
      2.0114867599029098e-16,
      0.17250190923718703,
      0.0
    ],
    [
      0.2608404100083001,
      0.20644184247425396,
      0.0,
      0.3695278090695128,
      2.144736762681391e-17,
      0.04249904075024738,
      0.0,
      0.0
    ],
    [
      0.7679523420833633,
      0.08044359721306003,
      0.0,
      0.04269688053864642,
      0.0,
      0.3678155691439387,
      2.544869759683757e-17,
      2.675788201249315e-17
    ],
    [
      0.8644267316790182,
      0.007046920545299075,
      0.0005372327304467182,
      1.691963487858241e-13,
      0.07584640650046225,
      0.337210715337772,
      0.0014188887045205783,
      0.0005752262368363423
    ]
  ],
  "B": [
    [
      0.1499850167553046,
      0.10822904751092027,
      0.06425813732363236,
      0.0,
      0.002148762441630305,
      1.397955904805502e-16,
      0.0,
      0.0027505779673784193,
      8.030392767773183e-17,
      0.001039992765588945,
      0.011887724021371733,
      0.09718528958169613,
      0.17768451578888858
    ],
    [
      3.588946096220343e-15,
      1.2171623099537221e-14,
      0.0,
      0.0,
      0.006919697381165229,
      7.643492037633458e-16,
      0.24048311778652737,
      0.40122035756787944,
      0.3855596123595165,
      0.23240348710783396,
      6.267008197171177e-15,
      0.0008049119467886996,
      0.0
    ],
    [
      0.004826057655161214,
      0.049574669578851725,
      0.12480501205331454,
      0.20325821828304147,
      0.2883477615671247,
      0.3473453102712859,
      0.20943767001506397,
      0.07346337946866953,
      0.004590456427771787,
      1.0262112993078148e-13,
      0.04875125923578999,
      0.004437622906689557,
      0.0
    ],
    [
      0.12738682943344679,
      0.05776102676266447,
      0.006993271181410253,
      0.0,
      0.0006663792394488353,
      0.052351478262146596,
      2.9509537345528295e-15,
      0.002430199502568439,
      0.09503454328625702,
      0.23341393464084967,
      0.3703901648910331,
      0.3027308539464101,
      0.20099451613584574
    ],
    [
      0.20182869164509978,
      0.34895950479450294,
      0.4023693296417743,
      0.41740410337520994,
      0.22214191489264976,
      0.017876100222869295,
      0.0,
      0.0004897006164856916,
      0.0,
      8.597725520252577e-17,
      4.360512501367093e-16,
      0.001435406042416338,
      0.00014717418087730198
    ],
    [
      0.0,
      0.0016697582293755495,
      0.0,
      0.0525951827128637,
      7.93993056838055e-15,
      1.9318565859886978e-17,
      3.0233555570720898e-15,
      0.041200252581007214,
      0.13898717955137227,
      0.24784236587380298,
      0.3264988729232108,
      0.18004150865939478,
      2.7045992203842306e-16
    ],
    [
      0.05176400053956929,
      0.005120461966617932,
      0.0,
      0.01295779752969216,
      0.09898165301504443,
      0.1907966310244415,
      0.08509598628763498,
      0.003054813305356194,
      0.0,
      0.05870883837912086,
      0.15447965861175347,
      0.1369246283040869,
      0.12725463497172054
    ],
    [
      0.0,
      1.4982535122974665e-13,
      0.11014891041897339,
      0.21545400095028858,
      0.5130103778719248,
      0.7337676345922097,
      0.5342608961618721,
      0.2888879202996095,
      0.10141676359802905,
      9.486646699067705e-14,
      0.0,
      0.004143317572480825,
      0.10289133572715624
    ]
  ],
  "M": [
    [
      0.15384615384615385,
      0.14503507889640074,
      0.12062036513316585,
      0.08619512925040945,
      0.04964577791980497,
      0.019345327063761446,
      0.0022352448133806115,
      0.0022352448133806076,
      0.019345327063761433,
      0.049645777919804915,
      0.0861951292504095,
      0.12062036513316574,
      0.14503507889640074
    ],
    [
      0.14503507889640074,
      0.1538461538461538,
      0.14503507889640074,
      0.12062036513316585,
      0.08619512925040945,
      0.04964577791980493,
      0.019345327063761446,
      0.0022352448133806176,
      0.002235244813380607,
      0.019345327063761422,
      0.04964577791980497,
      0.08619512925040936,
      0.12062036513316585
    ],
    [
      0.12062036513316585,
      0.14503507889640074,
      0.15384615384615385,
      0.14503507889640074,
      0.12062036513316586,
      0.08619512925040945,
      0.04964577791980493,
      0.019345327063761464,
      0.0022352448133806215,
      0.002235244813380603,
      0.019345327063761464,
      0.04964577791980485,
      0.08619512925040945
    ],
    [
      0.08619512925040945,
      0.12062036513316585,
      0.14503507889640074,
      0.15384615384615385,
      0.14503507889640074,
      0.1206203651331658,
      0.08619512925040944,
      0.04964577791980497,
      0.01934532706376147,
      0.0022352448133806254,
      0.002235244813380615,
      0.019345327063761387,
      0.04964577791980497
    ],
    [
      0.04964577791980497,
      0.08619512925040945,
      0.12062036513316586,
      0.14503507889640074,
      0.15384615384615385,
      0.14503507889640074,
      0.1206203651331658,
      0.08619512925040945,
      0.04964577791980497,
      0.019345327063761464,
      0.002235244813380605,
      0.0022352448133805946,
      0.01934532706376147
    ],
    [
      0.019345327063761446,
      0.04964577791980493,
      0.08619512925040945,
      0.1206203651331658,
      0.14503507889640074,
      0.15384615384615385,
      0.14503507889640072,
      0.12062036513316585,
      0.08619512925040951,
      0.049645777919805005,
      0.01934532706376146,
      0.0022352448133806375,
      0.002235244813380615
    ],
    [
      0.0022352448133806115,
      0.019345327063761446,
      0.04964577791980493,
      0.08619512925040944,
      0.1206203651331658,
      0.14503507889640072,
      0.15384615384615385,
      0.14503507889640074,
      0.12062036513316586,
      0.08619512925040951,
      0.049645777919804956,
      0.01934532706376152,
      0.0022352448133806106
    ],
    [
      0.0022352448133806076,
      0.0022352448133806176,
      0.019345327063761464,
      0.04964577791980497,
      0.08619512925040945,
      0.12062036513316585,
      0.14503507889640074,
      0.15384615384615385,
      0.14503507889640074,
      0.12062036513316585,
      0.08619512925040944,
      0.049645777919805005,
      0.019345327063761422
    ],
    [
      0.019345327063761433,
      0.002235244813380607,
      0.0022352448133806215,
      0.01934532706376147,
      0.04964577791980497,
      0.08619512925040951,
      0.12062036513316586,
      0.14503507889640074,
      0.15384615384615385,
      0.1450350788964008,
      0.1206203651331658,
      0.08619512925040951,
      0.049645777919804915
    ],
    [
      0.049645777919804915,
      0.019345327063761422,
      0.002235244813380603,
      0.0022352448133806254,
      0.019345327063761464,
      0.049645777919805005,
      0.08619512925040951,
      0.12062036513316585,
      0.1450350788964008,
      0.15384615384615385,
      0.14503507889640074,
      0.12062036513316586,
      0.08619512925040938
    ],
    [
      0.0861951292504095,
      0.04964577791980497,
      0.019345327063761464,
      0.002235244813380615,
      0.002235244813380605,
      0.01934532706376146,
      0.049645777919804956,
      0.08619512925040944,
      0.1206203651331658,
      0.14503507889640074,
      0.1538461538461539,
      0.14503507889640083,
      0.12062036513316585
    ],
    [
      0.12062036513316574,
      0.08619512925040936,
      0.04964577791980485,
      0.019345327063761387,
      0.0022352448133805946,
      0.0022352448133806375,
      0.01934532706376152,
      0.049645777919805005,
      0.08619512925040951,
      0.12062036513316586,
      0.14503507889640083,
      0.1538461538461538,
      0.1450350788964007
    ],
    [
      0.14503507889640074,
      0.12062036513316585,
      0.08619512925040945,
      0.04964577791980497,
      0.01934532706376147,
      0.002235244813380615,
      0.0022352448133806106,
      0.019345327063761422,
      0.049645777919804915,
      0.08619512925040938,
      0.12062036513316585,
      0.1450350788964007,
      0.1538461538461538
    ]
  ],
  "score": 1.6748421559887615e-16
}