{
  "k": 6,
  "M_approx": [
    [
      0.15142857142857138,
      0.14442565565881393,
      0.12480392170286761,
      0.09644969461548229,
      0.06497887681308923,
      0.036624649725703826,
      0.017002915769757466,
      0.01,
      0.017002915769757508,
      0.036624649725703846,
      0.06497887681308918,
      0.09644969461548217,
      0.12480392170286751,
      0.14442565565881393
    ],
    [
      0.14442565565881396,
      0.15142857142857147,
      0.14442565565881388,
      0.1248039217028675,
      0.09644969461548215,
      0.0649788768130892,
      0.036624649725703846,
      0.017002915769757494,
      0.009999999999999974,
      0.017002915769757487,
      0.03662464972570377,
      0.06497887681308911,
      0.09644969461548226,
      0.12480392170286768
    ],
    [
      0.1248039217028676,
      0.144425655658814,
      0.15142857142857144,
      0.1444256556588139,
      0.12480392170286753,
      0.09644969461548225,
      0.06497887681308918,
      0.03662464972570383,
      0.017002915769757505,
      0.01000000000000004,
      0.0170029157697575,
      0.03662464972570379,
      0.06497887681308921,
      0.09644969461548228
    ],
    [
      0.0964496946154822,
      0.12480392170286755,
      0.1444256556588139,
      0.1514285714285714,
      0.1444256556588139,
      0.12480392170286755,
      0.09644969461548218,
      0.06497887681308918,
      0.0366246497257038,
      0.0170029157697575,
      0.010000000000000016,
      0.017002915769757505,
      0.03662464972570386,
      0.06497887681308924
    ],
    [
      0.06497887681308917,
      0.0964496946154822,
      0.12480392170286754,
      0.14442565565881388,
      0.1514285714285714,
      0.14442565565881388,
      0.12480392170286757,
      0.0964496946154823,
      0.06497887681308918,
      0.03662464972570382,
      0.017002915769757505,
      0.010000000000000012,
      0.017002915769757498,
      0.036624649725703895
    ],
    [
      0.036624649725703826,
      0.06497887681308918,
      0.09644969461548222,
      0.12480392170286758,
      0.14442565565881393,
      0.1514285714285714,
      0.14442565565881393,
      0.12480392170286764,
      0.09644969461548221,
      0.06497887681308917,
      0.03662464972570387,
      0.017002915769757543,
      0.01,
      0.017002915769757536
    ],
    [
      0.017002915769757515,
      0.03662464972570386,
      0.06497887681308921,
      0.0964496946154822,
      0.12480392170286757,
      0.14442565565881393,
      0.15142857142857144,
      0.14442565565881396,
      0.12480392170286762,
      0.09644969461548228,
      0.06497887681308925,
      0.036624649725703895,
      0.017002915769757525,
      0.00999999999999998
    ],
    [
      0.010000000000000018,
      0.017002915769757508,
      0.03662464972570385,
      0.06497887681308917,
      0.09644969461548222,
      0.1248039217028676,
      0.14442565565881396,
      0.15142857142857138,
      0.1444256556588139,
      0.12480392170286758,
      0.09644969461548226,
      0.06497887681308925,
      0.03662464972570388,
      0.017002915769757473
    ],
    [
      0.017002915769757532,
      0.010000000000000031,
      0.01700291576975752,
      0.03662464972570384,
      0.06497887681308918,
      0.09644969461548221,
      0.1248039217028676,
      0.14442565565881393,
      0.15142857142857144,
      0.1444256556588139,
      0.1248039217028676,
      0.09644969461548225,
      0.06497887681308917,
      0.0366246497257038
    ],
    [
      0.03662464972570386,
      0.017002915769757515,
      0.009999999999999993,
      0.01700291576975752,
      0.03662464972570386,
      0.06497887681308917,
      0.09644969461548225,
      0.1248039217028676,
      0.14442565565881393,
      0.15142857142857138,
      0.14442565565881396,
      0.12480392170286762,
      0.0964496946154822,
      0.06497887681308914
    ],
    [
      0.06497887681308917,
      0.036624649725703805,
      0.017002915769757453,
      0.009999999999999998,
      0.017002915769757522,
      0.036624649725703846,
      0.06497887681308925,
      0.09644969461548226,
      0.12480392170286761,
      0.14442565565881396,
      0.15142857142857147,
      0.14442565565881396,
      0.12480392170286753,
      0.09644969461548217
    ],
    [
      0.09644969461548217,
      0.06497887681308911,
      0.03662464972570374,
      0.017002915769757456,
      0.009999999999999992,
      0.01700291576975755,
      0.03662464972570393,
      0.06497887681308923,
      0.09644969461548226,
      0.12480392170286761,
      0.14442565565881396,
      0.1514285714285714,
      0.1444256556588139,
      0.12480392170286751
    ],
    [
      0.12480392170286761,
      0.09644969461548224,
      0.06497887681308913,
      0.036624649725703805,
      0.01700291576975747,
      0.010000000000000005,
      0.017002915769757543,
      0.03662464972570385,
      0.0649788768130892,
      0.09644969461548222,
      0.12480392170286757,
      0.1444256556588139,
      0.1514285714285714,
      0.14442565565881393
    ],
    [
      0.14442565565881396,
      0.12480392170286765,
      0.09644969461548224,
      0.0649788768130892,
      0.03662464972570384,
      0.017002915769757505,
      0.010000000000000007,
      0.017002915769757508,
      0.03662464972570381,
      0.06497887681308913,
      0.09644969461548214,
      0.1248039217028675,
      0.14442565565881388,
      0.15142857142857147
    ]
  ],
  "A": [
    [
      0.26590296859583307,
      0.05688312258067149,
      0.007855606287382142,
      0.1259300584726606,
      1.9001613730729314e-14,
      0.19112014873393987
    ],
    [
      0.13856183873422367,
      0.1396692441649726,
      0.0,
      0.1342608515815715,
      7.521635934017092e-16,
      0.1936361508405274
    ],
    [
      0.03218762895429031,
      0.1992529850227491,
      0.0032317952606735908,
      0.13965872480454322,
      0.04721116182811766,
      0.1683987698899835
    ],
    [
      0.0,
      0.18183409718433682,
      2.2879017431763248e-17,
      0.1640406217426411,
      0.18217211871850683,
      0.10138134849763564
    ],
    [
      1.6846625476619978e-14,
      0.1540539702017032,
      0.016388736977941402,
      0.16799273052497343,
      0.30308894856560864,
      0.03448274972855859
    ],
    [
      3.3951573927846106e-15,
      0.16346167815800994,
      0.06608220698923756,
      0.1277200012620958,
      0.33606628236450764,
      9.716124392242837e-16
    ],
    [
      0.00321903027361209,
      0.20398887191355308,
      0.13754484909617337,
      0.05350036168460341,
      0.27956760040360984,
      0.002857978731215897
    ],
    [
      0.07836374576609853,
      0.17702389794811618,
      0.18014862991654368,
      0.009611016072600348,
      0.2523862370257059,
      0.0014563799669299801
    ],
    [
      0.20391420862311652,
      0.09657693465956911,
      0.18894609913868737,
      0.0,
      0.24960761652853025,
      0.0
    ],
    [
      0.31783850440332057,
      0.02713047434814232,
      0.18174307631885023,
      1.8882207380719003e-14,
      0.2141121023680938,
      0.020769638895940218
    ],
    [
      0.3841294572274977,
      2.4971823671995217e-15,
      0.16703705476441405,
      2.466650213026104e-16,
      0.13207008265829825,
      0.06760651476207866
    ],
    [
      0.3992031227560708,
      0.008089313627487958,
      0.142719804659257,
      0.00682468707485071,
      0.03454341742483128,
      0.12558531455182026
    ],
    [
      0.3981938686034505,
      8.107734958439735e-16,
      0.09355718660183197,
      0.04637585820375516,
      5.611158910185949e-16,
      0.1606652875731118
    ],
    [
      0.35856456722885494,
      0.007035746466266663,
      0.041245779597076114,
      0.09456426748654682,
      3.735079724477379e-13,
      0.17935298387282542
    ]
  ],
  "B": [
    [
      0.0833826925770679,
      0.020331750183289168,
      1.664524541054311e-15,
      0.001061437841963395,
      2.6998880011447474e-15,
      0.001110974855725005,
      0.0005068062360246667,
      1.07334796246057e-14,
      0.03315132950680576,
      0.12270994615170153,
      0.19909562719773863,
      0.23457887911117872,
      0.23007038892676923,
      0.17580132128560705
    ],
    [
      3.8058397133346297e-13,
      0.05951411368092855,
      0.17605565790310523,
      0.2897042875856769,
      0.3441826855720142,
      0.33389628296816626,
      0.2535878468621863,
      0.12173700710844321,
      0.015482443650729861,
      5.333280151350228e-17,
      0.0006225439199871383,
      3.180367448485916e-16,
      0.008497603830566764,
      0.008037762055230394
    ],
    [
      1.8525355278806163e-15,
      0.00015504764952403867,
      1.2381742558793746e-15,
      0.0017880189593715502,
      0.0031252583110931713,
      0.03500034364018101,
      0.17538700744335733,
      0.3914680534543871,
      0.5347375449998751,
      0.5086444790579365,
      0.42572247079821546,
      0.2572994538836407,
      0.0912619158382084,
      4.982942501524195e-14
    ],
    [
      0.2867573548678471,
      0.4316988207178304,
      0.5298413768925422,
      0.5201678608414348,
      0.36032811126313685,
      0.13548176112664362,
      0.008461162041735013,
      5.016551909393193e-16,
      0.014487155668837673,
      1.2207699926960503e-16,
      0.026616749453494987,
      0.0,
      0.020201836668978575,
      0.12283941074618321
    ],
    [
      1.2081643035671522e-14,
      0.0003088084237185597,
      5.212424436101252e-15,
      0.03241734495274972,
      0.12478891126867166,
      0.2298138732790025,
      0.2687063392945649,
      0.23517834854737626,
      0.16881185259432588,
      0.09333434715128067,
      0.014850391737161345,
      0.0,
      5.6767358868709277e-14,
      9.781221839188968e-14
    ],
    [
      0.4873661730270464,
      0.42522444187088837,
      0.2514981851910594,
      0.0741384706372687,
      1.9813876881160893e-16,
      2.467728302471857e-15,
      3.701592453707785e-15,
      7.027621877440838e-14,
      0.006708518847316829,
      2.8369869170753094e-16,
      0.027768863547315035,
      0.1677124640944579,
      0.31332759159492274,
      0.42775801403040026
    ]
  ],
  "M": [
    [
      0.15142857142857144,
      0.14442565565881393,
      0.12480392170286758,
      0.09644969461548222,
      0.0649788768130892,
      0.03662464972570385,
      0.017002915769757508,
      0.01,
      0.0170029157697575,
      0.03662464972570383,
      0.06497887681308917,
      0.09644969461548217,
      0.12480392170286755,
      0.14442565565881396
    ],
    [
      0.14442565565881393,
      0.15142857142857144,
      0.14442565565881393,
      0.12480392170286755,
      0.09644969461548222,
      0.0649788768130892,
      0.03662464972570385,
      0.017002915769757508,
      0.01,
      0.0170029157697575,
      0.03662464972570381,
      0.06497887681308913,
      0.09644969461548221,
      0.12480392170286765
    ],
    [
      0.12480392170286758,
      0.14442565565881393,
      0.15142857142857144,
      0.14442565565881393,
      0.12480392170286755,
      0.09644969461548225,
      0.0649788768130892,
      0.03662464972570385,
      0.017002915769757508,
      0.01,
      0.017002915769757498,
      0.036624649725703784,
      0.06497887681308917,
      0.09644969461548226
    ],
    [
      0.09644969461548222,
      0.12480392170286755,
      0.14442565565881393,
      0.1514285714285714,
      0.1444256556588139,
      0.12480392170286755,
      0.09644969461548221,
      0.06497887681308918,
      0.03662464972570383,
      0.017002915769757505,
      0.01,
      0.017002915769757477,
      0.03662464972570383,
      0.06497887681308924
    ],
    [
      0.0649788768130892,
      0.09644969461548222,
      0.12480392170286755,
      0.1444256556588139,
      0.15142857142857144,
      0.14442565565881393,
      0.12480392170286755,
      0.09644969461548221,
      0.06497887681308917,
      0.03662464972570383,
      0.017002915769757508,
      0.01,
      0.017002915769757505,
      0.036624649725703895
    ],
    [
      0.03662464972570385,
      0.0649788768130892,
      0.09644969461548225,
      0.12480392170286755,
      0.14442565565881393,
      0.15142857142857144,
      0.14442565565881393,
      0.12480392170286758,
      0.09644969461548222,
      0.0649788768130892,
      0.03662464972570386,
      0.017002915769757536,
      0.01,
      0.01700291576975753
    ],
    [
      0.017002915769757508,
      0.03662464972570385,
      0.0649788768130892,
      0.09644969461548221,
      0.12480392170286755,
      0.14442565565881393,
      0.15142857142857144,
      0.14442565565881393,
      0.12480392170286758,
      0.09644969461548222,
      0.0649788768130892,
      0.03662464972570389,
      0.01700291576975751,
      0.01
    ],
    [
      0.01,
      0.017002915769757508,
      0.03662464972570385,
      0.06497887681308918,
      0.09644969461548221,
      0.12480392170286758,
      0.14442565565881393,
      0.15142857142857144,
      0.14442565565881393,
      0.12480392170286758,
      0.09644969461548225,
      0.06497887681308925,
      0.03662464972570385,
      0.01700291576975748
    ],
    [
      0.0170029157697575,
      0.01,
      0.017002915769757508,
      0.03662464972570383,
      0.06497887681308917,
      0.09644969461548222,
      0.12480392170286758,
      0.14442565565881393,
      0.15142857142857144,
      0.1444256556588139,
      0.12480392170286758,
      0.09644969461548226,
      0.0649788768130892,
      0.0366246497257038
    ],
    [
      0.03662464972570383,
      0.0170029157697575,
      0.01,
      0.017002915769757505,
      0.03662464972570383,
      0.0649788768130892,
      0.09644969461548222,
      0.12480392170286758,
      0.1444256556588139,
      0.15142857142857144,
      0.14442565565881396,
      0.12480392170286762,
      0.09644969461548222,
      0.06497887681308914
    ],
    [
      0.06497887681308917,
      0.03662464972570381,
      0.017002915769757498,
      0.01,
      0.017002915769757508,
      0.03662464972570386,
      0.0649788768130892,
      0.09644969461548225,
      0.12480392170286758,
      0.14442565565881396,
      0.15142857142857144,
      0.14442565565881396,
      0.12480392170286755,
      0.09644969461548217
    ],
    [
      0.09644969461548217,
      0.06497887681308913,
      0.036624649725703784,
      0.017002915769757477,
      0.01,
      0.017002915769757536,
      0.03662464972570389,
      0.06497887681308925,
      0.09644969461548226,
      0.12480392170286762,
      0.14442565565881396,
      0.15142857142857144,
      0.1444256556588139,
      0.12480392170286751
    ],
    [
      0.12480392170286755,
      0.09644969461548221,
      0.06497887681308917,
      0.03662464972570383,
      0.017002915769757505,
      0.01,
      0.01700291576975751,
      0.03662464972570385,
      0.0649788768130892,
      0.09644969461548222,
      0.12480392170286755,
      0.1444256556588139,
      0.1514285714285714,
      0.1444256556588139
    ],
    [
      0.14442565565881396,
      0.12480392170286765,
      0.09644969461548226,
      0.06497887681308924,
      0.036624649725703895,
      0.01700291576975753,
      0.01,
      0.01700291576975748,
      0.0366246497257038,
      0.06497887681308914,
      0.09644969461548217,
      0.12480392170286751,
      0.1444256556588139,
      0.15142857142857152
    ]
  ],
  "score": 1.3660947373317356e-16
}