{
  "k": 10,
  "M_approx": [
    [
      0.14285714285714285,
      0.13578349056445854,
      0.11596355727562382,
      0.08732292385402239,
      0.05553421900312048,
      0.026893585581519015,
      0.007073652292684443,
      1.424084771639471e-16,
      0.007073652292684374,
      0.026893585581519018,
      0.05553421900312037,
      0.08732292385402242,
      0.1159635572756238,
      0.13578349056445857
    ],
    [
      0.13578349056445857,
      0.14285714285714288,
      0.1357834905644585,
      0.11596355727562382,
      0.08732292385402239,
      0.05553421900312042,
      0.026893585581519046,
      0.007073652292684353,
      1.324242733586479e-16,
      0.007073652292684456,
      0.026893585581518976,
      0.055534219003120354,
      0.0873229238540224,
      0.11596355727562392
    ],
    [
      0.1159635572756238,
      0.13578349056445857,
      0.14285714285714288,
      0.13578349056445857,
      0.11596355727562385,
      0.08732292385402242,
      0.05553421900312041,
      0.026893585581519056,
      0.007073652292684352,
      7.486100236208201e-17,
      0.007073652292684388,
      0.026893585581519035,
      0.055534219003120396,
      0.0873229238540225
    ],
    [
      0.08732292385402245,
      0.11596355727562382,
      0.13578349056445851,
      0.14285714285714282,
      0.13578349056445851,
      0.11596355727562378,
      0.08732292385402242,
      0.055534219003120396,
      0.026893585581519025,
      0.007073652292684405,
      1.6149725016012106e-17,
      0.007073652292684341,
      0.026893585581519042,
      0.05553421900312043
    ],
    [
      0.05553421900312038,
      0.08732292385402247,
      0.11596355727562384,
      0.1357834905644585,
      0.14285714285714282,
      0.1357834905644585,
      0.1159635572756238,
      0.08732292385402243,
      0.05553421900312036,
      0.02689358558151905,
      0.007073652292684351,
      2.7481074419751305e-17,
      0.007073652292684374,
      0.026893585581519084
    ],
    [
      0.026893585581519053,
      0.0555342190031204,
      0.08732292385402245,
      0.11596355727562378,
      0.1357834905644585,
      0.14285714285714288,
      0.13578349056445846,
      0.1159635572756238,
      0.08732292385402245,
      0.055534219003120444,
      0.026893585581519077,
      0.007073652292684413,
      6.733351161958846e-17,
      0.007073652292684376
    ],
    [
      0.00707365229268435,
      0.026893585581518994,
      0.05553421900312039,
      0.0873229238540224,
      0.11596355727562377,
      0.13578349056445857,
      0.14285714285714288,
      0.1357834905644585,
      0.11596355727562384,
      0.08732292385402246,
      0.0555342190031204,
      0.026893585581519112,
      0.007073652292684383,
      1.1319036527779207e-16
    ],
    [
      2.0531449703308254e-17,
      0.0070736522926844085,
      0.026893585581519046,
      0.05553421900312037,
      0.08732292385402242,
      0.11596355727562384,
      0.13578349056445851,
      0.14285714285714288,
      0.13578349056445851,
      0.11596355727562382,
      0.08732292385402249,
      0.055534219003120465,
      0.02689358558151902,
      0.007073652292684336
    ],
    [
      0.007073652292684397,
      5.52868952013825e-17,
      0.007073652292684364,
      0.026893585581519042,
      0.05553421900312037,
      0.08732292385402246,
      0.1159635572756238,
      0.1357834905644585,
      0.14285714285714285,
      0.1357834905644585,
      0.11596355727562382,
      0.08732292385402249,
      0.05553421900312038,
      0.026893585581519008
    ],
    [
      0.026893585581519074,
      0.007073652292684495,
      2.5977444410813e-17,
      0.007073652292684337,
      0.026893585581519067,
      0.05553421900312035,
      0.08732292385402247,
      0.1159635572756239,
      0.13578349056445843,
      0.1428571428571428,
      0.13578349056445854,
      0.11596355727562385,
      0.08732292385402246,
      0.05553421900312034
    ],
    [
      0.05553421900312041,
      0.026893585581518973,
      0.007073652292684463,
      8.297777554027496e-17,
      0.007073652292684235,
      0.02689358558151918,
      0.05553421900312038,
      0.08732292385402236,
      0.11596355727562384,
      0.13578349056445851,
      0.14285714285714285,
      0.1357834905644586,
      0.1159635572756238,
      0.08732292385402235
    ],
    [
      0.08732292385402238,
      0.05553421900312034,
      0.02689358558151889,
      0.007073652292684407,
      1.0464345979234107e-16,
      0.0070736522926843435,
      0.026893585581519084,
      0.055534219003120486,
      0.08732292385402247,
      0.11596355727562388,
      0.13578349056445857,
      0.14285714285714282,
      0.13578349056445851,
      0.11596355727562378
    ],
    [
      0.1159635572756238,
      0.08732292385402246,
      0.05553421900312038,
      0.026893585581519032,
      0.007073652292684333,
      4.8596368603283456e-17,
      0.007073652292684391,
      0.026893585581519053,
      0.05553421900312041,
      0.08732292385402243,
      0.11596355727562382,
      0.13578349056445854,
      0.14285714285714285,
      0.13578349056445851
    ],
    [
      0.13578349056445857,
      0.1159635572756239,
      0.08732292385402254,
      0.055534219003120416,
      0.026893585581519105,
      0.007073652292684394,
      3.8553417619105726e-17,
      0.007073652292684392,
      0.02689358558151904,
      0.05553421900312035,
      0.0873229238540224,
      0.11596355727562378,
      0.1357834905644585,
      0.14285714285714293
    ]
  ],
  "A": [
    [
      0.7078025261451293,
      0.0,
      0.1699155182425582,
      0.015671049474758048,
      0.053686801558381174,
      2.0772410502059287e-16,
      0.24835763582891668,
      0.0,
      0.0,
      0.0
    ],
    [
      0.808337960179203,
      0.0,
      3.325270433981305e-17,
      0.03044662382440065,
      0.15042707520109413,
      0.2683813432467531,
      0.05637044153640988,
      0.0,
      0.0,
      1.1015340781691763e-15
    ],
    [
      0.7651664355547316,
      0.0,
      2.806449470448279e-15,
      0.0,
      0.19381894743241945,
      0.16206891022436562,
      0.0,
      0.0,
      0.0,
      0.13901478797056444
    ],
    [
      0.6224829361131037,
      1.065150231429723e-17,
      0.0309276992833533,
      4.135398123151147e-17,
      0.2045764913276446,
      2.229213311634871e-16,
      0.0,
      0.02993511775041193,
      0.0,
      0.25915063824012585
    ],
    [
      0.4307715575136127,
      0.0,
      0.0,
      0.07386551511574661,
      0.1988425104072229,
      0.0,
      0.0,
      0.10254057668545828,
      2.5599302287414676e-16,
      0.2553349531815204
    ],
    [
      1.9178440542951316e-15,
      0.0,
      0.0,
      0.06058704947023244,
      0.19152948551196494,
      0.0,
      2.4699683204042167e-16,
      0.09537270153524782,
      0.19689616056284306,
      0.3837033139125587
    ],
    [
      0.0,
      6.710446458007201e-16,
      0.0,
      0.26677987299494704,
      0.10080473550988818,
      0.0,
      0.13782808966925003,
      0.2670028924759716,
      2.4793398326514686e-15,
      0.10200103616994889
    ],
    [
      0.0,
      0.30627062855612003,
      1.2681443165158418e-17,
      0.17325771140350624,
      0.07739712157591956,
      1.2115289737145959e-18,
      1.6981032202779002e-16,
      0.2200464869735263,
      0.0,
      0.07599714713270987
    ],
    [
      0.0,
      0.44257388117551066,
      0.030927699283353486,
      0.14362588497960238,
      0.02908281980148278,
      3.4048584317606224e-17,
      0.0,
      0.19973607784385516,
      0.0,
      3.800441024411174e-16
    ],
    [
      0.0,
      0.5302310661547729,
      0.07561951962601071,
      0.060594961497675896,
      0.0,
      0.0,
      0.0,
      0.12589112743964362,
      0.07027142610871988,
      0.0
    ],
    [
      0.0,
      0.5065769528062171,
      0.07018446817215478,
      1.368307546761799e-16,
      0.0,
      0.12690897190825343,
      0.0,
      0.04493002318750096,
      0.18976494697917726,
      1.0094921471092181e-16
    ],
    [
      0.0,
      0.31733967626749976,
      0.08125386361043874,
      0.0,
      0.0,
      0.22269316433239453,
      0.09887339945324623,
      1.8953295092519484e-17,
      0.29187070360606926,
      0.0
    ],
    [
      0.0,
      1.372653561110039e-15,
      0.10663527641709619,
      0.06059496149766724,
      0.0,
      0.26838134324676727,
      0.27703710899537026,
      0.0,
      0.3563653986445098,
      0.0
    ],
    [
      0.4193100482967551,
      2.1303004628594427e-16,
      0.20797320776736547,
      0.02643086661416483,
      0.0,
      7.286896899321263e-16,
      0.32711265762656555,
      0.0,
      0.12718533823598518,
      0.0
    ]
  ],
  "B": [
    [
      0.12891802635174074,
      0.14754198631752982,
      0.09399636573676393,
      0.06927166240342261,
      0.05677930943859917,
      0.016869741904391947,
      0.0,
      0.0,
      0.0,
      0.0,
      0.0,
      0.0,
      0.01642088984127236,
      0.06243120074302774
    ],
    [
      0.0,
      0.0,
      0.0,
      0.0,
      3.074547903688694e-16,
      0.022290475543063324,
      0.06625116701131689,
      0.10535026201470298,
      0.13264166219947388,
      0.18661773770703155,
      0.23094308520090162,
      0.18132401159370226,
      0.08780987490803763,
      0.023096084420606386
    ],
    [
      0.22871576148865733,
      0.0,
      0.0,
      0.0,
      0.0,
      0.0,
      0.0,
      0.0,
      0.041630407662863016,
      0.02667463040056956,
      0.0,
      0.22871576148865572,
      0.5390592331744342,
      0.5390592331744328
    ],
    [
      0.0,
      0.0,
      3.960564272538008e-16,
      0.1167366414277776,
      0.11673664142779672,
      2.9704232044036007e-16,
      1.9802821362690667e-16,
      8.737994926287224e-15,
      2.4629759069846056e-15,
      0.07431381714599512,
      0.09576393370573498,
      2.4753526703363395e-16,
      2.7253796440660257e-16,
      0.0
    ],
    [
      0.0,
      6.128295190474588e-16,
      0.24322443081408554,
      0.34821871524271336,
      0.2517619652136242,
      0.2785254329206668,
      0.1317577521356392,
      0.0,
      0.0,
      0.0,
      0.0,
      0.0,
      0.0,
      0.0
    ],
    [
      0.10686695276307746,
      0.061394347320339486,
      0.05573800012971674,
      0.0,
      1.8374629761546566e-17,
      0.0,
      0.026356721399148495,
      0.026356721399148467,
      0.0,
      0.0,
      0.04364595456890366,
      0.16593920169073353,
      0.2651310803234828,
      0.24404843877410212
    ],
    [
      0.051322283503013384,
      0.12624093409408405,
      0.14646117195475267,
      0.07154252136368881,
      0.0,
      0.0,
      0.0,
      0.0,
      0.0,
      0.08534698905946253,
      0.2175632630733439,
      0.19512412633778886,
      0.05132228350301521,
      6.253871715035383e-17
    ],
    [
      0.0,
      0.0,
      0.0,
      1.2442239498828003e-15,
      0.15743709419344026,
      0.34724541180857604,
      0.4146002819828408,
      0.446380129139479,
      0.4148768503779809,
      0.20874036298303866,
      0.0,
      0.0,
      0.0,
      0.0
    ],
    [
      0.13658765871635756,
      0.10066185766232423,
      2.81539817820257e-17,
      0.0,
      0.0,
      0.0,
      0.0,
      0.05561688470379628,
      0.14337797431788193,
      0.15807129840045755,
      0.10712007452219387,
      0.035925801054036616,
      3.3784778138430825e-17,
      0.03592580105403614
    ],
    [
      1.1561589093886973e-16,
      0.09307786620374035,
      0.1061712846335845,
      0.10997214696975945,
      0.17064153177022198,
      0.14697182672964373,
      0.1850556004108657,
      0.16273074827162934,
      0.05088417136011487,
      0.0,
      0.0,
      0.0,
      0.0,
      0.0
    ]
  ],
  "M": [
    [
      0.14285714285714285,
      0.13578349056445851,
      0.11596355727562382,
      0.08732292385402245,
      0.05553421900312041,
      0.026893585581519042,
      0.00707365229268435,
      0.0,
      0.0070736522926843435,
      0.026893585581519025,
      0.055534219003120375,
      0.08732292385402239,
      0.1159635572756238,
      0.13578349056445854
    ],
    [
      0.13578349056445851,
      0.14285714285714285,
      0.13578349056445851,
      0.1159635572756238,
      0.08732292385402245,
      0.05553421900312041,
      0.026893585581519042,
      0.00707365229268435,
      0.0,
      0.007073652292684346,
      0.026893585581519004,
      0.05553421900312033,
      0.08732292385402243,
      0.1159635572756239
    ],
    [
      0.11596355727562382,
      0.13578349056445851,
      0.14285714285714285,
      0.13578349056445851,
      0.1159635572756238,
      0.08732292385402249,
      0.05553421900312041,
      0.026893585581519042,
      0.00707365229268435,
      0.0,
      0.007073652292684341,
      0.026893585581518976,
      0.055534219003120375,
      0.0873229238540225
    ],
    [
      0.08732292385402245,
      0.1159635572756238,
      0.13578349056445851,
      0.14285714285714282,
      0.1357834905644585,
      0.1159635572756238,
      0.08732292385402243,
      0.05553421900312039,
      0.026893585581519025,
      0.007073652292684348,
      0.0,
      0.007073652292684319,
      0.02689358558151902,
      0.05553421900312045
    ],
    [
      0.05553421900312041,
      0.08732292385402245,
      0.1159635572756238,
      0.1357834905644585,
      0.14285714285714285,
      0.13578349056445851,
      0.1159635572756238,
      0.08732292385402243,
      0.055534219003120375,
      0.026893585581519025,
      0.00707365229268435,
      0.0,
      0.007073652292684348,
      0.026893585581519087
    ],
    [
      0.026893585581519042,
      0.05553421900312041,
      0.08732292385402249,
      0.1159635572756238,
      0.13578349056445851,
      0.14285714285714285,
      0.13578349056445851,
      0.11596355727562382,
      0.08732292385402245,
      0.05553421900312041,
      0.026893585581519053,
      0.007073652292684379,
      0.0,
      0.007073652292684374
    ],
    [
      0.00707365229268435,
      0.026893585581519042,
      0.05553421900312041,
      0.08732292385402243,
      0.1159635572756238,
      0.13578349056445851,
      0.14285714285714285,
      0.13578349056445851,
      0.11596355727562382,
      0.08732292385402245,
      0.05553421900312041,
      0.02689358558151908,
      0.007073652292684355,
      0.0
    ],
    [
      0.0,
      0.00707365229268435,
      0.026893585581519042,
      0.05553421900312039,
      0.08732292385402243,
      0.11596355727562382,
      0.13578349056445851,
      0.14285714285714285,
      0.13578349056445851,
      0.11596355727562382,
      0.08732292385402249,
      0.055534219003120465,
      0.026893585581519042,
      0.007073652292684323
    ],
    [
      0.0070736522926843435,
      0.0,
      0.00707365229268435,
      0.026893585581519025,
      0.055534219003120375,
      0.08732292385402245,
      0.11596355727562382,
      0.13578349056445851,
      0.14285714285714285,
      0.1357834905644585,
      0.11596355727562382,
      0.0873229238540225,
      0.05553421900312041,
      0.026893585581518987
    ],
    [
      0.026893585581519025,
      0.007073652292684346,
      0.0,
      0.007073652292684348,
      0.026893585581519025,
      0.05553421900312041,
      0.08732292385402245,
      0.11596355727562382,
      0.1357834905644585,
      0.14285714285714285,
      0.13578349056445854,
      0.11596355727562387,
      0.08732292385402245,
      0.05553421900312035
    ],
    [
      0.055534219003120375,
      0.026893585581519004,
      0.007073652292684341,
      0.0,
      0.00707365229268435,
      0.026893585581519053,
      0.05553421900312041,
      0.08732292385402249,
      0.11596355727562382,
      0.13578349056445854,
      0.14285714285714285,
      0.13578349056445854,
      0.1159635572756238,
      0.08732292385402239
    ],
    [
      0.08732292385402239,
      0.05553421900312033,
      0.026893585581518976,
      0.007073652292684319,
      0.0,
      0.007073652292684379,
      0.02689358558151908,
      0.055534219003120465,
      0.0873229238540225,
      0.11596355727562387,
      0.13578349056445854,
      0.14285714285714285,
      0.1357834905644585,
      0.11596355727562375
    ],
    [
      0.1159635572756238,
      0.08732292385402243,
      0.055534219003120375,
      0.02689358558151902,
      0.007073652292684348,
      0.0,
      0.007073652292684355,
      0.026893585581519042,
      0.05553421900312041,
      0.08732292385402245,
      0.1159635572756238,
      0.1357834905644585,
      0.14285714285714282,
      0.1357834905644585
    ],
    [
      0.13578349056445854,
      0.1159635572756239,
      0.0873229238540225,
      0.05553421900312045,
      0.026893585581519087,
      0.007073652292684374,
      0.0,
      0.007073652292684323,
      0.026893585581518987,
      0.05553421900312035,
      0.08732292385402239,
      0.11596355727562375,
      0.1357834905644585,
      0.14285714285714293
    ]
  ],
  "score": 2.1069933275179143e-16
}