{
  "k": 10,
  "M_approx": [
    [
      0.14285714285714285,
      0.1357834905644586,
      0.11596355727562382,
      0.08732292385402243,
      0.055534219003120396,
      0.026893585581519032,
      0.007073652292684376,
      6.083852518643378e-17,
      0.007073652292684406,
      0.026893585581519008,
      0.055534219003120354,
      0.08732292385402239,
      0.11596355727562378,
      0.13578349056445857
    ],
    [
      0.1357834905644585,
      0.14285714285714288,
      0.13578349056445843,
      0.11596355727562378,
      0.08732292385402245,
      0.05553421900312041,
      0.026893585581519077,
      0.007073652292684407,
      3.436209831922039e-17,
      0.007073652292684348,
      0.026893585581519004,
      0.055534219003120354,
      0.08732292385402246,
      0.11596355727562391
    ],
    [
      0.11596355727562382,
      0.13578349056445851,
      0.14285714285714288,
      0.13578349056445851,
      0.11596355727562382,
      0.08732292385402247,
      0.0555342190031204,
      0.026893585581519018,
      0.007073652292684362,
      4.490193509834378e-17,
      0.007073652292684381,
      0.026893585581518983,
      0.055534219003120354,
      0.08732292385402254
    ],
    [
      0.08732292385402238,
      0.11596355727562384,
      0.13578349056445851,
      0.14285714285714282,
      0.13578349056445851,
      0.11596355727562377,
      0.0873229238540224,
      0.05553421900312039,
      0.026893585581519032,
      0.007073652292684373,
      5.820569078481623e-17,
      0.007073652292684308,
      0.026893585581518956,
      0.05553421900312049
    ],
    [
      0.05553421900312043,
      0.08732292385402245,
      0.11596355727562382,
      0.13578349056445851,
      0.14285714285714288,
      0.13578349056445851,
      0.11596355727562381,
      0.08732292385402245,
      0.05553421900312039,
      0.026893585581519042,
      0.007073652292684341,
      5.641677680104374e-17,
      0.007073652292684387,
      0.026893585581519087
    ],
    [
      0.026893585581519063,
      0.05553421900312041,
      0.08732292385402247,
      0.1159635572756238,
      0.1357834905644585,
      0.14285714285714285,
      0.1357834905644585,
      0.11596355727562381,
      0.08732292385402246,
      0.05553421900312042,
      0.026893585581519053,
      0.0070736522926844415,
      3.596011265603746e-17,
      0.007073652292684368
    ],
    [
      0.0070736522926843435,
      0.026893585581519067,
      0.055534219003120396,
      0.08732292385402243,
      0.11596355727562384,
      0.13578349056445851,
      0.14285714285714288,
      0.13578349056445854,
      0.11596355727562377,
      0.08732292385402245,
      0.05553421900312043,
      0.026893585581519087,
      0.007073652292684343,
      8.821399663875744e-17
    ],
    [
      5.444488826341746e-17,
      0.007073652292684357,
      0.026893585581519067,
      0.0555342190031204,
      0.0873229238540224,
      0.11596355727562384,
      0.13578349056445851,
      0.14285714285714282,
      0.13578349056445846,
      0.11596355727562385,
      0.08732292385402252,
      0.05553421900312049,
      0.026893585581519053,
      0.007073652292684329
    ],
    [
      0.007073652292684362,
      2.3797602650587704e-17,
      0.00707365229268433,
      0.026893585581519,
      0.05553421900312036,
      0.08732292385402245,
      0.11596355727562382,
      0.13578349056445854,
      0.14285714285714288,
      0.1357834905644585,
      0.11596355727562385,
      0.08732292385402254,
      0.055534219003120416,
      0.026893585581518983
    ],
    [
      0.02689358558151904,
      0.007073652292684328,
      2.2317271103392117e-17,
      0.007073652292684359,
      0.02689358558151903,
      0.055534219003120416,
      0.08732292385402246,
      0.11596355727562382,
      0.13578349056445851,
      0.14285714285714285,
      0.13578349056445854,
      0.11596355727562385,
      0.08732292385402243,
      0.055534219003120354
    ],
    [
      0.05553421900312039,
      0.026893585581519,
      0.007073652292684382,
      1.8616504613469356e-17,
      0.007073652292684425,
      0.026893585581519063,
      0.055534219003120416,
      0.08732292385402246,
      0.11596355727562385,
      0.13578349056445854,
      0.14285714285714285,
      0.13578349056445851,
      0.11596355727562378,
      0.0873229238540224
    ],
    [
      0.0873229238540224,
      0.055534219003120354,
      0.026893585581518956,
      0.007073652292684286,
      1.0739330741825004e-16,
      0.007073652292684369,
      0.026893585581519098,
      0.055534219003120486,
      0.08732292385402253,
      0.11596355727562388,
      0.1357834905644585,
      0.14285714285714288,
      0.1357834905644585,
      0.1159635572756238
    ],
    [
      0.11596355727562377,
      0.0873229238540224,
      0.055534219003120416,
      0.02689358558151903,
      0.007073652292684372,
      3.076958316627487e-17,
      0.007073652292684384,
      0.026893585581519042,
      0.05553421900312044,
      0.08732292385402249,
      0.11596355727562382,
      0.13578349056445846,
      0.1428571428571428,
      0.1357834905644585
    ],
    [
      0.13578349056445851,
      0.11596355727562391,
      0.08732292385402247,
      0.05553421900312042,
      0.02689358558151908,
      0.007073652292684373,
      6.063382302306023e-17,
      0.0070736522926843366,
      0.026893585581518956,
      0.05553421900312035,
      0.08732292385402239,
      0.11596355727562377,
      0.1357834905644585,
      0.14285714285714293
    ]
  ],
  "A": [
    [
      0.03004009718870176,
      0.47965788235801887,
      1.1718521668281737e-16,
      0.0,
      0.17886457168032863,
      0.0,
      0.14369984754828138,
      0.014368811611053951,
      0.05992576554090738,
      0.0
    ],
    [
      0.06957955847085227,
      0.41986905907141175,
      0.06425616103484014,
      0.0,
      0.05997922524593535,
      0.0,
      0.24000943913482017,
      0.013401525799594352,
      0.0,
      0.0
    ],
    [
      0.0,
      0.26998578622482666,
      0.20065885143777906,
      0.0,
      0.1089278433613001,
      0.0,
      0.2795847209451034,
      0.0035249198516285724,
      0.0,
      0.03116583351761423
    ],
    [
      0.06957955847085263,
      0.16548210129883079,
      0.33855277354676994,
      0.0,
      0.053628760026101924,
      1.6837363516064595e-16,
      0.2339897320730078,
      0.0,
      0.0,
      0.11849055851842898
    ],
    [
      0.019453332978551594,
      0.06612540987656403,
      0.35048683467547403,
      0.0,
      0.0,
      0.15684794282032402,
      0.22348585777567934,
      0.0,
      0.0,
      0.07359994683309838
    ],
    [
      1.173252229318371e-16,
      1.0929103835895213e-16,
      0.3693385091505336,
      0.0,
      0.0,
      0.26581020026260266,
      0.13849390789280275,
      0.0,
      0.03345548054872674,
      0.07741038365220711
    ],
    [
      0.05009093121735305,
      0.0,
      0.3731126680210324,
      0.0,
      0.0,
      0.317944364501551,
      0.0,
      0.002823336367256976,
      0.07974435281271988,
      0.12266041758836492
    ],
    [
      0.0,
      0.0,
      0.2037744970084687,
      0.04024468616622235,
      0.0,
      0.4855812528397316,
      0.0,
      0.00838855701281755,
      0.06742435887333979,
      1.3316950315884156e-15
    ],
    [
      0.1677161733986149,
      0.0,
      0.07614051816024206,
      0.15300779100098666,
      5.1523480229456957e-17,
      0.4601278703522147,
      0.0,
      0.012302523475556805,
      1.2331544191791052e-16,
      0.0
    ],
    [
      0.16093473927005492,
      0.0,
      0.0,
      0.2225559185735351,
      0.18166297932780437,
      0.3784044940058665,
      0.0,
      0.008041669790063646,
      1.194618343579758e-16,
      0.0
    ],
    [
      0.20276467962184339,
      0.0,
      0.0,
      0.2927960527956316,
      0.3968163192993127,
      0.17521296780783582,
      0.0,
      2.3615936142810244e-19,
      0.0,
      0.07575303588322356
    ],
    [
      0.27631498994764925,
      0.10179813412777132,
      0.0,
      0.29459298560279024,
      0.4465625742925364,
      0.0,
      0.0,
      0.0,
      1.6551244469921453e-15,
      0.13917705889544035
    ],
    [
      1.1549201632352658e-16,
      0.26396081389329185,
      0.0,
      0.14319992700002915,
      0.5402905200480806,
      8.86177027161295e-18,
      2.5704771346365838e-17,
      1.7925096337531856e-17,
      0.11213273634993846,
      0.0669961475401034
    ],
    [
      0.0,
      0.4874893388279874,
      0.0,
      1.192408298343829e-15,
      0.31807368718628315,
      4.430885135806475e-18,
      2.3134294211729246e-17,
      0.012521000163097658,
      0.13959659744293162,
      0.045889995534181015
    ]
  ],
  "B": [
    [
      0.04217632771689969,
      0.0,
      0.0,
      0.0,
      0.0,
      0.02559995856187367,
      0.04466483907407405,
      0.0,
      1.6881605838356397e-16,
      0.10166279361556356,
      0.0,
      2.640808166928163e-15,
      0.004596210074151699,
      5.3131390838663305e-18
    ],
    [
      0.20251512752983783,
      0.16821160934737064,
      0.13652054910367328,
      0.06948705252107738,
      2.9306475711188196e-17,
      4.5001048258550386e-17,
      0.0,
      0.0,
      0.0,
      0.0,
      0.0,
      2.0933196936562945e-17,
      0.1056211326434115,
      0.23408433867883466
    ],
    [
      2.8682727472202685e-18,
      1.032578188999297e-16,
      0.09290260249867749,
      0.2110831531875237,
      0.2519844443573305,
      0.2506584573065806,
      0.22118192598291667,
      0.1100851992830541,
      3.441927296664322e-16,
      0.0,
      0.0,
      0.0,
      0.0,
      0.0
    ],
    [
      0.0,
      6.4829377284074496e-18,
      0.0,
      0.0,
      0.0,
      0.0,
      0.04939703839851075,
      0.11568828226614797,
      0.1891903874176727,
      0.2982847785730049,
      0.46091895326910065,
      0.2849877169114829,
      0.16302137276187206,
      0.17576611887263507
    ],
    [
      0.11067719659463984,
      0.03893832589809155,
      0.0,
      0.0,
      0.0,
      0.0,
      0.0,
      1.0408771695262226e-16,
      8.327017356209775e-18,
      3.260228144448921e-16,
      9.43751891699693e-16,
      0.1319003514017715,
      0.16959885587694087,
      0.09036749823249822
    ],
    [
      0.0,
      0.0,
      0.0,
      0.0,
      0.04037173949614521,
      0.12386536485810096,
      0.18271769353360992,
      0.23841272177462083,
      0.24756061725308953,
      0.15885388713276236,
      0.04509878909146746,
      2.3334956799831253e-17,
      0.0,
      0.0
    ],
    [
      0.17157955080693194,
      0.2912168885848331,
      0.30204300190441435,
      0.2559748750580674,
      0.21570800389178701,
      0.12530980427282326,
      0.03988811598464353,
      3.7132929711151987e-17,
      0.0,
      0.0,
      0.0,
      0.0,
      7.892184216557139e-17,
      0.051075548378340864
    ],
    [
      0.0,
      0.0,
      1.020877402678471e-15,
      0.8796248139191953,
      1.444567885602226,
      0.5649430716830489,
      0.0,
      0.0,
      0.0,
      2.6635990120293087e-15,
      2.006755498118952,
      3.5535459789076236,
      2.423878333933066,
      2.065960404121902e-14
    ],
    [
      0.0,
      0.10491241460630517,
      0.11809388505319,
      0.0762643178199243,
      0.06308284737303849,
      0.0,
      0.0,
      4.0023795757899184e-16,
      0.11804024911213995,
      0.3978192880082393,
      0.44554336619990653,
      0.21143478367862353,
      3.430784676645849e-16,
      3.7142247804325984e-16
    ],
    [
      0.0404450014075866,
      0.15104638758768515,
      0.09337780605372317,
      2.4301036604652744e-16,
      0.0,
      2.2226557870109227e-17,
      0.0,
      0.15414366923211664,
      0.22696817297334346,
      0.0,
      0.0,
      0.0,
      1.8981545041194842e-17,
      0.0
    ]
  ],
  "M": [
    [
      0.14285714285714285,
      0.13578349056445851,
      0.11596355727562382,
      0.08732292385402245,
      0.05553421900312041,
      0.026893585581519042,
      0.00707365229268435,
      0.0,
      0.0070736522926843435,
      0.026893585581519025,
      0.055534219003120375,
      0.08732292385402239,
      0.1159635572756238,
      0.13578349056445854
    ],
    [
      0.13578349056445851,
      0.14285714285714285,
      0.13578349056445851,
      0.1159635572756238,
      0.08732292385402245,
      0.05553421900312041,
      0.026893585581519042,
      0.00707365229268435,
      0.0,
      0.007073652292684346,
      0.026893585581519004,
      0.05553421900312033,
      0.08732292385402243,
      0.1159635572756239
    ],
    [
      0.11596355727562382,
      0.13578349056445851,
      0.14285714285714285,
      0.13578349056445851,
      0.1159635572756238,
      0.08732292385402249,
      0.05553421900312041,
      0.026893585581519042,
      0.00707365229268435,
      0.0,
      0.007073652292684341,
      0.026893585581518976,
      0.055534219003120375,
      0.0873229238540225
    ],
    [
      0.08732292385402245,
      0.1159635572756238,
      0.13578349056445851,
      0.14285714285714282,
      0.1357834905644585,
      0.1159635572756238,
      0.08732292385402243,
      0.05553421900312039,
      0.026893585581519025,
      0.007073652292684348,
      0.0,
      0.007073652292684319,
      0.02689358558151902,
      0.05553421900312045
    ],
    [
      0.05553421900312041,
      0.08732292385402245,
      0.1159635572756238,
      0.1357834905644585,
      0.14285714285714285,
      0.13578349056445851,
      0.1159635572756238,
      0.08732292385402243,
      0.055534219003120375,
      0.026893585581519025,
      0.00707365229268435,
      0.0,
      0.007073652292684348,
      0.026893585581519087
    ],
    [
      0.026893585581519042,
      0.05553421900312041,
      0.08732292385402249,
      0.1159635572756238,
      0.13578349056445851,
      0.14285714285714285,
      0.13578349056445851,
      0.11596355727562382,
      0.08732292385402245,
      0.05553421900312041,
      0.026893585581519053,
      0.007073652292684379,
      0.0,
      0.007073652292684374
    ],
    [
      0.00707365229268435,
      0.026893585581519042,
      0.05553421900312041,
      0.08732292385402243,
      0.1159635572756238,
      0.13578349056445851,
      0.14285714285714285,
      0.13578349056445851,
      0.11596355727562382,
      0.08732292385402245,
      0.05553421900312041,
      0.02689358558151908,
      0.007073652292684355,
      0.0
    ],
    [
      0.0,
      0.00707365229268435,
      0.026893585581519042,
      0.05553421900312039,
      0.08732292385402243,
      0.11596355727562382,
      0.13578349056445851,
      0.14285714285714285,
      0.13578349056445851,
      0.11596355727562382,
      0.08732292385402249,
      0.055534219003120465,
      0.026893585581519042,
      0.007073652292684323
    ],
    [
      0.0070736522926843435,
      0.0,
      0.00707365229268435,
      0.026893585581519025,
      0.055534219003120375,
      0.08732292385402245,
      0.11596355727562382,
      0.13578349056445851,
      0.14285714285714285,
      0.1357834905644585,
      0.11596355727562382,
      0.0873229238540225,
      0.05553421900312041,
      0.026893585581518987
    ],
    [
      0.026893585581519025,
      0.007073652292684346,
      0.0,
      0.007073652292684348,
      0.026893585581519025,
      0.05553421900312041,
      0.08732292385402245,
      0.11596355727562382,
      0.1357834905644585,
      0.14285714285714285,
      0.13578349056445854,
      0.11596355727562387,
      0.08732292385402245,
      0.05553421900312035
    ],
    [
      0.055534219003120375,
      0.026893585581519004,
      0.007073652292684341,
      0.0,
      0.00707365229268435,
      0.026893585581519053,
      0.05553421900312041,
      0.08732292385402249,
      0.11596355727562382,
      0.13578349056445854,
      0.14285714285714285,
      0.13578349056445854,
      0.1159635572756238,
      0.08732292385402239
    ],
    [
      0.08732292385402239,
      0.05553421900312033,
      0.026893585581518976,
      0.007073652292684319,
      0.0,
      0.007073652292684379,
      0.02689358558151908,
      0.055534219003120465,
      0.0873229238540225,
      0.11596355727562387,
      0.13578349056445854,
      0.14285714285714285,
      0.1357834905644585,
      0.11596355727562375
    ],
    [
      0.1159635572756238,
      0.08732292385402243,
      0.055534219003120375,
      0.02689358558151902,
      0.007073652292684348,
      0.0,
      0.007073652292684355,
      0.026893585581519042,
      0.05553421900312041,
      0.08732292385402245,
      0.1159635572756238,
      0.1357834905644585,
      0.14285714285714282,
      0.1357834905644585
    ],
    [
      0.13578349056445854,
      0.1159635572756239,
      0.0873229238540225,
      0.05553421900312045,
      0.026893585581519087,
      0.007073652292684374,
      0.0,
      0.007073652292684323,
      0.026893585581518987,
      0.05553421900312035,
      0.08732292385402239,
      0.11596355727562375,
      0.1357834905644585,
      0.14285714285714293
    ]
  ],
  "score": 1.4861124633031384e-16
}