{
  "k": 8,
  "M_approx": [
    [
      0.13333333333333333,
      0.12756969717617342,
      0.11127537375725718,
      0.08726779962499649,
      0.059698102448823086,
      0.03333333333333333,
      0.012732200375003505,
      0.0014568266177463233,
      0.0014568266177462687,
      0.012732200375003501,
      0.03333333333333329,
      0.059698102448823044,
      0.08726779962499646,
      0.11127537375725725,
      0.1275696971761734
    ],
    [
      0.12756969717617336,
      0.13333333333333336,
      0.12756969717617342,
      0.11127537375725724,
      0.08726779962499653,
      0.05969810244882314,
      0.03333333333333332,
      0.012732200375003477,
      0.0014568266177462895,
      0.0014568266177463047,
      0.01273220037500348,
      0.03333333333333328,
      0.05969810244882313,
      0.08726779962499656,
      0.11127537375725724
    ],
    [
      0.11127537375725716,
      0.1275696971761734,
      0.13333333333333328,
      0.1275696971761734,
      0.11127537375725724,
      0.08726779962499649,
      0.059698102448823086,
      0.03333333333333333,
      0.012732200375003533,
      0.0014568266177463058,
      0.0014568266177463014,
      0.012732200375003503,
      0.03333333333333336,
      0.05969810244882313,
      0.0872677996249965
    ],
    [
      0.08726779962499646,
      0.11127537375725724,
      0.1275696971761733,
      0.1333333333333333,
      0.12756969717617334,
      0.11127537375725723,
      0.08726779962499648,
      0.0596981024488231,
      0.03333333333333335,
      0.012732200375003591,
      0.0014568266177463003,
      0.0014568266177462624,
      0.012732200375003496,
      0.033333333333333416,
      0.05969810244882314
    ],
    [
      0.05969810244882312,
      0.08726779962499656,
      0.1112753737572572,
      0.12756969717617345,
      0.13333333333333336,
      0.1275696971761734,
      0.1112753737572572,
      0.08726779962499646,
      0.05969810244882308,
      0.03333333333333332,
      0.012732200375003498,
      0.00145682661774627,
      0.001456826617746281,
      0.012732200375003513,
      0.03333333333333339
    ],
    [
      0.033333333333333326,
      0.05969810244882314,
      0.08726779962499646,
      0.11127537375725725,
      0.12756969717617345,
      0.1333333333333333,
      0.1275696971761734,
      0.11127537375725721,
      0.08726779962499658,
      0.05969810244882313,
      0.03333333333333339,
      0.01273220037500352,
      0.0014568266177463305,
      0.0014568266177462795,
      0.012732200375003553
    ],
    [
      0.012732200375003515,
      0.03333333333333334,
      0.05969810244882307,
      0.08726779962499646,
      0.1112753737572572,
      0.1275696971761734,
      0.1333333333333333,
      0.1275696971761734,
      0.11127537375725728,
      0.08726779962499652,
      0.059698102448823155,
      0.03333333333333337,
      0.012732200375003538,
      0.0014568266177462773,
      0.0014568266177463457
    ],
    [
      0.0014568266177463216,
      0.012732200375003513,
      0.03333333333333332,
      0.05969810244882313,
      0.08726779962499649,
      0.11127537375725718,
      0.12756969717617334,
      0.13333333333333328,
      0.1275696971761734,
      0.11127537375725718,
      0.08726779962499653,
      0.05969810244882316,
      0.03333333333333335,
      0.012732200375003463,
      0.0014568266177463342
    ],
    [
      0.0014568266177462845,
      0.0014568266177462828,
      0.012732200375003538,
      0.03333333333333336,
      0.05969810244882312,
      0.08726779962499659,
      0.11127537375725725,
      0.12756969717617345,
      0.1333333333333334,
      0.12756969717617345,
      0.11127537375725724,
      0.08726779962499649,
      0.05969810244882306,
      0.03333333333333329,
      0.012732200375003498
    ],
    [
      0.012732200375003508,
      0.001456826617746308,
      0.0014568266177463227,
      0.012732200375003548,
      0.03333333333333338,
      0.05969810244882315,
      0.08726779962499649,
      0.11127537375725723,
      0.12756969717617345,
      0.13333333333333333,
      0.12756969717617345,
      0.11127537375725725,
      0.08726779962499652,
      0.059698102448823065,
      0.03333333333333333
    ],
    [
      0.03333333333333332,
      0.012732200375003493,
      0.0014568266177462704,
      0.001456826617746268,
      0.012732200375003484,
      0.033333333333333375,
      0.05969810244882311,
      0.08726779962499655,
      0.11127537375725725,
      0.12756969717617345,
      0.13333333333333336,
      0.1275696971761734,
      0.11127537375725724,
      0.08726779962499646,
      0.05969810244882307
    ],
    [
      0.05969810244882305,
      0.033333333333333284,
      0.012732200375003375,
      0.001456826617746298,
      0.001456826617746277,
      0.0127322003750035,
      0.03333333333333336,
      0.05969810244882316,
      0.08726779962499649,
      0.11127537375725721,
      0.12756969717617342,
      0.1333333333333334,
      0.1275696971761734,
      0.11127537375725711,
      0.08726779962499641
    ],
    [
      0.0872677996249965,
      0.059698102448823114,
      0.03333333333333329,
      0.01273220037500351,
      0.001456826617746298,
      0.0014568266177463053,
      0.012732200375003517,
      0.033333333333333395,
      0.059698102448823114,
      0.08726779962499648,
      0.11127537375725718,
      0.12756969717617336,
      0.13333333333333333,
      0.12756969717617336,
      0.11127537375725718
    ],
    [
      0.11127537375725727,
      0.08726779962499658,
      0.059698102448823134,
      0.033333333333333354,
      0.012732200375003522,
      0.0014568266177463012,
      0.001456826617746287,
      0.012732200375003512,
      0.03333333333333332,
      0.059698102448823065,
      0.08726779962499644,
      0.11127537375725713,
      0.12756969717617342,
      0.1333333333333334,
      0.12756969717617345
    ],
    [
      0.12756969717617345,
      0.11127537375725728,
      0.08726779962499648,
      0.05969810244882312,
      0.03333333333333334,
      0.012732200375003506,
      0.001456826617746303,
      0.001456826617746293,
      0.012732200375003482,
      0.03333333333333332,
      0.05969810244882306,
      0.0872677996249964,
      0.11127537375725721,
      0.12756969717617345,
      0.1333333333333334
    ]
  ],
  "A": [
    [
      2.092878950827649e-13,
      0.1216356398288369,
      0.08920632651429665,
      0.007348289462533497,
      1.5992382034709372e-14,
      9.901028545524257e-15,
      0.4551381667685187,
      0.2526826302164326
    ],
    [
      0.08373902657846438,
      2.4903942704837485e-11,
      0.22353702715582383,
      4.258257525366661e-05,
      1.5133316288953433e-14,
      0.007294091314472318,
      0.4017059525241382,
      0.09494189165729787
    ],
    [
      0.08378392848625342,
      0.016601246326419374,
      0.32876222937814276,
      6.21729838633632e-14,
      1.6520860689707926e-14,
      0.07810130677139823,
      0.27462779064252735,
      1.5585685826180686e-12
    ],
    [
      5.604388745181761e-13,
      0.16481318677424062,
      0.37887813245171276,
      0.0,
      0.013990142555468465,
      0.1877960013641349,
      0.10805343477873101,
      8.143229234685585e-16
    ],
    [
      0.0025068252347875144,
      0.16480011950080012,
      0.3787533589791837,
      1.1877690949332065e-14,
      0.1218508007914429,
      0.18837283242356764,
      0.01160219615570453,
      8.171662297655856e-16
    ],
    [
      0.08772339470212123,
      0.02176308232513269,
      0.3282490993440571,
      0.00010590483525019256,
      0.3030631468505032,
      0.08252324722578655,
      0.00013897962180421905,
      0.001692700124163076
    ],
    [
      0.09413321475943562,
      4.2495175037779806e-13,
      0.22296720318481608,
      3.995745398127558e-14,
      0.4493352818490988,
      0.009662687596901802,
      4.9804583665190585e-17,
      0.09506316690588455
    ],
    [
      1.7286995736896487e-16,
      0.13712846638192083,
      0.0796349597490294,
      2.420805892217265e-15,
      0.5238959202453627,
      2.0320512386237568e-17,
      0.0,
      0.2759146372493955
    ],
    [
      0.00566579344255297,
      0.1397649243297294,
      8.662711235437828e-14,
      0.05655415231747118,
      0.5013063483590694,
      0.00020590127859867094,
      2.3283820601105822e-05,
      0.27836339336012766
    ],
    [
      0.1152406194048745,
      1.691730616228788e-05,
      0.0,
      0.1614815836008147,
      0.38505367005547336,
      0.008787834015254506,
      5.340158137434341e-16,
      0.09541856977678215
    ],
    [
      0.11930942352918593,
      0.021119393147896695,
      2.7782917473455457e-05,
      0.23825931608167925,
      0.20816009863472845,
      0.08123019236280951,
      0.0,
      0.0014183382370874225
    ],
    [
      0.04649811259384615,
      0.15018109383898257,
      7.787059864960775e-14,
      0.2711669771305394,
      0.021460890968075085,
      0.1764793838270218,
      0.01938093924115873,
      5.770865446247686e-13
    ],
    [
      0.11807506457866385,
      0.014864504138983353,
      2.752107665965626e-05,
      0.23773604650898672,
      0.00010911421513079672,
      0.076156775685824,
      0.1914773328831883,
      0.0003104229992283348
    ],
    [
      0.1059901658289948,
      0.0003516323367796004,
      5.4620597542356106e-05,
      0.1611423223130646,
      3.066027266952746e-05,
      0.006380411952429748,
      0.3451725402510496,
      0.09633033454582725
    ],
    [
      0.006998150693202189,
      0.12305818474235095,
      0.009830192908316581,
      0.06410114230006057,
      5.0940658327620217e-14,
      5.999622815085484e-14,
      0.4350804458976546,
      0.2542076118827444
    ]
  ],
  "B": [
    [
      0.06508713748673763,
      0.0006065283981014178,
      0.00011617209576410406,
      0.000606922864927367,
      0.0,
      0.00011729838831455014,
      0.003818411257320643,
      0.09716425053261159,
      0.0034155654394225094,
      2.8007291359212555e-13,
      0.017387900565048738,
      0.12631396649403398,
      0.01194751914581688,
      4.4686137795807525e-05,
      6.890405560315272e-17
    ],
    [
      1.690586200983701e-13,
      0.00995402145733949,
      0.061750704388960215,
      0.000175640434663313,
      0.00012298546614572577,
      0.053590675050635986,
      0.00016375983137649906,
      0.0031721720643948844,
      1.0524942369325281e-13,
      0.05250840382444152,
      1.584529725480772e-13,
      0.0035195110126386253,
      3.9343394931569205e-13,
      0.06217408625528675,
      0.010623808871909236
    ],
    [
      0.018293807422195375,
      0.14259886742040534,
      0.2613512178095635,
      0.33283579574042604,
      0.3323255648203396,
      0.2607774556935476,
      0.14243232465352296,
      0.011656197463607444,
      1.3350452501813417e-12,
      2.3262800742236176e-13,
      5.131784458802184e-14,
      2.9379114534570633e-13,
      1.887330844171664e-05,
      1.6861456377133303e-05,
      7.736611359125942e-14
    ],
    [
      0.018168257354495582,
      0.00024651673460271867,
      0.00016075775758427968,
      2.915301553664056e-13,
      2.54478581208658e-14,
      5.097171811593048e-13,
      6.011989632260171e-05,
      0.004241923545964577,
      0.1982538419330318,
      0.36128902553660436,
      0.45922413055049643,
      0.46724259651694533,
      0.45995030284255767,
      0.3606456472689565,
      0.19821596017257528
    ],
    [
      1.1528159615549728e-17,
      1.62905506747521e-05,
      3.860578683968276e-05,
      0.0058450019333444,
      0.06038876291200654,
      0.15133500383501886,
      0.22179825193918995,
      0.25190136499882865,
      0.24350198626529188,
      0.19096467227446826,
      0.10413236404300986,
      0.0038722627712887763,
      0.0004435498626913989,
      3.5110555079455374e-13,
      0.0
    ],
    [
      0.2614613979829272,
      0.15244960342785469,
      0.0007940363618871943,
      3.26451859968397e-12,
      1.0024563096486204e-12,
      0.008106075981364046,
      0.160669521902875,
      0.2728219555098227,
      0.15935752420195914,
      0.007489056143610983,
      4.717437204381917e-13,
      1.4805605144504595e-13,
      6.970152695478469e-13,
      7.23312764300682e-06,
      0.15076826225694237
    ],
    [
      0.28907244869236975,
      0.24966881799268603,
      0.16864293639309444,
      0.06587859399413433,
      0.007345354490855779,
      5.196398997442061e-06,
      2.163394500422832e-06,
      1.85136017973671e-15,
      7.646889768321352e-15,
      7.887045969931861e-07,
      2.463864302996052e-14,
      0.007612819390314597,
      0.11770883906819977,
      0.21358393002986295,
      0.274248402460724
    ],
    [
      1.7427550390991058e-16,
      1.0260629649171108e-05,
      0.014615516080718967,
      0.10911519440210003,
      0.105644178978383,
      0.014047001734799933,
      1.9749921415346142e-05,
      2.8183665596960175e-13,
      8.479429218431297e-14,
      0.014603662180490995,
      0.1185630427709522,
      0.20726270705796088,
      0.11996266934078104,
      0.015240295181343167,
      4.792576357522542e-16
    ]
  ],
  "M": [
    [
      0.13333333333333333,
      0.12756969717617342,
      0.1112753737572572,
      0.08726779962499649,
      0.05969810244882313,
      0.03333333333333335,
      0.012732200375003506,
      0.00145682661774629,
      0.0014568266177462869,
      0.012732200375003498,
      0.033333333333333305,
      0.059698102448823044,
      0.08726779962499648,
      0.11127537375725723,
      0.12756969717617342
    ],
    [
      0.12756969717617342,
      0.1333333333333334,
      0.12756969717617342,
      0.11127537375725723,
      0.08726779962499649,
      0.05969810244882313,
      0.03333333333333333,
      0.012732200375003498,
      0.0014568266177462938,
      0.0014568266177462886,
      0.01273220037500349,
      0.03333333333333329,
      0.059698102448823086,
      0.08726779962499656,
      0.11127537375725725
    ],
    [
      0.1112753737572572,
      0.12756969717617342,
      0.1333333333333333,
      0.12756969717617342,
      0.1112753737572572,
      0.08726779962499649,
      0.05969810244882311,
      0.03333333333333332,
      0.012732200375003512,
      0.0014568266177462923,
      0.001456826617746283,
      0.012732200375003479,
      0.03333333333333332,
      0.05969810244882313,
      0.08726779962499649
    ],
    [
      0.08726779962499649,
      0.11127537375725723,
      0.12756969717617342,
      0.13333333333333333,
      0.12756969717617342,
      0.11127537375725723,
      0.08726779962499649,
      0.05969810244882311,
      0.03333333333333335,
      0.012732200375003512,
      0.0014568266177462969,
      0.0014568266177462784,
      0.01273220037500349,
      0.03333333333333336,
      0.05969810244882311
    ],
    [
      0.05969810244882313,
      0.08726779962499649,
      0.1112753737572572,
      0.12756969717617342,
      0.13333333333333333,
      0.12756969717617342,
      0.11127537375725718,
      0.08726779962499648,
      0.05969810244882311,
      0.033333333333333326,
      0.012732200375003517,
      0.0014568266177462986,
      0.0014568266177462908,
      0.01273220037500353,
      0.03333333333333336
    ],
    [
      0.03333333333333335,
      0.05969810244882313,
      0.08726779962499649,
      0.11127537375725723,
      0.12756969717617342,
      0.13333333333333333,
      0.1275696971761734,
      0.1112753737572572,
      0.08726779962499652,
      0.05969810244882311,
      0.03333333333333336,
      0.012732200375003526,
      0.0014568266177462908,
      0.0014568266177463001,
      0.012732200375003522
    ],
    [
      0.012732200375003506,
      0.03333333333333333,
      0.05969810244882311,
      0.08726779962499649,
      0.11127537375725718,
      0.1275696971761734,
      0.1333333333333333,
      0.1275696971761734,
      0.11127537375725723,
      0.08726779962499649,
      0.05969810244882314,
      0.03333333333333336,
      0.012732200375003517,
      0.0014568266177462847,
      0.0014568266177462932
    ],
    [
      0.00145682661774629,
      0.012732200375003498,
      0.03333333333333332,
      0.05969810244882311,
      0.08726779962499648,
      0.1112753737572572,
      0.1275696971761734,
      0.1333333333333333,
      0.12756969717617342,
      0.11127537375725723,
      0.08726779962499656,
      0.05969810244882314,
      0.03333333333333335,
      0.01273220037500349,
      0.0014568266177462897
    ],
    [
      0.0014568266177462869,
      0.0014568266177462938,
      0.012732200375003512,
      0.03333333333333335,
      0.05969810244882311,
      0.08726779962499652,
      0.11127537375725723,
      0.12756969717617342,
      0.13333333333333333,
      0.12756969717617342,
      0.11127537375725725,
      0.08726779962499652,
      0.05969810244882311,
      0.0333333333333333,
      0.01273220037500349
    ],
    [
      0.012732200375003498,
      0.0014568266177462886,
      0.0014568266177462923,
      0.012732200375003512,
      0.033333333333333326,
      0.05969810244882311,
      0.08726779962499649,
      0.11127537375725723,
      0.12756969717617342,
      0.13333333333333333,
      0.12756969717617342,
      0.11127537375725723,
      0.08726779962499649,
      0.05969810244882307,
      0.03333333333333332
    ],
    [
      0.033333333333333305,
      0.01273220037500349,
      0.001456826617746283,
      0.0014568266177462969,
      0.012732200375003517,
      0.03333333333333336,
      0.05969810244882314,
      0.08726779962499656,
      0.11127537375725725,
      0.12756969717617342,
      0.13333333333333333,
      0.12756969717617342,
      0.1112753737572572,
      0.08726779962499645,
      0.05969810244882307
    ],
    [
      0.059698102448823044,
      0.03333333333333329,
      0.012732200375003479,
      0.0014568266177462784,
      0.0014568266177462986,
      0.012732200375003526,
      0.03333333333333336,
      0.05969810244882314,
      0.08726779962499652,
      0.11127537375725723,
      0.12756969717617342,
      0.13333333333333333,
      0.1275696971761734,
      0.11127537375725713,
      0.08726779962499642
    ],
    [
      0.08726779962499648,
      0.059698102448823086,
      0.03333333333333332,
      0.01273220037500349,
      0.0014568266177462908,
      0.0014568266177462908,
      0.012732200375003517,
      0.03333333333333335,
      0.05969810244882311,
      0.08726779962499649,
      0.1112753737572572,
      0.1275696971761734,
      0.13333333333333333,
      0.1275696971761734,
      0.1112753737572572
    ],
    [
      0.11127537375725723,
      0.08726779962499656,
      0.05969810244882313,
      0.03333333333333336,
      0.01273220037500353,
      0.0014568266177463001,
      0.0014568266177462847,
      0.01273220037500349,
      0.0333333333333333,
      0.05969810244882307,
      0.08726779962499645,
      0.11127537375725713,
      0.1275696971761734,
      0.13333333333333333,
      0.12756969717617342
    ],
    [
      0.12756969717617342,
      0.11127537375725725,
      0.08726779962499649,
      0.05969810244882311,
      0.03333333333333336,
      0.012732200375003522,
      0.0014568266177462932,
      0.0014568266177462897,
      0.01273220037500349,
      0.03333333333333332,
      0.05969810244882307,
      0.08726779962499642,
      0.1112753737572572,
      0.12756969717617342,
      0.1333333333333334
    ]
  ],
  "score": 1.5759239977800968e-16
}