{
  "k": 4,
  "M_approx": [
    [
      0.1766666666666666,
      0.1711912123173647,
      0.15571160506939433,
      0.1329044096437467,
      0.10671319732638196,
      0.08166666666666669,
      0.062095590356253345,
      0.05138398528685901,
      0.05138398528685898,
      0.06209559035625332,
      0.08166666666666667,
      0.10671319732638188,
      0.13290440964374664,
      0.15571160506939435,
      0.17119121231736473
    ],
    [
      0.1711912123173647,
      0.1766666666666667,
      0.17119121231736473,
      0.15571160506939444,
      0.1329044096437467,
      0.10671319732638196,
      0.08166666666666665,
      0.062095590356253325,
      0.051383985286859,
      0.05138398528685897,
      0.06209559035625336,
      0.08166666666666664,
      0.10671319732638193,
      0.13290440964374667,
      0.15571160506939438
    ],
    [
      0.15571160506939433,
      0.17119121231736473,
      0.1766666666666666,
      0.17119121231736478,
      0.15571160506939435,
      0.13290440964374667,
      0.10671319732638194,
      0.08166666666666667,
      0.062095590356253345,
      0.05138398528685898,
      0.051383985286858995,
      0.06209559035625331,
      0.08166666666666665,
      0.10671319732638197,
      0.1329044096437467
    ],
    [
      0.13290440964374664,
      0.15571160506939435,
      0.1711912123173647,
      0.17666666666666672,
      0.17119121231736475,
      0.15571160506939435,
      0.1329044096437467,
      0.10671319732638196,
      0.08166666666666669,
      0.06209559035625335,
      0.051383985286858995,
      0.05138398528685898,
      0.06209559035625333,
      0.08166666666666672,
      0.10671319732638199
    ],
    [
      0.1067131973263819,
      0.13290440964374664,
      0.1557116050693943,
      0.17119121231736475,
      0.17666666666666667,
      0.17119121231736473,
      0.15571160506939438,
      0.13290440964374667,
      0.10671319732638199,
      0.08166666666666669,
      0.06209559035625334,
      0.05138398528685899,
      0.05138398528685897,
      0.06209559035625336,
      0.08166666666666668
    ],
    [
      0.08166666666666667,
      0.10671319732638196,
      0.13290440964374667,
      0.1557116050693944,
      0.17119121231736475,
      0.17666666666666667,
      0.17119121231736475,
      0.15571160506939433,
      0.1329044096437467,
      0.10671319732638196,
      0.08166666666666668,
      0.06209559035625337,
      0.05138398528685898,
      0.051383985286859,
      0.06209559035625335
    ],
    [
      0.06209559035625333,
      0.08166666666666667,
      0.10671319732638192,
      0.13290440964374672,
      0.1557116050693943,
      0.17119121231736464,
      0.1766666666666666,
      0.1711912123173647,
      0.15571160506939438,
      0.1329044096437467,
      0.106713197326382,
      0.08166666666666675,
      0.06209559035625336,
      0.05138398528685898,
      0.051383985286858995
    ],
    [
      0.051383985286859,
      0.06209559035625335,
      0.08166666666666668,
      0.10671319732638197,
      0.13290440964374667,
      0.15571160506939435,
      0.17119121231736475,
      0.1766666666666667,
      0.17119121231736475,
      0.15571160506939438,
      0.13290440964374667,
      0.10671319732638199,
      0.08166666666666668,
      0.06209559035625334,
      0.05138398528685899
    ],
    [
      0.051383985286858995,
      0.05138398528685898,
      0.062095590356253345,
      0.08166666666666669,
      0.10671319732638194,
      0.13290440964374667,
      0.15571160506939435,
      0.17119121231736475,
      0.1766666666666667,
      0.1711912123173647,
      0.15571160506939433,
      0.1329044096437467,
      0.10671319732638194,
      0.08166666666666662,
      0.062095590356253325
    ],
    [
      0.062095590356253345,
      0.051383985286858974,
      0.05138398528685899,
      0.06209559035625332,
      0.08166666666666667,
      0.10671319732638196,
      0.1329044096437467,
      0.15571160506939438,
      0.1711912123173647,
      0.17666666666666667,
      0.1711912123173647,
      0.15571160506939435,
      0.13290440964374667,
      0.10671319732638193,
      0.08166666666666667
    ],
    [
      0.08166666666666662,
      0.06209559035625327,
      0.05138398528685895,
      0.051383985286858946,
      0.06209559035625334,
      0.08166666666666673,
      0.10671319732638206,
      0.1329044096437468,
      0.15571160506939444,
      0.17119121231736475,
      0.1766666666666667,
      0.17119121231736475,
      0.15571160506939435,
      0.1329044096437466,
      0.1067131973263819
    ],
    [
      0.10671319732638193,
      0.08166666666666664,
      0.062095590356253325,
      0.051383985286858946,
      0.05138398528685897,
      0.062095590356253366,
      0.0816666666666667,
      0.106713197326382,
      0.13290440964374667,
      0.15571160506939435,
      0.17119121231736473,
      0.17666666666666664,
      0.17119121231736473,
      0.15571160506939433,
      0.13290440964374667
    ],
    [
      0.13290440964374667,
      0.10671319732638192,
      0.08166666666666667,
      0.062095590356253304,
      0.05138398528685896,
      0.051383985286859,
      0.06209559035625334,
      0.08166666666666672,
      0.10671319732638196,
      0.13290440964374667,
      0.15571160506939433,
      0.1711912123173647,
      0.17666666666666667,
      0.17119121231736467,
      0.15571160506939435
    ],
    [
      0.15571160506939435,
      0.1329044096437467,
      0.106713197326382,
      0.08166666666666669,
      0.06209559035625335,
      0.051383985286859016,
      0.05138398528685898,
      0.06209559035625335,
      0.08166666666666664,
      0.1067131973263819,
      0.13290440964374664,
      0.1557116050693943,
      0.17119121231736473,
      0.17666666666666667,
      0.17119121231736478
    ],
    [
      0.17119121231736473,
      0.15571160506939435,
      0.13290440964374667,
      0.10671319732638193,
      0.08166666666666667,
      0.06209559035625334,
      0.05138398528685898,
      0.051383985286859,
      0.06209559035625331,
      0.08166666666666665,
      0.10671319732638196,
      0.1329044096437466,
      0.15571160506939435,
      0.17119121231736475,
      0.17666666666666672
    ]
  ],
  "A": [
    [
      0.023350045866035053,
      0.04438341173822355,
      0.21160058324931402,
      0.3475902714806702
    ],
    [
      0.061240804780771214,
      0.00835346922299806,
      0.273613063949773,
      0.2923530972059998
    ],
    [
      0.1136594053748135,
      0.003762385983893315,
      0.31702279167567676,
      0.2191746922817379
    ],
    [
      0.17154219539741508,
      0.03140400202163258,
      0.334323830138221,
      0.14070826772422748
    ],
    [
      0.224880714605029,
      0.08649883080709247,
      0.3225246726122315,
      0.07052138118455031
    ],
    [
      0.26445224846142407,
      0.15952047592246055,
      0.28366550062593304,
      0.020749982973263553
    ],
    [
      0.2834145192667302,
      0.2378428315464699,
      0.22446541804025116,
      5.638472268434951e-14
    ],
    [
      0.2784887781318887,
      0.30792325085546557,
      0.1551606569501167,
      0.01185929282867388
    ],
    [
      0.25052673044806584,
      0.3576441926903005,
      0.08773464016200262,
      0.05427728199075477
    ],
    [
      0.20436326828702386,
      0.3784084545071552,
      0.03384593852470612,
      0.11991951180484173
    ],
    [
      0.14798047363829434,
      0.36662570680049944,
      0.0028123981148012018,
      0.19743584439514214
    ],
    [
      0.09112744391825128,
      0.32433329369171576,
      2.4230311131066963e-14,
      0.27342300164301975
    ],
    [
      0.043634584459050975,
      0.25884395762182455,
      0.025895033364254832,
      0.33474211373866425
    ],
    [
      0.013713842120272175,
      0.1814813997492503,
      0.07602001168982485,
      0.3707905491340938
    ],
    [
      0.006538785073700574,
      0.10562230914693559,
      0.1417078708531105,
      0.3753352058596841
    ]
  ],
  "B": [
    [
      1.5901287493006641e-12,
      0.026730282483405584,
      0.06624129620748494,
      0.06336323590079088,
      0.19571122813596928,
      0.2418775762635349,
      0.3060881167511705,
      0.2929763162816753,
      0.1567405984449187,
      0.16701220731430824,
      0.053144902772645074,
      0.024449352956168038,
      0.032765487060566846,
      0.059630334041716714,
      1.6642810762840928e-12
    ],
    [
      0.029604036026750342,
      2.881360459680186e-15,
      1.5470161515663097e-14,
      0.058964743287440814,
      0.05911675768894495,
      0.12101381460902899,
      0.16579746828102193,
      0.23690650749305037,
      0.3512426871405079,
      0.33956930511083844,
      0.36721771897397265,
      0.3142300508543115,
      0.22203475820163315,
      0.11691432577007961,
      0.07802765052085468
    ],
    [
      0.2452693296038335,
      0.3300771992123319,
      0.3917728306386507,
      0.44961049224402666,
      0.38395092279245685,
      0.3290365511142467,
      0.22490373495363064,
      0.14171873870664156,
      0.12362032728392079,
      0.02141354425201195,
      0.01920589023654135,
      7.193248554493686e-14,
      4.6714010945393617e-14,
      0.029744664454231077,
      0.1462393104209948
    ],
    [
      0.3551699097426177,
      0.2897737347356593,
      0.20502733864435324,
      0.09686685465218171,
      0.052577100319655797,
      0.0029445072690470054,
      1.6165154454489624e-13,
      0.011624283998505123,
      0.017194390799533013,
      0.11103154514456876,
      0.17279936431722617,
      0.2652424697996259,
      0.35180695191404376,
      0.4109326432533249,
      0.3935200919621804
    ]
  ],
  "M": [
    [
      0.17666666666666664,
      0.17119121231736473,
      0.15571160506939435,
      0.13290440964374667,
      0.10671319732638197,
      0.08166666666666668,
      0.06209559035625333,
      0.05138398528685898,
      0.051383985286858974,
      0.062095590356253325,
      0.08166666666666664,
      0.10671319732638189,
      0.13290440964374667,
      0.15571160506939435,
      0.17119121231736473
    ],
    [
      0.17119121231736473,
      0.1766666666666667,
      0.17119121231736473,
      0.15571160506939435,
      0.13290440964374667,
      0.10671319732638197,
      0.08166666666666667,
      0.062095590356253325,
      0.05138398528685898,
      0.051383985286858974,
      0.06209559035625332,
      0.08166666666666664,
      0.10671319732638193,
      0.13290440964374672,
      0.15571160506939438
    ],
    [
      0.15571160506939435,
      0.17119121231736473,
      0.17666666666666664,
      0.17119121231736473,
      0.15571160506939435,
      0.13290440964374667,
      0.10671319732638196,
      0.08166666666666665,
      0.06209559035625334,
      0.05138398528685898,
      0.051383985286858974,
      0.06209559035625331,
      0.08166666666666665,
      0.10671319732638197,
      0.13290440964374667
    ],
    [
      0.13290440964374667,
      0.15571160506939435,
      0.17119121231736473,
      0.17666666666666664,
      0.17119121231736473,
      0.15571160506939435,
      0.13290440964374667,
      0.10671319732638196,
      0.08166666666666668,
      0.06209559035625334,
      0.05138398528685899,
      0.05138398528685897,
      0.06209559035625332,
      0.08166666666666669,
      0.10671319732638196
    ],
    [
      0.10671319732638197,
      0.13290440964374667,
      0.15571160506939435,
      0.17119121231736473,
      0.17666666666666664,
      0.17119121231736473,
      0.15571160506939433,
      0.13290440964374667,
      0.10671319732638196,
      0.08166666666666667,
      0.062095590356253345,
      0.05138398528685899,
      0.05138398528685898,
      0.06209559035625335,
      0.08166666666666669
    ],
    [
      0.08166666666666668,
      0.10671319732638197,
      0.13290440964374667,
      0.15571160506939435,
      0.17119121231736473,
      0.17666666666666664,
      0.17119121231736473,
      0.15571160506939435,
      0.1329044096437467,
      0.10671319732638196,
      0.08166666666666669,
      0.06209559035625335,
      0.05138398528685898,
      0.05138398528685899,
      0.06209559035625335
    ],
    [
      0.06209559035625333,
      0.08166666666666667,
      0.10671319732638196,
      0.13290440964374667,
      0.15571160506939433,
      0.17119121231736473,
      0.17666666666666664,
      0.17119121231736473,
      0.15571160506939435,
      0.13290440964374667,
      0.10671319732638199,
      0.08166666666666669,
      0.062095590356253345,
      0.051383985286858974,
      0.05138398528685898
    ],
    [
      0.05138398528685898,
      0.062095590356253325,
      0.08166666666666665,
      0.10671319732638196,
      0.13290440964374667,
      0.15571160506939435,
      0.17119121231736473,
      0.17666666666666664,
      0.17119121231736473,
      0.15571160506939435,
      0.13290440964374672,
      0.10671319732638199,
      0.08166666666666668,
      0.06209559035625332,
      0.05138398528685898
    ],
    [
      0.051383985286858974,
      0.05138398528685898,
      0.06209559035625334,
      0.08166666666666668,
      0.10671319732638196,
      0.1329044096437467,
      0.15571160506939435,
      0.17119121231736473,
      0.17666666666666664,
      0.17119121231736473,
      0.15571160506939438,
      0.1329044096437467,
      0.10671319732638196,
      0.08166666666666664,
      0.06209559035625332
    ],
    [
      0.062095590356253325,
      0.051383985286858974,
      0.05138398528685898,
      0.06209559035625334,
      0.08166666666666667,
      0.10671319732638196,
      0.13290440964374667,
      0.15571160506939435,
      0.17119121231736473,
      0.17666666666666664,
      0.17119121231736473,
      0.15571160506939435,
      0.13290440964374667,
      0.10671319732638192,
      0.08166666666666665
    ],
    [
      0.08166666666666664,
      0.06209559035625332,
      0.051383985286858974,
      0.05138398528685899,
      0.062095590356253345,
      0.08166666666666669,
      0.10671319732638199,
      0.13290440964374672,
      0.15571160506939438,
      0.17119121231736473,
      0.17666666666666664,
      0.17119121231736473,
      0.15571160506939435,
      0.1329044096437466,
      0.10671319732638192
    ],
    [
      0.10671319732638189,
      0.08166666666666664,
      0.06209559035625331,
      0.05138398528685897,
      0.05138398528685899,
      0.06209559035625335,
      0.08166666666666669,
      0.10671319732638199,
      0.1329044096437467,
      0.15571160506939435,
      0.17119121231736473,
      0.17666666666666664,
      0.17119121231736473,
      0.15571160506939427,
      0.1329044096437466
    ],
    [
      0.13290440964374667,
      0.10671319732638193,
      0.08166666666666665,
      0.06209559035625332,
      0.05138398528685898,
      0.05138398528685898,
      0.062095590356253345,
      0.08166666666666668,
      0.10671319732638196,
      0.13290440964374667,
      0.15571160506939435,
      0.17119121231736473,
      0.17666666666666664,
      0.17119121231736473,
      0.15571160506939435
    ],
    [
      0.15571160506939435,
      0.13290440964374672,
      0.10671319732638197,
      0.08166666666666669,
      0.06209559035625335,
      0.05138398528685899,
      0.051383985286858974,
      0.06209559035625332,
      0.08166666666666664,
      0.10671319732638192,
      0.1329044096437466,
      0.15571160506939427,
      0.17119121231736473,
      0.17666666666666664,
      0.17119121231736473
    ],
    [
      0.17119121231736473,
      0.15571160506939438,
      0.13290440964374667,
      0.10671319732638196,
      0.08166666666666669,
      0.06209559035625335,
      0.05138398528685898,
      0.05138398528685898,
      0.06209559035625332,
      0.08166666666666665,
      0.10671319732638192,
      0.1329044096437466,
      0.15571160506939435,
      0.17119121231736473,
      0.1766666666666667
    ]
  ],
  "score": 1.4849232954361468e-16
}