{
  "k": 5,
  "M_approx": [
    [
      0.13374999999999998,
      0.12904004607413588,
      0.11562723208591762,
      0.09555353737758994,
      0.07187500000000004,
      0.04819646262241008,
      0.02812276791408237,
      0.014709953925864135,
      0.009999999999999993,
      0.014709953925864102,
      0.028122767914082376,
      0.04819646262241003,
      0.07187500000000001,
      0.09555353737758993,
      0.11562723208591762,
      0.12904004607413586
    ],
    [
      0.12904004607413583,
      0.13374999999999998,
      0.12904004607413583,
      0.11562723208591759,
      0.09555353737758993,
      0.07187499999999998,
      0.048196462622410056,
      0.028122767914082365,
      0.014709953925864131,
      0.009999999999999978,
      0.014709953925864144,
      0.02812276791408233,
      0.048196462622410084,
      0.07187500000000001,
      0.09555353737758991,
      0.11562723208591762
    ],
    [
      0.11562723208591759,
      0.12904004607413586,
      0.13374999999999998,
      0.12904004607413586,
      0.11562723208591764,
      0.09555353737758994,
      0.07187500000000001,
      0.048196462622410084,
      0.028122767914082383,
      0.014709953925864118,
      0.00999999999999999,
      0.014709953925864067,
      0.028122767914082355,
      0.04819646262241004,
      0.07187499999999995,
      0.09555353737758987
    ],
    [
      0.09555353737758991,
      0.1156272320859176,
      0.12904004607413583,
      0.13374999999999998,
      0.12904004607413586,
      0.1156272320859176,
      0.09555353737758991,
      0.07187499999999997,
      0.048196462622410056,
      0.028122767914082362,
      0.014709953925864107,
      0.00999999999999996,
      0.014709953925864135,
      0.02812276791408237,
      0.04819646262241005,
      0.07187499999999997
    ],
    [
      0.071875,
      0.0955535373775899,
      0.11562723208591763,
      0.12904004607413583,
      0.13374999999999998,
      0.12904004607413586,
      0.11562723208591762,
      0.0955535373775899,
      0.07187499999999998,
      0.04819646262241006,
      0.02812276791408233,
      0.014709953925864109,
      0.010000000000000012,
      0.014709953925864147,
      0.02812276791408237,
      0.048196462622410056
    ],
    [
      0.0481964626224101,
      0.07187499999999998,
      0.09555353737758995,
      0.1156272320859176,
      0.12904004607413583,
      0.13374999999999998,
      0.12904004607413583,
      0.1156272320859176,
      0.09555353737758993,
      0.07187500000000002,
      0.04819646262241004,
      0.028122767914082383,
      0.014709953925864145,
      0.010000000000000002,
      0.014709953925864118,
      0.02812276791408236
    ],
    [
      0.02812276791408239,
      0.048196462622410056,
      0.07187500000000002,
      0.09555353737758991,
      0.11562723208591763,
      0.12904004607413588,
      0.13375,
      0.12904004607413588,
      0.11562723208591763,
      0.09555353737758997,
      0.07187499999999995,
      0.048196462622410084,
      0.028122767914082376,
      0.01470995392586414,
      0.009999999999999995,
      0.014709953925864123
    ],
    [
      0.014709953925864152,
      0.028122767914082376,
      0.04819646262241009,
      0.071875,
      0.09555353737758991,
      0.1156272320859176,
      0.12904004607413586,
      0.13374999999999998,
      0.12904004607413586,
      0.11562723208591766,
      0.09555353737758987,
      0.07187500000000004,
      0.04819646262241007,
      0.028122767914082362,
      0.014709953925864123,
      0.009999999999999998
    ],
    [
      0.010000000000000018,
      0.014709953925864157,
      0.028122767914082383,
      0.048196462622410084,
      0.071875,
      0.0955535373775899,
      0.11562723208591762,
      0.12904004607413586,
      0.13375000000000004,
      0.12904004607413588,
      0.1156272320859176,
      0.09555353737758997,
      0.07187500000000001,
      0.048196462622410056,
      0.028122767914082365,
      0.014709953925864145
    ],
    [
      0.014709953925864123,
      0.010000000000000024,
      0.014709953925864104,
      0.02812276791408238,
      0.048196462622410056,
      0.07187499999999998,
      0.09555353737758993,
      0.11562723208591762,
      0.12904004607413588,
      0.13375,
      0.12904004607413583,
      0.11562723208591764,
      0.09555353737758993,
      0.071875,
      0.04819646262241007,
      0.02812276791408239
    ],
    [
      0.02812276791408235,
      0.014709953925864171,
      0.009999999999999962,
      0.014709953925864145,
      0.02812276791408235,
      0.04819646262241002,
      0.07187499999999997,
      0.09555353737758988,
      0.11562723208591763,
      0.12904004607413586,
      0.13374999999999998,
      0.12904004607413588,
      0.1156272320859176,
      0.09555353737758988,
      0.07187499999999998,
      0.04819646262241008
    ],
    [
      0.04819646262241001,
      0.02812276791408236,
      0.014709953925864062,
      0.01000000000000001,
      0.014709953925864137,
      0.028122767914082383,
      0.04819646262241012,
      0.07187500000000005,
      0.09555353737758998,
      0.11562723208591767,
      0.12904004607413588,
      0.13375000000000004,
      0.12904004607413586,
      0.1156272320859176,
      0.0955535373775899,
      0.07187499999999997
    ],
    [
      0.071875,
      0.048196462622410084,
      0.028122767914082338,
      0.014709953925864154,
      0.010000000000000009,
      0.014709953925864137,
      0.02812276791408239,
      0.04819646262241008,
      0.071875,
      0.09555353737758991,
      0.11562723208591762,
      0.12904004607413588,
      0.13375,
      0.12904004607413586,
      0.11562723208591764,
      0.09555353737758994
    ],
    [
      0.09555353737758994,
      0.07187500000000001,
      0.04819646262241004,
      0.028122767914082386,
      0.014709953925864133,
      0.009999999999999988,
      0.014709953925864121,
      0.028122767914082362,
      0.04819646262241005,
      0.07187499999999998,
      0.09555353737758994,
      0.11562723208591764,
      0.1290400460741359,
      0.13375,
      0.1290400460741359,
      0.11562723208591766
    ],
    [
      0.11562723208591762,
      0.09555353737758994,
      0.07187499999999998,
      0.04819646262241008,
      0.028122767914082376,
      0.014709953925864123,
      0.00999999999999999,
      0.01470995392586412,
      0.028122767914082348,
      0.04819646262241004,
      0.071875,
      0.09555353737758991,
      0.11562723208591764,
      0.12904004607413588,
      0.13375,
      0.12904004607413588
    ],
    [
      0.12904004607413588,
      0.11562723208591763,
      0.0955535373775899,
      0.07187499999999998,
      0.048196462622410056,
      0.028122767914082344,
      0.014709953925864104,
      0.009999999999999988,
      0.014709953925864125,
      0.028122767914082365,
      0.048196462622410105,
      0.07187500000000001,
      0.09555353737758998,
      0.11562723208591766,
      0.1290400460741359,
      0.13375
    ]
  ],
  "A": [
    [
      2.310539589380596e-15,
      0.34667333902652087,
      3.208605381842044e-14,
      0.18015379626569517,
      0.20043433286499512
    ],
    [
      0.005835361250446984,
      0.425375010609096,
      0.016652734042428938,
      0.07423225903117968,
      0.3186999148822975
    ],
    [
      0.0014478305403367907,
      0.4322135067858528,
      0.0793869611709628,
      0.015248020682987739,
      0.30612287373584046
    ],
    [
      3.931252101367176e-14,
      0.3753104303513286,
      0.16947809465192482,
      6.008570718230224e-14,
      0.19460122294240617
    ],
    [
      0.029385504797559418,
      0.2836223906914715,
      0.25289221040104104,
      0.003831213583534151,
      0.06752033701550474
    ],
    [
      0.11169761871187141,
      0.19059043348263677,
      0.29742414755247915,
      0.0002585254181179382,
      0.007979645536034993
    ],
    [
      0.2239688659423988,
      0.10272463823759413,
      0.3039568426989671,
      5.621490219056798e-15,
      1.9480229778131586e-13
    ],
    [
      0.35217216242798094,
      0.03564957923200207,
      0.26924520914727096,
      0.00010676532665497611,
      0.05215175652518293
    ],
    [
      0.4773667753828205,
      3.496179230725499e-14,
      0.198150088842437,
      9.886576695192961e-15,
      0.15788004224859528
    ],
    [
      0.5792434768510161,
      0.00028694097142227933,
      0.10241247098339447,
      0.0009140672431273178,
      0.2980903088265725
    ],
    [
      0.5974646769467044,
      0.003593105696307939,
      0.02952121864799866,
      0.046411992301864165,
      0.34386390515333437
    ],
    [
      0.5164174698705001,
      1.183924062231345e-16,
      2.4254024933608623e-16,
      0.14208364399055995,
      0.25742281793363114
    ],
    [
      0.37342357325919956,
      0.008375465214985119,
      5.052921861168462e-16,
      0.24900817579949128,
      0.11187847748902055
    ],
    [
      0.23045983319394114,
      0.056929694694112,
      2.9875400504158435e-16,
      0.31170955997374217,
      0.025873905584201228
    ],
    [
      0.10929118313011722,
      0.13827074714436116,
      8.544490867238035e-15,
      0.32064207916225757,
      0.012502518658267354
    ],
    [
      0.028364451643394618,
      0.24001518468865699,
      2.572442519521e-14,
      0.27444583829207675,
      0.07379998915876194
    ]
  ],
  "B": [
    [
      2.0499290026974426e-13,
      0.004474428124258918,
      9.490900490825064e-16,
      0.0019426547978549807,
      0.013529822299205945,
      0.011670851935101468,
      0.046650333126546095,
      0.11314295695175651,
      0.1742581650207256,
      0.20143739502001418,
      0.2079244848451397,
      0.18372642350427085,
      0.12556552356387934,
      0.0528673872264013,
      0.01589538161268119,
      8.915599090478832e-16
    ],
    [
      0.22503735493316093,
      0.27893906813481256,
      0.27973269126114036,
      0.24684809084493187,
      0.18998227249189714,
      0.08939914359033056,
      0.02698168247949485,
      0.012232381797591303,
      0.011759293972076312,
      4.713074687190681e-14,
      0.0018859544705602696,
      0.005140593350986989,
      6.545871684604115e-16,
      0.0013207676628591738,
      0.06108546114722973,
      0.1431979141344516
    ],
    [
      0.01646907170808587,
      0.0609968671886727,
      0.14192659755218787,
      0.22950976110446678,
      0.3062313455073489,
      0.38572135069082886,
      0.39653686737829763,
      0.3370313311971955,
      0.24803145932291126,
      0.16593747983661522,
      0.08261914656656004,
      0.021448434114213637,
      6.883412899086708e-16,
      0.00899347999132013,
      0.0005426675282858002,
      1.4050766580257134e-14
    ],
    [
      0.2619047185376246,
      0.17607422397060485,
      0.10353024115034908,
      0.04275917573163636,
      1.3597235053715938e-14,
      4.3484119028610696e-14,
      8.981979865532246e-16,
      3.973436044396369e-14,
      0.022890538406213023,
      0.08165220067939767,
      0.1524750427129323,
      0.2322779642601392,
      0.3148649711946476,
      0.3786229674980666,
      0.3803268877596405,
      0.33705832591930246
    ],
    [
      0.042669433589171475,
      0.0030876350234286505,
      1.892165835101929e-15,
      0.011348642851192211,
      0.03000090430328452,
      0.08583441150976175,
      0.09364133224117625,
      0.052233133586347284,
      0.008978246770051289,
      5.484959245924304e-16,
      4.663085987487392e-14,
      0.022793494733212277,
      0.0755902440047535,
      0.13413519085962763,
      0.12938501244536807,
      0.09317171262654306
    ]
  ],
  "M": [
    [
      0.13375,
      0.12904004607413586,
      0.11562723208591762,
      0.09555353737758993,
      0.07187500000000001,
      0.048196462622410084,
      0.02812276791408238,
      0.014709953925864133,
      0.01,
      0.014709953925864128,
      0.028122767914082372,
      0.048196462622410036,
      0.07187499999999998,
      0.09555353737758994,
      0.11562723208591762,
      0.12904004607413586
    ],
    [
      0.12904004607413586,
      0.13375,
      0.12904004607413586,
      0.11562723208591762,
      0.09555353737758993,
      0.07187499999999998,
      0.048196462622410084,
      0.028122767914082372,
      0.014709953925864133,
      0.01,
      0.01470995392586413,
      0.028122767914082344,
      0.04819646262241007,
      0.07187500000000001,
      0.0955535373775899,
      0.11562723208591762
    ],
    [
      0.11562723208591762,
      0.12904004607413586,
      0.13375,
      0.12904004607413586,
      0.11562723208591762,
      0.09555353737758993,
      0.07187500000000002,
      0.048196462622410084,
      0.02812276791408238,
      0.014709953925864135,
      0.01,
      0.014709953925864118,
      0.028122767914082365,
      0.048196462622410084,
      0.07187499999999998,
      0.09555353737758987
    ],
    [
      0.09555353737758993,
      0.11562723208591762,
      0.12904004607413586,
      0.13375,
      0.12904004607413586,
      0.11562723208591762,
      0.0955535373775899,
      0.07187499999999998,
      0.04819646262241007,
      0.028122767914082372,
      0.014709953925864128,
      0.01,
      0.014709953925864131,
      0.028122767914082393,
      0.04819646262241007,
      0.07187499999999997
    ],
    [
      0.07187500000000001,
      0.09555353737758993,
      0.11562723208591762,
      0.12904004607413586,
      0.13375,
      0.12904004607413586,
      0.11562723208591762,
      0.0955535373775899,
      0.07187499999999998,
      0.04819646262241007,
      0.028122767914082365,
      0.014709953925864142,
      0.01,
      0.01470995392586414,
      0.028122767914082372,
      0.04819646262241005
    ],
    [
      0.048196462622410084,
      0.07187499999999998,
      0.09555353737758993,
      0.11562723208591762,
      0.12904004607413586,
      0.13374999999999998,
      0.12904004607413586,
      0.11562723208591759,
      0.0955535373775899,
      0.07187499999999998,
      0.04819646262241005,
      0.028122767914082393,
      0.014709953925864128,
      0.01,
      0.014709953925864131,
      0.028122767914082344
    ],
    [
      0.02812276791408238,
      0.048196462622410084,
      0.07187500000000002,
      0.0955535373775899,
      0.11562723208591762,
      0.12904004607413586,
      0.13375,
      0.12904004607413586,
      0.11562723208591762,
      0.09555353737758993,
      0.07187499999999998,
      0.04819646262241011,
      0.028122767914082372,
      0.014709953925864123,
      0.01,
      0.01470995392586412
    ],
    [
      0.014709953925864133,
      0.028122767914082372,
      0.048196462622410084,
      0.07187499999999998,
      0.0955535373775899,
      0.11562723208591759,
      0.12904004607413586,
      0.13375,
      0.12904004607413586,
      0.11562723208591762,
      0.0955535373775899,
      0.07187500000000002,
      0.04819646262241007,
      0.02812276791408236,
      0.014709953925864133,
      0.01
    ],
    [
      0.01,
      0.014709953925864133,
      0.02812276791408238,
      0.04819646262241007,
      0.07187499999999998,
      0.0955535373775899,
      0.11562723208591762,
      0.12904004607413586,
      0.13375,
      0.12904004607413586,
      0.11562723208591762,
      0.09555353737758997,
      0.07187500000000001,
      0.04819646262241007,
      0.028122767914082372,
      0.014709953925864144
    ],
    [
      0.014709953925864128,
      0.01,
      0.014709953925864135,
      0.028122767914082372,
      0.04819646262241007,
      0.07187499999999998,
      0.09555353737758993,
      0.11562723208591762,
      0.12904004607413586,
      0.13375,
      0.12904004607413583,
      0.11562723208591764,
      0.09555353737758993,
      0.07187499999999997,
      0.04819646262241007,
      0.028122767914082393
    ],
    [
      0.028122767914082372,
      0.01470995392586413,
      0.01,
      0.014709953925864128,
      0.028122767914082365,
      0.04819646262241005,
      0.07187499999999998,
      0.0955535373775899,
      0.11562723208591762,
      0.12904004607413583,
      0.13375,
      0.12904004607413588,
      0.11562723208591762,
      0.0955535373775899,
      0.07187500000000001,
      0.0481964626224101
    ],
    [
      0.048196462622410036,
      0.028122767914082344,
      0.014709953925864118,
      0.01,
      0.014709953925864142,
      0.028122767914082393,
      0.04819646262241011,
      0.07187500000000002,
      0.09555353737758997,
      0.11562723208591764,
      0.12904004607413588,
      0.13375,
      0.12904004607413586,
      0.11562723208591762,
      0.0955535373775899,
      0.07187500000000001
    ],
    [
      0.07187499999999998,
      0.04819646262241007,
      0.028122767914082365,
      0.014709953925864131,
      0.01,
      0.014709953925864128,
      0.028122767914082372,
      0.04819646262241007,
      0.07187500000000001,
      0.09555353737758993,
      0.11562723208591762,
      0.12904004607413586,
      0.13375,
      0.12904004607413586,
      0.11562723208591762,
      0.09555353737758994
    ],
    [
      0.09555353737758994,
      0.07187500000000001,
      0.048196462622410084,
      0.028122767914082393,
      0.01470995392586414,
      0.01,
      0.014709953925864123,
      0.02812276791408236,
      0.04819646262241007,
      0.07187499999999997,
      0.0955535373775899,
      0.11562723208591762,
      0.12904004607413586,
      0.13375,
      0.12904004607413588,
      0.11562723208591767
    ],
    [
      0.11562723208591762,
      0.0955535373775899,
      0.07187499999999998,
      0.04819646262241007,
      0.028122767914082372,
      0.014709953925864131,
      0.01,
      0.014709953925864133,
      0.028122767914082372,
      0.04819646262241007,
      0.07187500000000001,
      0.0955535373775899,
      0.11562723208591762,
      0.12904004607413588,
      0.13375,
      0.12904004607413588
    ],
    [
      0.12904004607413586,
      0.11562723208591762,
      0.09555353737758987,
      0.07187499999999997,
      0.04819646262241005,
      0.028122767914082344,
      0.01470995392586412,
      0.01,
      0.014709953925864144,
      0.028122767914082393,
      0.0481964626224101,
      0.07187500000000001,
      0.09555353737758994,
      0.11562723208591767,
      0.12904004607413588,
      0.13375
    ]
  ],
  "score": 1.1676857397668883e-16
}