{
  "k": 4,
  "M_approx": [
    [
      0.16874999999999998,
      0.1642303472428577,
      0.15135946513295123,
      0.13209682879667722,
      0.10937500000000001,
      0.08665317120332282,
      0.06739053486704875,
      0.05451965275714232,
      0.049999999999999996,
      0.054519652757142316,
      0.0673905348670487,
      0.08665317120332273,
      0.10937499999999996,
      0.1320968287966772,
      0.15135946513295123,
      0.16423034724285762
    ],
    [
      0.16423034724285762,
      0.16875000000000004,
      0.16423034724285762,
      0.15135946513295132,
      0.13209682879667722,
      0.10937500000000003,
      0.08665317120332282,
      0.06739053486704871,
      0.05451965275714236,
      0.049999999999999975,
      0.05451965275714233,
      0.0673905348670487,
      0.08665317120332278,
      0.10937499999999999,
      0.13209682879667722,
      0.15135946513295126
    ],
    [
      0.15135946513295123,
      0.1642303472428577,
      0.16875,
      0.1642303472428577,
      0.15135946513295126,
      0.13209682879667725,
      0.109375,
      0.08665317120332275,
      0.06739053486704873,
      0.054519652757142344,
      0.04999999999999998,
      0.05451965275714233,
      0.06739053486704878,
      0.08665317120332282,
      0.10937499999999999,
      0.13209682879667722
    ],
    [
      0.13209682879667714,
      0.15135946513295126,
      0.1642303472428576,
      0.16875,
      0.1642303472428576,
      0.15135946513295123,
      0.1320968287966772,
      0.10937499999999996,
      0.08665317120332278,
      0.06739053486704874,
      0.05451965275714234,
      0.04999999999999998,
      0.054519652757142364,
      0.06739053486704874,
      0.08665317120332276,
      0.10937499999999996
    ],
    [
      0.10937500000000001,
      0.13209682879667725,
      0.1513594651329513,
      0.16423034724285768,
      0.16874999999999998,
      0.16423034724285768,
      0.15135946513295126,
      0.13209682879667717,
      0.109375,
      0.0866531712033228,
      0.06739053486704873,
      0.054519652757142364,
      0.05000000000000004,
      0.054519652757142364,
      0.06739053486704873,
      0.08665317120332279
    ],
    [
      0.08665317120332279,
      0.109375,
      0.1320968287966772,
      0.1513594651329513,
      0.16423034724285762,
      0.16874999999999996,
      0.16423034724285765,
      0.1513594651329512,
      0.1320968287966772,
      0.10937499999999999,
      0.08665317120332276,
      0.06739053486704875,
      0.05451965275714237,
      0.049999999999999996,
      0.054519652757142316,
      0.06739053486704871
    ],
    [
      0.06739053486704875,
      0.08665317120332279,
      0.10937500000000001,
      0.13209682879667722,
      0.15135946513295123,
      0.16423034724285765,
      0.16875,
      0.16423034724285768,
      0.1513594651329513,
      0.13209682879667722,
      0.109375,
      0.08665317120332285,
      0.06739053486704878,
      0.05451965275714236,
      0.04999999999999997,
      0.05451965275714233
    ],
    [
      0.05451965275714237,
      0.06739053486704871,
      0.0866531712033228,
      0.10937499999999999,
      0.13209682879667717,
      0.15135946513295123,
      0.16423034724285768,
      0.16875,
      0.16423034724285768,
      0.15135946513295126,
      0.1320968287966772,
      0.10937500000000006,
      0.08665317120332282,
      0.06739053486704874,
      0.05451965275714234,
      0.05
    ],
    [
      0.05000000000000003,
      0.05451965275714234,
      0.06739053486704875,
      0.08665317120332278,
      0.10937499999999997,
      0.13209682879667717,
      0.15135946513295123,
      0.16423034724285765,
      0.16875,
      0.16423034724285765,
      0.15135946513295123,
      0.13209682879667725,
      0.10937500000000003,
      0.0866531712033228,
      0.06739053486704873,
      0.05451965275714235
    ],
    [
      0.05451965275714235,
      0.049999999999999954,
      0.05451965275714233,
      0.06739053486704871,
      0.08665317120332279,
      0.10937499999999997,
      0.13209682879667722,
      0.1513594651329513,
      0.1642303472428577,
      0.16875,
      0.16423034724285762,
      0.1513594651329513,
      0.13209682879667717,
      0.10937499999999994,
      0.08665317120332276,
      0.06739053486704871
    ],
    [
      0.06739053486704875,
      0.05451965275714232,
      0.049999999999999975,
      0.05451965275714231,
      0.06739053486704873,
      0.08665317120332273,
      0.10937499999999999,
      0.1320968287966772,
      0.15135946513295126,
      0.16423034724285765,
      0.16874999999999998,
      0.16423034724285768,
      0.15135946513295126,
      0.1320968287966772,
      0.109375,
      0.0866531712033228
    ],
    [
      0.08665317120332278,
      0.06739053486704871,
      0.05451965275714234,
      0.049999999999999996,
      0.05451965275714237,
      0.06739053486704875,
      0.08665317120332283,
      0.10937500000000006,
      0.13209682879667725,
      0.1513594651329513,
      0.16423034724285765,
      0.16875,
      0.16423034724285762,
      0.15135946513295123,
      0.13209682879667714,
      0.10937499999999996
    ],
    [
      0.10937500000000001,
      0.0866531712033228,
      0.06739053486704873,
      0.05451965275714234,
      0.05000000000000001,
      0.05451965275714232,
      0.06739053486704875,
      0.0866531712033228,
      0.10937500000000003,
      0.1320968287966772,
      0.15135946513295126,
      0.16423034724285765,
      0.16874999999999998,
      0.16423034724285765,
      0.1513594651329513,
      0.13209682879667722
    ],
    [
      0.13209682879667722,
      0.10937500000000004,
      0.08665317120332279,
      0.06739053486704875,
      0.05451965275714236,
      0.04999999999999998,
      0.05451965275714233,
      0.0673905348670487,
      0.08665317120332278,
      0.10937499999999997,
      0.13209682879667717,
      0.15135946513295123,
      0.16423034724285762,
      0.16875,
      0.16423034724285765,
      0.1513594651329513
    ],
    [
      0.1513594651329512,
      0.1320968287966772,
      0.10937499999999994,
      0.08665317120332279,
      0.06739053486704875,
      0.05451965275714236,
      0.050000000000000024,
      0.054519652757142364,
      0.06739053486704878,
      0.0866531712033228,
      0.10937499999999999,
      0.13209682879667717,
      0.15135946513295123,
      0.16423034724285762,
      0.16875,
      0.16423034724285765
    ],
    [
      0.16423034724285762,
      0.15135946513295126,
      0.1320968287966771,
      0.10937499999999997,
      0.08665317120332278,
      0.06739053486704871,
      0.054519652757142344,
      0.05000000000000001,
      0.054519652757142385,
      0.06739053486704873,
      0.0866531712033228,
      0.109375,
      0.13209682879667717,
      0.15135946513295126,
      0.1642303472428577,
      0.16875000000000004
    ]
  ],
  "A": [
    [
      6.067657728270606e-14,
      0.5143818097622249,
      0.1755843444392574,
      0.0326951981079716
    ],
    [
      0.0019174846784016702,
      0.4545735842800012,
      0.2456966746499279,
      0.007028500639862034
    ],
    [
      0.022452460097846672,
      0.36641730116090276,
      0.3061036614149136,
      4.146834708867057e-14
    ],
    [
      0.058478662400801455,
      0.26333395537111565,
      0.3476088885899438,
      0.012679721697405532
    ],
    [
      0.10451142886497779,
      0.16101705185427886,
      0.3638935615834419,
      0.043137293045494
    ],
    [
      0.15354268808427213,
      0.07504341166579034,
      0.3524784865530756,
      0.08673582490513221
    ],
    [
      0.19810787531201854,
      0.018501742171358637,
      0.3151015051943057,
      0.13683783602236582
    ],
    [
      0.23142234477722093,
      6.893799612866646e-16,
      0.2574529240958249,
      0.18581574938045758
    ],
    [
      0.24841427050021964,
      0.022354907678595257,
      0.18830921714418808,
      0.22621312165652838
    ],
    [
      0.24649678582187884,
      0.08216313316081886,
      0.1181968869335176,
      0.2518798191246379
    ],
    [
      0.22596181040243354,
      0.1703194162799175,
      0.057789900168531874,
      0.25890831976445855
    ],
    [
      0.18993560809947888,
      0.27340276206970426,
      0.016284672993501663,
      0.24622859806709455
    ],
    [
      0.14390284163530256,
      0.3757196655865414,
      3.5816047605364045e-15,
      0.21577102671900603
    ],
    [
      0.094871582416008,
      0.4616933057750299,
      0.01141507503036985,
      0.17217249485936775
    ],
    [
      0.050306395188261833,
      0.5182349752694614,
      0.04879205638913981,
      0.12207048374213426
    ],
    [
      0.016991925723059777,
      0.5367367174408195,
      0.1064406374876204,
      0.07309257038404243
    ]
  ],
  "B": [
    [
      0.04212320879161257,
      0.0010245311943417553,
      1.2590249118397293e-13,
      0.0482976801193698,
      0.1322139386988157,
      0.08621463517841647,
      0.1692155240718364,
      0.239759338600099,
      0.19854020872898065,
      0.07849804678621874,
      0.11862655860743412,
      0.12166315128263007,
      0.006587063197426189,
      0.00033820958493560127,
      0.1372078300746838,
      0.12044509103074086
    ],
    [
      0.27021690079134625,
      0.23024011297846636,
      0.17936387429123798,
      0.1266089686024388,
      0.07911603926933874,
      0.022688160303864724,
      0.001251502900611201,
      2.527145011306535e-14,
      0.006701092698442072,
      0.024074825845026196,
      0.08043613842354605,
      0.14039164811527405,
      0.1835138212097849,
      0.2326129065853849,
      0.28489056715878397,
      0.29368588448068084
    ],
    [
      0.16792202914117493,
      0.2608377267082789,
      0.3365787027185776,
      0.38142055664872077,
      0.39006868068945055,
      0.398060458050086,
      0.343403677031203,
      0.26549824279997686,
      0.1975717055189377,
      0.14353224518372443,
      0.05835718882541552,
      0.001130619928043802,
      4.4907019321415016e-14,
      0.004613417929599704,
      0.006225060872525493,
      0.0711554736561613
    ],
    [
      0.00828446238642058,
      1.089991433479916e-12,
      8.809821983223707e-14,
      2.578148217312728e-14,
      0.005786628166077688,
      0.1556684151390531,
      0.19729120494218497,
      0.24169658856966333,
      0.36282335338405286,
      0.5179349284522246,
      0.4823044539797351,
      0.4355300727764004,
      0.45813542650072103,
      0.35586072707128386,
      0.11389796045664993,
      0.02048873613378524
    ]
  ],
  "M": [
    [
      0.16875,
      0.16423034724285765,
      0.15135946513295126,
      0.13209682879667722,
      0.10937500000000001,
      0.0866531712033228,
      0.06739053486704875,
      0.05451965275714235,
      0.05,
      0.05451965275714235,
      0.06739053486704874,
      0.08665317120332276,
      0.10937499999999999,
      0.13209682879667722,
      0.15135946513295126,
      0.16423034724285765
    ],
    [
      0.16423034724285765,
      0.16875,
      0.16423034724285765,
      0.15135946513295126,
      0.13209682879667722,
      0.10937499999999999,
      0.0866531712033228,
      0.06739053486704874,
      0.05451965275714235,
      0.05,
      0.05451965275714235,
      0.06739053486704871,
      0.08665317120332279,
      0.10937500000000001,
      0.13209682879667717,
      0.15135946513295126
    ],
    [
      0.15135946513295126,
      0.16423034724285765,
      0.16875,
      0.16423034724285765,
      0.15135946513295126,
      0.13209682879667722,
      0.10937500000000003,
      0.0866531712033228,
      0.06739053486704875,
      0.05451965275714235,
      0.05,
      0.05451965275714234,
      0.06739053486704874,
      0.0866531712033228,
      0.10937499999999999,
      0.13209682879667717
    ],
    [
      0.13209682879667722,
      0.15135946513295126,
      0.16423034724285765,
      0.16875,
      0.16423034724285765,
      0.15135946513295126,
      0.13209682879667717,
      0.10937499999999999,
      0.08665317120332279,
      0.06739053486704874,
      0.05451965275714235,
      0.05,
      0.05451965275714235,
      0.06739053486704877,
      0.08665317120332279,
      0.10937499999999997
    ],
    [
      0.10937500000000001,
      0.13209682879667722,
      0.15135946513295126,
      0.16423034724285765,
      0.16875,
      0.16423034724285765,
      0.15135946513295126,
      0.13209682879667717,
      0.10937499999999999,
      0.08665317120332279,
      0.06739053486704874,
      0.054519652757142364,
      0.05,
      0.05451965275714236,
      0.06739053486704874,
      0.08665317120332278
    ],
    [
      0.0866531712033228,
      0.10937499999999999,
      0.13209682879667722,
      0.15135946513295126,
      0.16423034724285765,
      0.16874999999999996,
      0.16423034724285765,
      0.15135946513295123,
      0.13209682879667717,
      0.10937499999999999,
      0.08665317120332278,
      0.06739053486704877,
      0.05451965275714235,
      0.05,
      0.05451965275714235,
      0.06739053486704871
    ],
    [
      0.06739053486704875,
      0.0866531712033228,
      0.10937500000000003,
      0.13209682879667717,
      0.15135946513295126,
      0.16423034724285765,
      0.16875,
      0.16423034724285765,
      0.15135946513295126,
      0.13209682879667722,
      0.10937499999999999,
      0.08665317120332283,
      0.06739053486704874,
      0.054519652757142344,
      0.05,
      0.05451965275714234
    ],
    [
      0.05451965275714235,
      0.06739053486704874,
      0.0866531712033228,
      0.10937499999999999,
      0.13209682879667717,
      0.15135946513295123,
      0.16423034724285765,
      0.16875,
      0.16423034724285765,
      0.15135946513295126,
      0.13209682879667717,
      0.10937500000000003,
      0.08665317120332279,
      0.06739053486704873,
      0.05451965275714235,
      0.05
    ],
    [
      0.05,
      0.05451965275714235,
      0.06739053486704875,
      0.08665317120332279,
      0.10937499999999999,
      0.13209682879667717,
      0.15135946513295126,
      0.16423034724285765,
      0.16875,
      0.16423034724285765,
      0.15135946513295126,
      0.13209682879667725,
      0.10937500000000001,
      0.08665317120332279,
      0.06739053486704874,
      0.054519652757142364
    ],
    [
      0.05451965275714235,
      0.05,
      0.05451965275714235,
      0.06739053486704874,
      0.08665317120332279,
      0.10937499999999999,
      0.13209682879667722,
      0.15135946513295126,
      0.16423034724285765,
      0.16875,
      0.16423034724285762,
      0.1513594651329513,
      0.13209682879667722,
      0.10937499999999997,
      0.08665317120332279,
      0.06739053486704877
    ],
    [
      0.06739053486704874,
      0.05451965275714235,
      0.05,
      0.05451965275714235,
      0.06739053486704874,
      0.08665317120332278,
      0.10937499999999999,
      0.13209682879667717,
      0.15135946513295126,
      0.16423034724285762,
      0.16875,
      0.16423034724285768,
      0.15135946513295126,
      0.13209682879667717,
      0.10937500000000001,
      0.08665317120332282
    ],
    [
      0.08665317120332276,
      0.06739053486704871,
      0.05451965275714234,
      0.05,
      0.054519652757142364,
      0.06739053486704877,
      0.08665317120332283,
      0.10937500000000003,
      0.13209682879667725,
      0.1513594651329513,
      0.16423034724285768,
      0.16875,
      0.16423034724285765,
      0.15135946513295126,
      0.13209682879667717,
      0.10937500000000001
    ],
    [
      0.10937499999999999,
      0.08665317120332279,
      0.06739053486704874,
      0.05451965275714235,
      0.05,
      0.05451965275714235,
      0.06739053486704874,
      0.08665317120332279,
      0.10937500000000001,
      0.13209682879667722,
      0.15135946513295126,
      0.16423034724285765,
      0.16875,
      0.16423034724285765,
      0.15135946513295126,
      0.13209682879667722
    ],
    [
      0.13209682879667722,
      0.10937500000000001,
      0.0866531712033228,
      0.06739053486704877,
      0.05451965275714236,
      0.05,
      0.054519652757142344,
      0.06739053486704873,
      0.08665317120332279,
      0.10937499999999997,
      0.13209682879667717,
      0.15135946513295126,
      0.16423034724285765,
      0.16875,
      0.16423034724285768,
      0.1513594651329513
    ],
    [
      0.15135946513295126,
      0.13209682879667717,
      0.10937499999999999,
      0.08665317120332279,
      0.06739053486704874,
      0.05451965275714235,
      0.05,
      0.05451965275714235,
      0.06739053486704874,
      0.08665317120332279,
      0.10937500000000001,
      0.13209682879667717,
      0.15135946513295126,
      0.16423034724285768,
      0.16875,
      0.16423034724285768
    ],
    [
      0.16423034724285765,
      0.15135946513295126,
      0.13209682879667717,
      0.10937499999999997,
      0.08665317120332278,
      0.06739053486704871,
      0.05451965275714234,
      0.05,
      0.054519652757142364,
      0.06739053486704877,
      0.08665317120332282,
      0.10937500000000001,
      0.13209682879667722,
      0.1513594651329513,
      0.16423034724285768,
      0.16875
    ]
  ],
  "score": 1.5113778284447932e-16
}