{
  "k": 11,
  "M_approx": [
    [
      0.12500000000000006,
      0.12024247078195541,
      0.10669417382415919,
      0.08641771452281813,
      0.0624999999999999,
      0.03858228547718206,
      0.018305826175840735,
      0.004757529218044541,
      1.8926826650096984e-17,
      0.004757529218044592,
      0.018305826175840763,
      0.03858228547718185,
      0.06250000000000003,
      0.08641771452281811,
      0.10669417382415922,
      0.12024247078195541
    ],
    [
      0.12024247078195542,
      0.125,
      0.12024247078195542,
      0.10669417382415922,
      0.08641771452281811,
      0.062499999999999965,
      0.03858228547718189,
      0.01830582617584081,
      0.004757529218044677,
      1.48660690863971e-16,
      0.004757529218044629,
      0.018305826175840773,
      0.03858228547718187,
      0.06249999999999999,
      0.0864177145228181,
      0.10669417382415922
    ],
    [
      0.10669417382415919,
      0.12024247078195545,
      0.125,
      0.12024247078195534,
      0.10669417382415931,
      0.08641771452281809,
      0.06250000000000006,
      0.03858228547718191,
      0.018305826175840798,
      0.00475752921804457,
      1.384236914739594e-16,
      0.00475752921804461,
      0.018305826175840735,
      0.03858228547718193,
      0.06249999999999996,
      0.08641771452281806
    ],
    [
      0.08641771452281809,
      0.10669417382415923,
      0.12024247078195544,
      0.12499999999999999,
      0.12024247078195542,
      0.10669417382415915,
      0.08641771452281813,
      0.06250000000000001,
      0.03858228547718191,
      0.018305826175840777,
      0.0047575292180445485,
      3.378779735090561e-18,
      0.004757529218044634,
      0.018305826175840867,
      0.038582285477181885,
      0.06249999999999999
    ],
    [
      0.06249999999999999,
      0.08641771452281806,
      0.10669417382415915,
      0.12024247078195545,
      0.12499999999999996,
      0.12024247078195544,
      0.10669417382415917,
      0.08641771452281807,
      0.06249999999999996,
      0.0385822854771819,
      0.018305826175840742,
      0.004757529218044586,
      1.0329585301561309e-16,
      0.004757529218044735,
      0.018305826175840773,
      0.03858228547718186
    ],
    [
      0.03858228547718192,
      0.06249999999999998,
      0.0864177145228181,
      0.10669417382415919,
      0.12024247078195541,
      0.12500000000000003,
      0.12024247078195537,
      0.10669417382415917,
      0.08641771452281809,
      0.0625,
      0.038582285477181844,
      0.0183058261758408,
      0.004757529218044662,
      2.1839110762589523e-16,
      0.0047575292180445814,
      0.018305826175840728
    ],
    [
      0.01830582617584079,
      0.03858228547718191,
      0.0625,
      0.08641771452281805,
      0.10669417382415926,
      0.12024247078195537,
      0.12499999999999999,
      0.1202424707819554,
      0.1066941738241592,
      0.08641771452281807,
      0.06250000000000004,
      0.038582285477181955,
      0.018305826175840832,
      0.004757529218044626,
      5.02467589687472e-17,
      0.0047575292180446465
    ],
    [
      0.004757529218044595,
      0.0183058261758408,
      0.03858228547718189,
      0.06249999999999997,
      0.0864177145228181,
      0.10669417382415912,
      0.1202424707819554,
      0.12499999999999999,
      0.12024247078195542,
      0.10669417382415919,
      0.0864177145228181,
      0.06250000000000004,
      0.038582285477181906,
      0.018305826175840728,
      0.004757529218044595,
      5.780864754465906e-17
    ],
    [
      9.432676413100692e-17,
      0.004757529218044584,
      0.01830582617584079,
      0.03858228547718186,
      0.06249999999999995,
      0.08641771452281816,
      0.10669417382415919,
      0.12024247078195541,
      0.12500000000000003,
      0.12024247078195546,
      0.10669417382415917,
      0.08641771452281816,
      0.06250000000000003,
      0.03858228547718193,
      0.018305826175840787,
      0.004757529218044573
    ],
    [
      0.004757529218044641,
      3.8358200772449313e-17,
      0.00475752921804465,
      0.01830582617584079,
      0.03858228547718194,
      0.06249999999999995,
      0.08641771452281816,
      0.10669417382415926,
      0.12024247078195545,
      0.12500000000000003,
      0.1202424707819554,
      0.10669417382415926,
      0.08641771452281809,
      0.06249999999999999,
      0.03858228547718188,
      0.018305826175840798
    ],
    [
      0.01830582617584079,
      0.004757529218044598,
      4.3468744477929066e-17,
      0.004757529218044586,
      0.018305826175840863,
      0.03858228547718181,
      0.06249999999999997,
      0.08641771452281809,
      0.10669417382415919,
      0.1202424707819554,
      0.12499999999999999,
      0.12024247078195546,
      0.1066941738241592,
      0.08641771452281811,
      0.06250000000000001,
      0.038582285477181955
    ],
    [
      0.038582285477181864,
      0.01830582617584075,
      0.004757529218044576,
      1.222054950734823e-16,
      0.004757529218044618,
      0.01830582617584086,
      0.03858228547718189,
      0.06250000000000001,
      0.08641771452281811,
      0.10669417382415926,
      0.12024247078195544,
      0.12500000000000003,
      0.12024247078195546,
      0.1066941738241592,
      0.08641771452281809,
      0.06249999999999999
    ],
    [
      0.06249999999999997,
      0.038582285477181864,
      0.018305826175840766,
      0.004757529218044613,
      4.5321970643121977e-17,
      0.004757529218044716,
      0.018305826175840745,
      0.03858228547718186,
      0.06249999999999998,
      0.08641771452281811,
      0.10669417382415919,
      0.12024247078195541,
      0.125,
      0.12024247078195541,
      0.1066941738241592,
      0.08641771452281813
    ],
    [
      0.08641771452281809,
      0.06250000000000003,
      0.03858228547718199,
      0.01830582617584075,
      0.004757529218044813,
      6.131027654903923e-16,
      0.0047575292180446595,
      0.018305826175840794,
      0.03858228547718194,
      0.0624999999999999,
      0.08641771452281814,
      0.10669417382415919,
      0.12024247078195544,
      0.12500000000000006,
      0.12024247078195548,
      0.10669417382415927
    ],
    [
      0.10669417382415922,
      0.08641771452281805,
      0.062499999999999924,
      0.03858228547718187,
      0.018305826175840787,
      0.00475752921804461,
      3.9073261564870703e-17,
      0.004757529218044606,
      0.018305826175840787,
      0.038582285477181885,
      0.06249999999999998,
      0.08641771452281807,
      0.1066941738241592,
      0.12024247078195545,
      0.12499999999999997,
      0.12024247078195544
    ],
    [
      0.12024247078195541,
      0.10669417382415915,
      0.08641771452281802,
      0.06249999999999995,
      0.03858228547718179,
      0.018305826175840836,
      0.0047575292180446,
      3.9820866965072635e-17,
      0.004757529218044635,
      0.0183058261758408,
      0.038582285477181885,
      0.06250000000000001,
      0.08641771452281817,
      0.10669417382415927,
      0.12024247078195542,
      0.12500000000000003
    ]
  ],
  "A": [
    [
      0.4904796181202601,
      0.04947763222498655,
      0.0,
      0.3049903728915259,
      0.021900296278544108,
      3.8762977994616293e-17,
      0.0,
      0.3099731880728909,
      0.0,
      0.0,
      0.0983309266798122
    ],
    [
      0.6592224281534879,
      0.02678341670828234,
      0.04055546661257552,
      0.260676546060515,
      0.07586129835707202,
      0.0,
      0.0,
      0.16304478965326752,
      0.0,
      0.0,
      0.0
    ],
    [
      0.6845957047655539,
      0.0,
      0.12408120888084571,
      0.18729556104311576,
      0.11563828188204665,
      0.0,
      0.0,
      0.05354390880857133,
      1.072767142970208e-15,
      0.011970891156975026,
      0.0
    ],
    [
      0.3459999721528876,
      0.0,
      0.28833848627622943,
      0.13529312193047235,
      0.12182352489317673,
      0.0,
      0.0,
      0.0,
      0.10141750328557521,
      0.0,
      0.0
    ],
    [
      1.5922088128630034e-16,
      0.0,
      0.40885541144906584,
      0.07843946590138691,
      0.11886374076371264,
      0.03625646710302305,
      3.075986740733384e-16,
      0.0,
      0.16390403806697812,
      1.248912484490417e-16,
      0.021177984854587214
    ],
    [
      0.0,
      0.0,
      0.3596240853471866,
      0.0,
      0.14141671428589336,
      0.14800626526259306,
      7.392562633578211e-15,
      0.0,
      0.0769316750170688,
      0.04042629851059405,
      0.0
    ],
    [
      0.0,
      0.0,
      0.3100410844742177,
      0.0,
      0.04965894622997993,
      0.07120699176734137,
      0.16644884243322353,
      0.0,
      0.17447360062176578,
      2.6350680991446154e-16,
      0.0
    ],
    [
      0.0,
      4.958925477622098e-16,
      0.20221213679294214,
      0.0,
      4.889461185464369e-17,
      0.11564674197879703,
      0.23164428287778993,
      0.09377131402733654,
      0.14745878888366093,
      7.685615289171794e-17,
      0.0
    ],
    [
      0.0,
      1.4836920496117797e-15,
      0.052553222115989014,
      0.0,
      0.0,
      0.2745599667746072,
      0.1856609065241592,
      0.267038109560427,
      6.456289532481176e-16,
      0.04042629851059383,
      0.0
    ],
    [
      0.0,
      0.1494508347058371,
      0.0,
      0.0,
      0.0,
      0.2197043308966546,
      0.1828921081404353,
      0.13945552451726284,
      0.012517951433713042,
      0.07870850108818293,
      0.0
    ],
    [
      0.0,
      0.29557867835057866,
      0.0,
      0.0,
      0.0,
      0.10056870919745672,
      0.16314499573877547,
      2.000925551262668e-16,
      0.03005294195281765,
      0.12311186664806077,
      0.10928491362959364
    ],
    [
      0.0,
      0.3582711108947948,
      0.0,
      0.024219558786078215,
      0.0,
      0.03166620481281845,
      0.10844901438390794,
      0.0,
      0.0,
      0.15550686141696057,
      0.25514045434887384
    ],
    [
      0.0,
      0.40404923374290724,
      0.0,
      0.0803770337486761,
      0.015153433809005391,
      0.0,
      0.041700811681992314,
      0.0,
      0.0,
      0.16057782032198695,
      0.2637833942176392
    ],
    [
      0.0,
      0.3338946635037397,
      0.0,
      0.16925440315677281,
      1.4984278687499328e-07,
      0.0,
      0.0,
      0.1563841605982712,
      0.0,
      0.12316516364545474,
      0.2800808769306012
    ],
    [
      0.0,
      0.318331866686238,
      0.0,
      0.29074562267832543,
      9.195813490274219e-17,
      0.0,
      0.0,
      0.15793220013785256,
      0.1269404359510725,
      0.039427780205573505,
      4.4280264880051237e-16
    ],
    [
      0.18439385988084145,
      0.19042290660211858,
      0.0,
      0.3328162298879897,
      0.0,
      0.0,
      0.0,
      0.2578463819182395,
      0.10141750328556924,
      0.0,
      1.241428854672865e-15
    ]
  ],
  "B": [
    [
      0.02491294890580084,
      0.04214836949624754,
      0.06640713949199294,
      0.08819446930305587,
      0.10820016434322607,
      0.07866236223115386,
      0.025800909103583895,
      0.0,
      0.0,
      0.0,
      0.0,
      0.0,
      0.013750085551863514,
      0.03194567810748572,
      0.024136356352332043,
      0.017336712409148584
    ],
    [
      0.02913103115267988,
      1.1147868578829162e-16,
      0.0,
      0.0,
      0.0,
      0.0,
      0.0,
      0.0,
      0.0,
      5.510232183249723e-15,
      0.17762966054190643,
      0.2265898288509338,
      0.25124749100923643,
      0.26694346415053477,
      0.14883968365467817,
      0.06050881937645775
    ],
    [
      5.469018694179583e-16,
      0.0905278311488556,
      0.1749809629196939,
      0.1393586245312607,
      0.2497710170975775,
      0.26245552435566966,
      0.19195205717502334,
      0.14830406765749868,
      0.11730919689552906,
      2.6577086411109805e-17,
      0.0,
      0.0,
      0.0,
      0.0,
      7.477963476890209e-18,
      0.0
    ],
    [
      0.32098609454154314,
      0.297227912588141,
      0.1964333562004969,
      1.1526356835881428e-17,
      3.688434187482065e-16,
      0.0,
      0.0,
      0.0,
      0.0,
      0.0,
      0.0,
      2.4973773144409578e-17,
      2.6764851927970574e-16,
      0.053606734302227475,
      0.22344895601521184,
      0.33135689163242016
    ],
    [
      0.25527537131793254,
      0.21174308621039148,
      0.16610728016324963,
      0.31395717155654207,
      1.0344474344227318e-15,
      4.091640166849504e-09,
      0.1817664946685899,
      0.16202313666705315,
      0.0,
      0.0,
      0.0,
      0.0,
      0.0,
      0.0,
      1.156147132590119e-16,
      0.09580407115389847
    ],
    [
      0.0,
      2.6423725803061835e-17,
      0.0,
      3.724891528344295e-15,
      0.1502399560088352,
      0.18736634218553722,
      0.17233775408982677,
      0.17276069120388643,
      0.18889613316016196,
      0.2199058499659799,
      0.2362967178688162,
      0.10682320086326126,
      4.825034572128952e-17,
      0.0,
      1.4625224979369098e-16,
      0.0
    ],
    [
      0.0,
      0.0,
      0.0,
      3.663614443150855e-17,
      0.0,
      0.11408720751823552,
      0.2654809114836035,
      0.323910029516,
      0.2925112710503176,
      0.23590703334224886,
      0.22523080168040807,
      0.18609757953214714,
      0.10997869320229599,
      0.0285825311158488,
      4.579518053938562e-18,
      0.0
    ],
    [
      0.0,
      6.613945127751744e-17,
      0.03411502867680019,
      0.1170564784923977,
      0.0304220657632084,
      0.0,
      1.4626994032527897e-17,
      3.306972563875872e-17,
      0.0,
      0.0,
      7.631475147405843e-17,
      0.07505285139065832,
      0.13976928972839855,
      0.12461002998498323,
      0.05073544364172567,
      1.500856778989817e-16
    ],
    [
      0.03226344970049874,
      1.7493840821730893e-16,
      1.21926769363579e-15,
      0.1583049415099986,
      0.10635856333692281,
      0.037478437681420416,
      0.0,
      1.580409483326823e-16,
      0.046910336617619994,
      0.18049967296369482,
      0.046910336617616386,
      0.0,
      0.0,
      0.0,
      0.0,
      0.0
    ],
    [
      3.793600185539955e-17,
      5.690400278309933e-17,
      0.0,
      0.0,
      0.0,
      0.0,
      3.177140155389725e-16,
      0.12066439432398066,
      0.3132564788225793,
      0.39742481621949466,
      7.018160343249024e-15,
      0.061725244818503396,
      0.11768401741745145,
      1.754540085812229e-16,
      0.11768401741746873,
      0.11768401741746697
    ],
    [
      0.07984361809782799,
      0.04353326602946815,
      0.0,
      0.0,
      0.0,
      0.0,
      0.016986172114939916,
      0.012296991006648019,
      1.1801627818406399e-16,
      0.04838283720782887,
      0.0967867534726792,
      0.04176494393490318,
      1.4088193208222637e-15,
      0.026095287840416835,
      0.03676503761482146,
      0.056813601733461096
    ]
  ],
  "M": [
    [
      0.125,
      0.12024247078195542,
      0.10669417382415922,
      0.08641771452281811,
      0.06250000000000001,
      0.0385822854771819,
      0.018305826175840787,
      0.00475752921804458,
      0.0,
      0.004757529218044574,
      0.018305826175840777,
      0.03858228547718185,
      0.062499999999999986,
      0.08641771452281813,
      0.10669417382415922,
      0.12024247078195542
    ],
    [
      0.12024247078195542,
      0.125,
      0.12024247078195542,
      0.10669417382415922,
      0.08641771452281811,
      0.062499999999999986,
      0.0385822854771819,
      0.01830582617584078,
      0.00475752921804458,
      0.0,
      0.004757529218044575,
      0.018305826175840752,
      0.038582285477181885,
      0.06250000000000001,
      0.08641771452281809,
      0.10669417382415922
    ],
    [
      0.10669417382415922,
      0.12024247078195542,
      0.125,
      0.12024247078195542,
      0.10669417382415922,
      0.08641771452281811,
      0.06250000000000003,
      0.0385822854771819,
      0.018305826175840787,
      0.004757529218044581,
      0.0,
      0.004757529218044563,
      0.01830582617584077,
      0.0385822854771819,
      0.062499999999999986,
      0.08641771452281806
    ],
    [
      0.08641771452281811,
      0.10669417382415922,
      0.12024247078195542,
      0.125,
      0.12024247078195542,
      0.10669417382415922,
      0.08641771452281809,
      0.062499999999999986,
      0.038582285477181885,
      0.018305826175840777,
      0.004757529218044574,
      0.0,
      0.004757529218044577,
      0.018305826175840798,
      0.038582285477181885,
      0.06249999999999997
    ],
    [
      0.06250000000000001,
      0.08641771452281811,
      0.10669417382415922,
      0.12024247078195542,
      0.125,
      0.12024247078195542,
      0.10669417382415922,
      0.08641771452281809,
      0.062499999999999986,
      0.038582285477181885,
      0.01830582617584077,
      0.0047575292180445875,
      0.0,
      0.004757529218044585,
      0.01830582617584078,
      0.038582285477181864
    ],
    [
      0.0385822854771819,
      0.062499999999999986,
      0.08641771452281811,
      0.10669417382415922,
      0.12024247078195542,
      0.12499999999999997,
      0.12024247078195542,
      0.10669417382415919,
      0.08641771452281809,
      0.062499999999999986,
      0.038582285477181864,
      0.0183058261758408,
      0.004757529218044574,
      0.0,
      0.004757529218044577,
      0.018305826175840752
    ],
    [
      0.018305826175840787,
      0.0385822854771819,
      0.06250000000000003,
      0.08641771452281809,
      0.10669417382415922,
      0.12024247078195542,
      0.125,
      0.12024247078195542,
      0.10669417382415922,
      0.08641771452281811,
      0.062499999999999986,
      0.03858228547718193,
      0.01830582617584078,
      0.0047575292180445684,
      0.0,
      0.004757529218044566
    ],
    [
      0.00475752921804458,
      0.01830582617584078,
      0.0385822854771819,
      0.062499999999999986,
      0.08641771452281809,
      0.10669417382415919,
      0.12024247078195542,
      0.125,
      0.12024247078195542,
      0.10669417382415922,
      0.08641771452281809,
      0.06250000000000003,
      0.038582285477181885,
      0.018305826175840766,
      0.004757529218044578,
      0.0
    ],
    [
      0.0,
      0.00475752921804458,
      0.018305826175840787,
      0.038582285477181885,
      0.062499999999999986,
      0.08641771452281809,
      0.10669417382415922,
      0.12024247078195542,
      0.125,
      0.12024247078195542,
      0.10669417382415922,
      0.08641771452281816,
      0.06250000000000001,
      0.038582285477181885,
      0.01830582617584078,
      0.00475752921804459
    ],
    [
      0.004757529218044574,
      0.0,
      0.004757529218044581,
      0.018305826175840777,
      0.038582285477181885,
      0.062499999999999986,
      0.08641771452281811,
      0.10669417382415922,
      0.12024247078195542,
      0.125,
      0.1202424707819554,
      0.10669417382415924,
      0.08641771452281811,
      0.06249999999999997,
      0.038582285477181885,
      0.0183058261758408
    ],
    [
      0.018305826175840777,
      0.004757529218044575,
      0.0,
      0.004757529218044574,
      0.01830582617584077,
      0.038582285477181864,
      0.062499999999999986,
      0.08641771452281809,
      0.10669417382415922,
      0.1202424707819554,
      0.125,
      0.12024247078195545,
      0.10669417382415922,
      0.08641771452281809,
      0.06250000000000001,
      0.03858228547718191
    ],
    [
      0.03858228547718185,
      0.018305826175840752,
      0.004757529218044563,
      0.0,
      0.0047575292180445875,
      0.0183058261758408,
      0.03858228547718193,
      0.06250000000000003,
      0.08641771452281816,
      0.10669417382415924,
      0.12024247078195545,
      0.125,
      0.12024247078195542,
      0.10669417382415922,
      0.08641771452281809,
      0.06250000000000001
    ],
    [
      0.062499999999999986,
      0.038582285477181885,
      0.01830582617584077,
      0.004757529218044577,
      0.0,
      0.004757529218044574,
      0.01830582617584078,
      0.038582285477181885,
      0.06250000000000001,
      0.08641771452281811,
      0.10669417382415922,
      0.12024247078195542,
      0.125,
      0.12024247078195542,
      0.10669417382415922,
      0.08641771452281813
    ],
    [
      0.08641771452281813,
      0.06250000000000001,
      0.0385822854771819,
      0.018305826175840798,
      0.004757529218044585,
      0.0,
      0.0047575292180445684,
      0.018305826175840766,
      0.038582285477181885,
      0.06249999999999997,
      0.08641771452281809,
      0.10669417382415922,
      0.12024247078195542,
      0.125,
      0.12024247078195545,
      0.10669417382415927
    ],
    [
      0.10669417382415922,
      0.08641771452281809,
      0.062499999999999986,
      0.038582285477181885,
      0.01830582617584078,
      0.004757529218044577,
      0.0,
      0.004757529218044578,
      0.01830582617584078,
      0.038582285477181885,
      0.06250000000000001,
      0.08641771452281809,
      0.10669417382415922,
      0.12024247078195545,
      0.125,
      0.12024247078195545
    ],
    [
      0.12024247078195542,
      0.10669417382415922,
      0.08641771452281806,
      0.06249999999999997,
      0.038582285477181864,
      0.018305826175840752,
      0.004757529218044566,
      0.0,
      0.00475752921804459,
      0.0183058261758408,
      0.03858228547718191,
      0.06250000000000001,
      0.08641771452281813,
      0.10669417382415927,
      0.12024247078195545,
      0.125
    ]
  ],
  "score": 2.749866606551387e-16
}