{
  "k": 10,
  "M_approx": [
    [
      0.11764705882352941,
      0.11367483702378567,
      0.10229464218945054,
      0.08504343269273754,
      0.06425107996842949,
      0.04272570646634804,
      0.023374433154161413,
      0.00881075672178741,
      0.0010015823715351989,
      0.0010015823715352305,
      0.00881075672178743,
      0.023374433154161368,
      0.04272570646634808,
      0.06425107996842958,
      0.08504343269273754,
      0.10229464218945046,
      0.11367483702378561
    ],
    [
      0.11367483702378565,
      0.11764705882352937,
      0.11367483702378563,
      0.10229464218945049,
      0.08504343269273754,
      0.06425107996842953,
      0.04272570646634807,
      0.023374433154161427,
      0.008810756721787409,
      0.0010015823715352002,
      0.001001582371535181,
      0.008810756721787381,
      0.023374433154161406,
      0.0427257064663481,
      0.06425107996842955,
      0.08504343269273748,
      0.10229464218945053
    ],
    [
      0.10229464218945054,
      0.11367483702378556,
      0.11764705882352941,
      0.11367483702378559,
      0.1022946421894505,
      0.08504343269273751,
      0.06425107996842953,
      0.04272570646634813,
      0.023374433154161413,
      0.008810756721787423,
      0.001001582371535179,
      0.0010015823715351618,
      0.008810756721787355,
      0.023374433154161395,
      0.04272570646634808,
      0.06425107996842948,
      0.08504343269273754
    ],
    [
      0.08504343269273758,
      0.10229464218945053,
      0.11367483702378563,
      0.11764705882352941,
      0.11367483702378565,
      0.1022946421894505,
      0.08504343269273751,
      0.0642510799684295,
      0.04272570646634805,
      0.023374433154161385,
      0.008810756721787404,
      0.0010015823715352125,
      0.0010015823715352028,
      0.008810756721787417,
      0.023374433154161354,
      0.042725706466348025,
      0.06425107996842953
    ],
    [
      0.06425107996842953,
      0.08504343269273751,
      0.10229464218945054,
      0.11367483702378563,
      0.1176470588235294,
      0.1136748370237856,
      0.1022946421894505,
      0.08504343269273752,
      0.0642510799684295,
      0.04272570646634808,
      0.02337443315416138,
      0.008810756721787447,
      0.0010015823715352,
      0.0010015823715352127,
      0.008810756721787402,
      0.02337443315416139,
      0.04272570646634806
    ],
    [
      0.0427257064663481,
      0.06425107996842953,
      0.08504343269273756,
      0.1022946421894505,
      0.11367483702378561,
      0.11764705882352945,
      0.11367483702378564,
      0.10229464218945057,
      0.08504343269273754,
      0.06425107996842952,
      0.042725706466348046,
      0.023374433154161434,
      0.008810756721787414,
      0.0010015823715351794,
      0.00100158237153522,
      0.008810756721787402,
      0.023374433154161378
    ],
    [
      0.02337443315416139,
      0.04272570646634811,
      0.06425107996842953,
      0.08504343269273756,
      0.10229464218945056,
      0.1136748370237856,
      0.1176470588235294,
      0.11367483702378565,
      0.10229464218945057,
      0.08504343269273758,
      0.06425107996842956,
      0.04272570646634813,
      0.023374433154161413,
      0.008810756721787438,
      0.0010015823715353595,
      0.00100158237153525,
      0.00881075672178736
    ],
    [
      0.008810756721787404,
      0.023374433154161395,
      0.04272570646634807,
      0.06425107996842955,
      0.08504343269273754,
      0.10229464218945053,
      0.11367483702378567,
      0.11764705882352937,
      0.11367483702378559,
      0.10229464218945056,
      0.0850434326927375,
      0.06425107996842956,
      0.04272570646634806,
      0.023374433154161354,
      0.008810756721787393,
      0.0010015823715352212,
      0.001001582371535158
    ],
    [
      0.001001582371535276,
      0.008810756721787445,
      0.023374433154161368,
      0.04272570646634806,
      0.06425107996842949,
      0.08504343269273752,
      0.10229464218945054,
      0.1136748370237856,
      0.11764705882352935,
      0.11367483702378567,
      0.10229464218945054,
      0.08504343269273759,
      0.06425107996842958,
      0.04272570646634803,
      0.02337443315416139,
      0.00881075672178749,
      0.0010015823715352405
    ],
    [
      0.0010015823715352125,
      0.0010015823715352158,
      0.008810756721787421,
      0.023374433154161395,
      0.04272570646634806,
      0.06425107996842956,
      0.08504343269273762,
      0.10229464218945052,
      0.11367483702378563,
      0.11764705882352944,
      0.11367483702378564,
      0.10229464218945054,
      0.08504343269273758,
      0.0642510799684295,
      0.042725706466348067,
      0.023374433154161434,
      0.008810756721787386
    ],
    [
      0.008810756721787405,
      0.0010015823715352002,
      0.0010015823715352067,
      0.008810756721787402,
      0.02337443315416139,
      0.0427257064663481,
      0.06425107996842958,
      0.0850434326927375,
      0.1022946421894505,
      0.11367483702378564,
      0.11764705882352938,
      0.11367483702378561,
      0.1022946421894506,
      0.08504343269273755,
      0.06425107996842955,
      0.042725706466348115,
      0.023374433154161368
    ],
    [
      0.02337443315416135,
      0.008810756721787364,
      0.0010015823715351787,
      0.0010015823715352114,
      0.008810756721787442,
      0.023374433154161437,
      0.04272570646634816,
      0.06425107996842956,
      0.08504343269273763,
      0.10229464218945059,
      0.11367483702378567,
      0.11764705882352937,
      0.11367483702378563,
      0.1022946421894505,
      0.0850434326927375,
      0.06425107996842953,
      0.04272570646634802
    ],
    [
      0.042725706466348046,
      0.02337443315416138,
      0.008810756721787409,
      0.0010015823715351748,
      0.0010015823715351965,
      0.008810756721787443,
      0.023374433154161423,
      0.04272570646634806,
      0.06425107996842958,
      0.08504343269273752,
      0.10229464218945056,
      0.11367483702378554,
      0.11764705882352942,
      0.11367483702378565,
      0.10229464218945054,
      0.08504343269273756,
      0.0642510799684295
    ],
    [
      0.06425107996842953,
      0.04272570646634807,
      0.023374433154161395,
      0.008810756721787428,
      0.0010015823715352134,
      0.00100158237153523,
      0.008810756721787402,
      0.023374433154161375,
      0.04272570646634804,
      0.06425107996842948,
      0.08504343269273754,
      0.10229464218945049,
      0.11367483702378568,
      0.11764705882352947,
      0.11367483702378567,
      0.10229464218945061,
      0.08504343269273758
    ],
    [
      0.08504343269273752,
      0.06425107996842948,
      0.04272570646634805,
      0.023374433154161402,
      0.008810756721787395,
      0.0010015823715351763,
      0.001001582371535187,
      0.008810756721787435,
      0.023374433154161402,
      0.042725706466348067,
      0.06425107996842953,
      0.0850434326927375,
      0.10229464218945056,
      0.11367483702378568,
      0.11764705882352942,
      0.1136748370237857,
      0.10229464218945056
    ],
    [
      0.10229464218945047,
      0.08504343269273752,
      0.06425107996842948,
      0.042725706466348067,
      0.02337443315416135,
      0.008810756721787388,
      0.0010015823715351833,
      0.0010015823715353196,
      0.008810756721787417,
      0.023374433154161416,
      0.0427257064663481,
      0.06425107996842955,
      0.08504343269273752,
      0.1022946421894506,
      0.11367483702378567,
      0.11764705882352945,
      0.1136748370237856
    ],
    [
      0.11367483702378564,
      0.10229464218945056,
      0.08504343269273758,
      0.06425107996842955,
      0.04272570646634805,
      0.023374433154161385,
      0.008810756721787433,
      0.0010015823715352312,
      0.0010015823715351696,
      0.008810756721787409,
      0.023374433154161368,
      0.04272570646634802,
      0.0642510799684295,
      0.08504343269273756,
      0.1022946421894505,
      0.11367483702378561,
      0.11764705882352941
    ]
  ],
  "A": [
    [
      0.15748378067977103,
      0.5317295905641313,
      0.0002058394093702585,
      3.089932208237716e-13,
      0.02382427785071788,
      8.895703214094508e-05,
      0.051054881972193565,
      0.5098845816001899,
      0.21542170963426382,
      0.002486920489494585
    ],
    [
      9.307091130951817e-14,
      0.4692068216762837,
      1.4979848054832527e-14,
      5.990525324800575e-16,
      2.053327119039722e-13,
      0.0026045009482123715,
      0.15317516240293058,
      0.19929146103356052,
      0.1761860274728859,
      0.07608782312593179
    ],
    [
      0.032097182910773195,
      0.37358289984429854,
      1.4541099314273966e-15,
      0.0,
      1.3139515758914006e-16,
      0.06863512259391527,
      0.18723277452409692,
      6.21002514148766e-14,
      0.11604054533565653,
      0.07959985070366386
    ],
    [
      0.2683206111482205,
      0.28384462306409686,
      0.0014994307916115265,
      0.0,
      4.151568508279337e-16,
      0.1927882107659179,
      0.13838112339241382,
      6.766417185058413e-17,
      0.042591212481091836,
      1.447429617674885e-16
    ],
    [
      0.2510715727098523,
      0.1761386547275975,
      0.038442956371323715,
      6.613717170727537e-05,
      3.7607465649562366e-13,
      0.21655473719745158,
      0.1378020311016477,
      0.00040461443018438,
      0.0034951278474742936,
      0.00944692316174827
    ],
    [
      0.02956689494723454,
      0.06823032746481658,
      0.1020773498067067,
      3.5148490426139976e-17,
      0.0008149255560448459,
      0.15237068006503451,
      0.17189361987174454,
      0.022072387519023635,
      6.965478106667584e-16,
      0.08907669175482186
    ],
    [
      0.0,
      0.00791668242331508,
      0.1545765046270183,
      0.0,
      0.0,
      0.1306731359654761,
      0.12855550446663983,
      0.23725050221813584,
      0.0,
      0.08871990374263357
    ],
    [
      0.15481677882894967,
      1.7426816129720209e-15,
      0.1895319762892391,
      7.589842363431415e-06,
      8.994836291337099e-17,
      0.15079829827670518,
      0.017443429354240193,
      0.6066243772864107,
      0.0044593917936352435,
      0.013333077057103342
    ],
    [
      0.0,
      0.0,
      0.23391750566434016,
      0.012490229173747182,
      0.0,
      0.056520849091692846,
      1.7576360578245597e-17,
      0.8069685810398781,
      0.043618195361567316,
      0.05192407088808007
    ],
    [
      3.204012428994353e-14,
      1.1630883597034905e-12,
      0.20543610933320886,
      0.1140676146460658,
      0.0047540103541923,
      0.034830684327764316,
      0.0011728914195564656,
      0.6660124853589866,
      0.002211713568908326,
      0.029812406735761007
    ],
    [
      3.4610504926472213e-14,
      5.193848822355119e-13,
      0.17360229602038782,
      0.17684240942327495,
      0.058343103325516746,
      0.004375501870295271,
      0.0,
      0.5307020645328672,
      2.502683871445425e-13,
      0.02225562918468202
    ],
    [
      0.060792769446881625,
      1.8589973904416915e-14,
      0.12084261899258741,
      0.22853515820914494,
      0.14031321640516925,
      8.268393878918347e-15,
      1.606981538582454e-16,
      0.3187054687400845,
      1.66607446065536e-16,
      0.0031392782352285425
    ],
    [
      0.10083959052419013,
      7.643534923212774e-15,
      0.05620738899760133,
      0.2724786999881273,
      0.2283794301288388,
      3.759287480294827e-17,
      0.02717409006586886,
      0.004037886424508545,
      6.052376948297504e-14,
      1.7494725867766892e-15
    ],
    [
      0.18595349930441396,
      0.009742782752260067,
      0.028948926695045854,
      0.20163156408626481,
      0.3578850375913236,
      0.0,
      1.4061088462596468e-16,
      0.0,
      0.08222971129769506,
      0.0
    ],
    [
      0.22453641489891782,
      0.09079657307938074,
      7.163862458470378e-15,
      0.1517410289801765,
      0.38007235288827645,
      1.1887674184239768e-16,
      0.0023997070269191263,
      0.007128058275962665,
      0.13570200398742366,
      2.8133578138006923e-13
    ],
    [
      0.23938882505631578,
      0.046695227017064064,
      0.0,
      0.017999252099490357,
      0.5309283972727041,
      1.992234049586033e-16,
      2.9779376636857333e-15,
      3.235614402945277e-14,
      0.2393112842441771,
      0.04681775991727357
    ],
    [
      0.23922529981830332,
      0.3562333591171903,
      0.0,
      7.209681091281499e-16,
      0.23942594739344142,
      1.200063618204507e-16,
      6.611768172095102e-14,
      0.40045582335249585,
      0.2417884526979278,
      1.002066658390305e-16
    ]
  ],
  "B": [
    [
      0.036856280674345494,
      0.10819434563165659,
      0.016475353576386506,
      1.3702547002513394e-14,
      2.0863513278978826e-16,
      7.326135756608138e-15,
      1.8750131748332574e-14,
      0.0,
      1.7158066389327047e-15,
      0.0,
      0.030525761381536478,
      0.0006130555764866859,
      7.463402018566721e-06,
      3.2808325817037017e-17,
      0.029985621439434264,
      0.0022612162482236104,
      1.2110429846888233e-05
    ],
    [
      0.1780420537791031,
      0.06784820726211616,
      0.06526608025429584,
      0.11705002266587898,
      0.09246667356120528,
      2.0611009409647852e-14,
      0.0033154750514790324,
      7.318279439224077e-13,
      8.537270567357898e-15,
      0.0,
      4.724655170516635e-15,
      0.0015747116013930076,
      0.0001918984419614142,
      0.001577549094698306,
      6.995037301786543e-15,
      0.12651541617772558,
      0.19967593108138335
    ],
    [
      0.0,
      3.8857516631307706e-15,
      2.1899468311302266e-18,
      1.1930554994816834e-14,
      1.3885729559183809e-15,
      0.03459825582082764,
      0.3027015339462153,
      0.4198597135298894,
      0.4255085619857842,
      0.44536225254516576,
      0.40819990424780633,
      0.21628752166695484,
      0.002791713102435369,
      1.1013704338197341e-14,
      0.0,
      0.0,
      6.567723181713733e-07
    ],
    [
      0.00027387841952191425,
      0.0008916698766202813,
      1.8108037215813872e-17,
      6.330252449871309e-15,
      2.994362634497224e-15,
      0.0,
      7.722130223050854e-05,
      0.0556457771669828,
      0.1433831166214463,
      0.18939657662815929,
      0.23055820085768533,
      0.279419701864405,
      0.3190936229881394,
      0.339082199927186,
      0.3418215138611182,
      0.19637789555982185,
      0.06789203956983032
    ],
    [
      0.15017293076421254,
      0.014464388658581174,
      1.3909778442629098e-14,
      5.976792466539046e-15,
      1.0760244774075983e-14,
      0.0,
      8.6441473991053155e-16,
      0.0,
      0.00418326577561558,
      0.03679950656019938,
      0.05880899322052096,
      0.11019496323853555,
      0.13254199968612565,
      0.09253205427749699,
      0.026774636560082672,
      0.13708160523022492,
      0.1938419905181032
    ],
    [
      0.0001756566083966876,
      7.245934458949818e-13,
      0.22890685482386294,
      0.3908418087800443,
      0.4292967149612121,
      0.35519921632805884,
      0.2684701997345293,
      0.22556203640755917,
      0.21011836365965966,
      0.11778024801964537,
      1.2706982420022233e-13,
      2.7121896563104445e-13,
      1.8958251193489416e-15,
      1.473671404366995e-16,
      0.0,
      0.0,
      5.7578634930615175e-05
    ],
    [
      0.17068096187370285,
      0.32817399714927575,
      0.2630957944150237,
      0.03685799116345112,
      0.03333666793385732,
      0.24399674095894183,
      0.2304547231097254,
      0.14550993283070546,
      0.01141299050537516,
      1.4479447776683224e-15,
      7.902664306446061e-15,
      1.2969844992610188e-14,
      3.9193902444135283e-13,
      5.192576173756776e-16,
      0.0,
      2.0673491616091596e-14,
      0.0545050580706721
    ],
    [
      0.0,
      0.0,
      5.629566678074069e-18,
      7.429636294326929e-14,
      0.023697733056315798,
      0.058369567355650416,
      0.019052473362071266,
      0.0025011057721171215,
      9.397902589223748e-15,
      8.908038476837104e-16,
      0.004859697113054869,
      0.03810901201174999,
      0.06768625000760708,
      0.03708429564655071,
      0.0042216238202708485,
      0.0,
      9.528260083657264e-06
    ],
    [
      0.022656446431649047,
      0.20174194479370186,
      0.2392676558490135,
      0.09327971190402735,
      0.0012246140429113355,
      6.038295515954484e-16,
      4.574745230837469e-16,
      0.0,
      7.20729480029521e-15,
      0.0,
      0.0001877914732609631,
      0.0015450448563474701,
      0.02209198589486316,
      0.19635453903431857,
      0.35990224252658365,
      0.14576375177569173,
      0.0004066206040017157
    ],
    [
      0.0,
      9.718245540749989e-14,
      1.5644765673312948e-12,
      0.31904861450696725,
      0.40077989452173424,
      0.18819261616425786,
      0.0180567286247359,
      0.0,
      0.08562889963926527,
      0.009131863356408728,
      2.4219056377859728e-14,
      0.0026926161101847937,
      0.0775788025445951,
      5.156656012474043e-13,
      0.0,
      0.0,
      0.002402780613305873
    ]
  ],
  "M": [
    [
      0.11764705882352941,
      0.11367483702378564,
      0.10229464218945053,
      0.08504343269273755,
      0.06425107996842952,
      0.042725706466348067,
      0.023374433154161395,
      0.008810756721787412,
      0.0010015823715351898,
      0.0010015823715351872,
      0.008810756721787404,
      0.023374433154161343,
      0.04272570646634805,
      0.06425107996842956,
      0.08504343269273751,
      0.1022946421894505,
      0.11367483702378564
    ],
    [
      0.11367483702378564,
      0.11764705882352941,
      0.11367483702378564,
      0.10229464218945053,
      0.08504343269273754,
      0.06425107996842955,
      0.04272570646634809,
      0.023374433154161406,
      0.008810756721787404,
      0.0010015823715351924,
      0.0010015823715351904,
      0.008810756721787372,
      0.02337443315416138,
      0.0427257064663481,
      0.06425107996842949,
      0.08504343269273751,
      0.10229464218945053
    ],
    [
      0.10229464218945053,
      0.11367483702378564,
      0.11764705882352941,
      0.11367483702378564,
      0.10229464218945053,
      0.08504343269273755,
      0.06425107996842952,
      0.04272570646634809,
      0.02337443315416138,
      0.008810756721787409,
      0.0010015823715351878,
      0.0010015823715351783,
      0.008810756721787397,
      0.02337443315416141,
      0.04272570646634804,
      0.06425107996842949,
      0.08504343269273754
    ],
    [
      0.08504343269273755,
      0.10229464218945053,
      0.11367483702378564,
      0.11764705882352941,
      0.11367483702378564,
      0.10229464218945053,
      0.08504343269273755,
      0.06425107996842952,
      0.04272570646634805,
      0.02337443315416139,
      0.008810756721787395,
      0.0010015823715351987,
      0.0010015823715351891,
      0.008810756721787424,
      0.023374433154161375,
      0.04272570646634805,
      0.06425107996842955
    ],
    [
      0.06425107996842952,
      0.08504343269273754,
      0.10229464218945053,
      0.11367483702378564,
      0.11764705882352938,
      0.11367483702378561,
      0.10229464218945056,
      0.08504343269273755,
      0.06425107996842952,
      0.04272570646634809,
      0.02337443315416139,
      0.008810756721787437,
      0.0010015823715351928,
      0.0010015823715351939,
      0.00881075672178738,
      0.023374433154161357,
      0.04272570646634805
    ],
    [
      0.042725706466348067,
      0.06425107996842955,
      0.08504343269273755,
      0.10229464218945053,
      0.11367483702378561,
      0.11764705882352941,
      0.11367483702378567,
      0.10229464218945056,
      0.08504343269273754,
      0.06425107996842955,
      0.042725706466348067,
      0.023374433154161434,
      0.008810756721787412,
      0.001001582371535183,
      0.0010015823715351841,
      0.00881075672178738,
      0.023374433154161395
    ],
    [
      0.023374433154161395,
      0.04272570646634809,
      0.06425107996842952,
      0.08504343269273755,
      0.10229464218945056,
      0.11367483702378567,
      0.11764705882352941,
      0.11367483702378567,
      0.10229464218945053,
      0.08504343269273758,
      0.06425107996842952,
      0.042725706466348136,
      0.023374433154161406,
      0.008810756721787391,
      0.001001582371535195,
      0.001001582371535183,
      0.008810756721787404
    ],
    [
      0.008810756721787412,
      0.023374433154161406,
      0.04272570646634809,
      0.06425107996842952,
      0.08504343269273755,
      0.10229464218945056,
      0.11367483702378567,
      0.11764705882352941,
      0.11367483702378561,
      0.10229464218945053,
      0.08504343269273751,
      0.06425107996842956,
      0.04272570646634809,
      0.023374433154161357,
      0.008810756721787409,
      0.001001582371535195,
      0.0010015823715351921
    ],
    [
      0.0010015823715351898,
      0.008810756721787404,
      0.02337443315416138,
      0.04272570646634805,
      0.06425107996842952,
      0.08504343269273754,
      0.10229464218945053,
      0.11367483702378561,
      0.11764705882352938,
      0.11367483702378564,
      0.1022946421894505,
      0.0850434326927376,
      0.06425107996842952,
      0.04272570646634804,
      0.023374433154161416,
      0.008810756721787424,
      0.00100158237153519
    ],
    [
      0.0010015823715351872,
      0.0010015823715351924,
      0.008810756721787409,
      0.02337443315416139,
      0.04272570646634809,
      0.06425107996842955,
      0.08504343269273758,
      0.10229464218945053,
      0.11367483702378564,
      0.11764705882352941,
      0.11367483702378564,
      0.10229464218945059,
      0.08504343269273755,
      0.0642510799684295,
      0.04272570646634809,
      0.023374433154161416,
      0.0088107567217874
    ],
    [
      0.008810756721787404,
      0.0010015823715351904,
      0.0010015823715351878,
      0.008810756721787395,
      0.02337443315416139,
      0.042725706466348067,
      0.06425107996842952,
      0.08504343269273751,
      0.1022946421894505,
      0.11367483702378564,
      0.11764705882352938,
      0.11367483702378564,
      0.10229464218945056,
      0.08504343269273754,
      0.06425107996842956,
      0.042725706466348115,
      0.023374433154161395
    ],
    [
      0.023374433154161343,
      0.008810756721787372,
      0.0010015823715351783,
      0.0010015823715351987,
      0.008810756721787437,
      0.023374433154161434,
      0.042725706466348136,
      0.06425107996842956,
      0.0850434326927376,
      0.10229464218945059,
      0.11367483702378564,
      0.11764705882352941,
      0.11367483702378561,
      0.1022946421894505,
      0.08504343269273751,
      0.06425107996842952,
      0.042725706466348025
    ],
    [
      0.04272570646634805,
      0.02337443315416138,
      0.008810756721787397,
      0.0010015823715351891,
      0.0010015823715351928,
      0.008810756721787412,
      0.023374433154161406,
      0.04272570646634809,
      0.06425107996842952,
      0.08504343269273755,
      0.10229464218945056,
      0.11367483702378561,
      0.11764705882352941,
      0.11367483702378564,
      0.10229464218945056,
      0.08504343269273755,
      0.06425107996842952
    ],
    [
      0.06425107996842956,
      0.0427257064663481,
      0.02337443315416141,
      0.008810756721787424,
      0.0010015823715351939,
      0.001001582371535183,
      0.008810756721787391,
      0.023374433154161357,
      0.04272570646634804,
      0.0642510799684295,
      0.08504343269273754,
      0.1022946421894505,
      0.11367483702378564,
      0.11764705882352941,
      0.11367483702378567,
      0.10229464218945061,
      0.08504343269273758
    ],
    [
      0.08504343269273751,
      0.06425107996842949,
      0.04272570646634804,
      0.023374433154161375,
      0.00881075672178738,
      0.0010015823715351841,
      0.001001582371535195,
      0.008810756721787409,
      0.023374433154161416,
      0.04272570646634809,
      0.06425107996842956,
      0.08504343269273751,
      0.10229464218945056,
      0.11367483702378567,
      0.11764705882352941,
      0.11367483702378567,
      0.1022946421894505
    ],
    [
      0.1022946421894505,
      0.08504343269273751,
      0.06425107996842949,
      0.04272570646634805,
      0.023374433154161357,
      0.00881075672178738,
      0.001001582371535183,
      0.001001582371535195,
      0.008810756721787424,
      0.023374433154161416,
      0.042725706466348115,
      0.06425107996842952,
      0.08504343269273755,
      0.10229464218945061,
      0.11367483702378567,
      0.11764705882352941,
      0.11367483702378561
    ],
    [
      0.11367483702378564,
      0.10229464218945053,
      0.08504343269273754,
      0.06425107996842955,
      0.04272570646634805,
      0.023374433154161395,
      0.008810756721787404,
      0.0010015823715351921,
      0.00100158237153519,
      0.0088107567217874,
      0.023374433154161395,
      0.042725706466348025,
      0.06425107996842952,
      0.08504343269273758,
      0.1022946421894505,
      0.11367483702378561,
      0.11764705882352941
    ]
  ],
  "score": 1.6948631019883694e-16
}