{
  "k": 5,
  "M_approx": [
    [
      0.1264705882352941,
      0.12253808865354777,
      0.11127169576755602,
      0.09419299836581019,
      0.07360856916874522,
      0.052298449401684606,
      0.03314068882261979,
      0.01872264915456952,
      0.010991566547819851,
      0.01099156654781984,
      0.018722649154569525,
      0.033140688822619696,
      0.05229844940168456,
      0.07360856916874527,
      0.09419299836581012,
      0.11127169576755597,
      0.12253808865354775
    ],
    [
      0.12253808865354775,
      0.12647058823529408,
      0.12253808865354775,
      0.11127169576755601,
      0.09419299836581016,
      0.07360856916874525,
      0.0522984494016846,
      0.033140688822619765,
      0.01872264915456954,
      0.010991566547819848,
      0.010991566547819848,
      0.018722649154569476,
      0.03314068882261977,
      0.05229844940168465,
      0.07360856916874522,
      0.09419299836581013,
      0.11127169576755601
    ],
    [
      0.11127169576755605,
      0.12253808865354782,
      0.12647058823529417,
      0.12253808865354779,
      0.11127169576755604,
      0.09419299836581016,
      0.07360856916874522,
      0.05229844940168458,
      0.03314068882261978,
      0.01872264915456954,
      0.010991566547819846,
      0.010991566547819806,
      0.018722649154569507,
      0.03314068882261979,
      0.05229844940168454,
      0.07360856916874518,
      0.09419299836581017
    ],
    [
      0.09419299836581015,
      0.11127169576755602,
      0.1225380886535478,
      0.1264705882352941,
      0.12253808865354779,
      0.11127169576755604,
      0.09419299836581019,
      0.07360856916874522,
      0.05229844940168456,
      0.03314068882261977,
      0.018722649154569525,
      0.010991566547819832,
      0.010991566547819834,
      0.01872264915456957,
      0.033140688822619765,
      0.05229844940168457,
      0.07360856916874524
    ],
    [
      0.07360856916874524,
      0.0941929983658102,
      0.11127169576755606,
      0.12253808865354779,
      0.1264705882352941,
      0.12253808865354772,
      0.11127169576755602,
      0.09419299836581019,
      0.07360856916874521,
      0.052298449401684606,
      0.0331406888226198,
      0.01872264915456957,
      0.010991566547819819,
      0.010991566547819812,
      0.018722649154569462,
      0.03314068882261972,
      0.05229844940168459
    ],
    [
      0.05229844940168458,
      0.07360856916874524,
      0.09419299836581022,
      0.11127169576755602,
      0.12253808865354777,
      0.12647058823529406,
      0.12253808865354777,
      0.11127169576755605,
      0.09419299836581017,
      0.07360856916874527,
      0.05229844940168462,
      0.03314068882261985,
      0.01872264915456954,
      0.01099156654781983,
      0.010991566547819817,
      0.018722649154569514,
      0.03314068882261978
    ],
    [
      0.033140688822619786,
      0.052298449401684606,
      0.07360856916874528,
      0.09419299836581019,
      0.11127169576755605,
      0.12253808865354776,
      0.12647058823529414,
      0.12253808865354782,
      0.11127169576755604,
      0.09419299836581022,
      0.07360856916874528,
      0.05229844940168468,
      0.0331406888226198,
      0.01872264915456952,
      0.010991566547819848,
      0.010991566547819851,
      0.01872264915456955
    ],
    [
      0.018722649154569528,
      0.03314068882261977,
      0.0522984494016846,
      0.0736085691687452,
      0.09419299836581016,
      0.11127169576755598,
      0.12253808865354776,
      0.1264705882352941,
      0.12253808865354776,
      0.11127169576755605,
      0.0941929983658102,
      0.07360856916874532,
      0.05229844940168462,
      0.03314068882261977,
      0.018722649154569563,
      0.01099156654781987,
      0.010991566547819853
    ],
    [
      0.010991566547819829,
      0.018722649154569525,
      0.033140688822619786,
      0.05229844940168457,
      0.07360856916874524,
      0.09419299836581016,
      0.11127169576755602,
      0.12253808865354773,
      0.12647058823529408,
      0.12253808865354777,
      0.11127169576755601,
      0.09419299836581019,
      0.07360856916874522,
      0.05229844940168453,
      0.033140688822619786,
      0.018722649154569542,
      0.010991566547819822
    ],
    [
      0.010991566547819832,
      0.010991566547819836,
      0.018722649154569546,
      0.03314068882261978,
      0.05229844940168462,
      0.0736085691687453,
      0.0941929983658102,
      0.11127169576755601,
      0.12253808865354777,
      0.1264705882352941,
      0.12253808865354777,
      0.11127169576755604,
      0.09419299836581016,
      0.07360856916874518,
      0.05229844940168462,
      0.0331406888226198,
      0.018722649154569504
    ],
    [
      0.01872264915456953,
      0.010991566547819838,
      0.01099156654781984,
      0.018722649154569528,
      0.03314068882261978,
      0.05229844940168461,
      0.07360856916874525,
      0.09419299836581013,
      0.11127169576755604,
      0.12253808865354779,
      0.1264705882352941,
      0.12253808865354779,
      0.11127169576755604,
      0.09419299836581015,
      0.07360856916874527,
      0.05229844940168462,
      0.03314068882261976
    ],
    [
      0.03314068882261973,
      0.0187226491545695,
      0.010991566547819825,
      0.010991566547819862,
      0.018722649154569566,
      0.03314068882261984,
      0.052298449401684675,
      0.07360856916874527,
      0.09419299836581024,
      0.11127169576755609,
      0.12253808865354779,
      0.1264705882352941,
      0.12253808865354775,
      0.11127169576755595,
      0.09419299836581012,
      0.07360856916874518,
      0.052298449401684516
    ],
    [
      0.05229844940168458,
      0.033140688822619765,
      0.01872264915456951,
      0.01099156654781985,
      0.010991566547819841,
      0.018722649154569553,
      0.033140688822619814,
      0.05229844940168457,
      0.07360856916874525,
      0.09419299836581019,
      0.11127169576755602,
      0.12253808865354776,
      0.12647058823529408,
      0.12253808865354776,
      0.11127169576755601,
      0.09419299836581016,
      0.07360856916874521
    ],
    [
      0.07360856916874528,
      0.052298449401684634,
      0.03314068882261979,
      0.018722649154569563,
      0.01099156654781983,
      0.010991566547819827,
      0.01872264915456953,
      0.03314068882261972,
      0.05229844940168455,
      0.07360856916874521,
      0.09419299836581015,
      0.11127169576755598,
      0.12253808865354776,
      0.12647058823529414,
      0.1225380886535478,
      0.11127169576755609,
      0.09419299836581022
    ],
    [
      0.09419299836581015,
      0.07360856916874521,
      0.05229844940168455,
      0.03314068882261977,
      0.018722649154569504,
      0.010991566547819822,
      0.010991566547819867,
      0.018722649154569528,
      0.033140688822619814,
      0.052298449401684634,
      0.07360856916874527,
      0.09419299836581017,
      0.11127169576755604,
      0.12253808865354782,
      0.12647058823529408,
      0.12253808865354775,
      0.11127169576755602
    ],
    [
      0.11127169576755602,
      0.09419299836581015,
      0.07360856916874518,
      0.052298449401684564,
      0.033140688822619745,
      0.01872264915456952,
      0.010991566547819869,
      0.010991566547819845,
      0.018722649154569566,
      0.03314068882261983,
      0.05229844940168463,
      0.07360856916874521,
      0.09419299836581019,
      0.1112716957675561,
      0.12253808865354776,
      0.1264705882352941,
      0.12253808865354776
    ],
    [
      0.12253808865354779,
      0.11127169576755604,
      0.09419299836581016,
      0.07360856916874527,
      0.05229844940168459,
      0.03314068882261979,
      0.018722649154569566,
      0.010991566547819843,
      0.010991566547819864,
      0.018722649154569553,
      0.03314068882261979,
      0.05229844940168453,
      0.07360856916874522,
      0.09419299836581023,
      0.11127169576755602,
      0.12253808865354776,
      0.12647058823529414
    ]
  ],
  "A": [
    [
      0.019896362198635338,
      0.3203187617058335,
      0.10460279562917402,
      4.2691674253010885e-14,
      0.2608112269711027
    ],
    [
      0.14287112940763805,
      0.3366515852050999,
      0.03613087116077378,
      4.349490938887293e-14,
      0.2925272326667433
    ],
    [
      0.3538940769619675,
      0.31575969191700515,
      8.229991067997826e-14,
      3.1419061430263798e-15,
      0.24852751314847016
    ],
    [
      0.6244653864754177,
      0.2604646477961623,
      0.0010898565052518446,
      4.194581305558769e-14,
      0.1347544743484532
    ],
    [
      0.8378782867960733,
      0.19164200776130452,
      0.010923921423926746,
      0.01939436137355897,
      0.02802185852611934
    ],
    [
      0.8906151442663474,
      0.13107950842842758,
      0.0017776126141044208,
      0.07363486535337875,
      6.051799446902698e-14
    ],
    [
      0.8466190929392481,
      0.0750706325453302,
      1.4617609573555887e-13,
      0.1382030252015519,
      4.4801296455208563e-13
    ],
    [
      0.7483891199242155,
      0.025065463055531624,
      0.018750044453164895,
      0.19553423772471976,
      1.893903876505261e-12
    ],
    [
      0.536352174955852,
      3.504400549985059e-14,
      0.029754720696800626,
      0.2555078012086914,
      0.05583322913112623
    ],
    [
      0.2586334750932616,
      2.4727248098676155e-14,
      0.0384147994072146,
      0.3053090792279218,
      0.1450207433129036
    ],
    [
      0.10260736000339413,
      4.995247549941374e-14,
      0.09652206384450807,
      0.30195458275349824,
      0.14064078027777788
    ],
    [
      0.08934602110005212,
      4.610773185399947e-14,
      0.19622880596308592,
      0.24589735512211,
      0.043284878303575795
    ],
    [
      0.004594260966332591,
      0.036134054696026686,
      0.2477206291911602,
      0.1969766619921015,
      0.03170599344710879
    ],
    [
      9.180445478917008e-14,
      0.08007311008369404,
      0.2935890852814516,
      0.1278802732545856,
      1.6441583103726997e-13
    ],
    [
      0.0,
      0.13862479489847382,
      0.3007168642227538,
      0.0663712950876356,
      0.010845579172165323
    ],
    [
      1.281232968115666e-13,
      0.20464977672382403,
      0.26651775671115896,
      0.02186835315821369,
      0.06629958442293109
    ],
    [
      2.9921570200012474e-13,
      0.2692310159072039,
      0.1956105417198479,
      0.00038181637324120936,
      0.15887264506221738
    ]
  ],
  "B": [
    [
      0.007573261454492612,
      0.030381691561464693,
      0.05577612436483425,
      0.09052480189649773,
      0.11902592243775677,
      0.13122809936105637,
      0.12548336105835436,
      0.10327483063476381,
      0.07692432014514737,
      0.052904669428900854,
      0.02849640684232617,
      0.006001262834954624,
      3.8234532144995e-14,
      5.911164442107518e-05,
      5.268656380922799e-06,
      0.0016143566061611186,
      5.970045858936017e-14
    ],
    [
      0.34077385215518435,
      0.35402298274087485,
      0.3340658605455081,
      0.2338194324513896,
      0.12007097556010646,
      0.038457026036088,
      8.356690726884922e-13,
      0.006441406802741315,
      0.011406321643088368,
      1.320855263135486e-13,
      0.002871984533877021,
      0.024489962934343787,
      0.005591803550815969,
      0.00361448963982591,
      0.04891958335940453,
      0.12675535742973157,
      0.24940044488296567
    ],
    [
      0.15416274909935476,
      0.08157908223853182,
      0.017643230401042636,
      9.532716057962107e-14,
      1.8331267922829317e-13,
      1.3473773728172097e-13,
      8.634041570444631e-14,
      0.002011951238722151,
      0.03228358776236095,
      0.09501616111714882,
      0.1647730702555218,
      0.22930352449919866,
      0.3127276978313374,
      0.37179291553708826,
      0.380983565848235,
      0.34408956687180253,
      0.2528116091802487
    ],
    [
      0.008298750635378693,
      2.491763809768061e-14,
      0.0094708627865241,
      1.0576479084399948e-12,
      0.010768745396030812,
      0.061871879587822066,
      0.14640764113142887,
      0.2505016419460566,
      0.32770496719939707,
      0.3574660905547591,
      0.3564854335740796,
      0.32835163071978374,
      0.23675971307547578,
      0.1331465939855469,
      0.05292707540445981,
      0.0007902617269251874,
      2.329399608331512e-14
    ],
    [
      0.003979104015864758,
      2.23254917839125e-13,
      0.005018418142299805,
      0.06707967773050005,
      0.1256824734016703,
      0.1432798008021084,
      0.11749504335644634,
      0.05518971215493009,
      0.009318770834080139,
      0.0,
      1.562485057542936e-16,
      0.004566142438854527,
      0.06822980189695674,
      0.12867170729518437,
      0.1482723253383959,
      0.1328344894238255,
      0.062135537952829015
    ]
  ],
  "M": [
    [
      0.1264705882352941,
      0.12253808865354777,
      0.11127169576755602,
      0.09419299836581017,
      0.07360856916874522,
      0.052298449401684585,
      0.03314068882261978,
      0.01872264915456954,
      0.010991566547819838,
      0.010991566547819836,
      0.01872264915456953,
      0.03314068882261973,
      0.05229844940168457,
      0.07360856916874527,
      0.09419299836581013,
      0.111271695767556,
      0.12253808865354777
    ],
    [
      0.12253808865354777,
      0.1264705882352941,
      0.12253808865354777,
      0.11127169576755602,
      0.09419299836581016,
      0.07360856916874525,
      0.052298449401684606,
      0.03314068882261979,
      0.01872264915456953,
      0.010991566547819841,
      0.01099156654781984,
      0.018722649154569497,
      0.033140688822619765,
      0.05229844940168462,
      0.0736085691687452,
      0.09419299836581013,
      0.11127169576755602
    ],
    [
      0.11127169576755602,
      0.12253808865354777,
      0.1264705882352941,
      0.12253808865354777,
      0.11127169576755602,
      0.09419299836581017,
      0.07360856916874522,
      0.052298449401684606,
      0.033140688822619765,
      0.018722649154569535,
      0.010991566547819836,
      0.010991566547819827,
      0.018722649154569525,
      0.03314068882261979,
      0.05229844940168456,
      0.0736085691687452,
      0.09419299836581016
    ],
    [
      0.09419299836581017,
      0.11127169576755602,
      0.12253808865354777,
      0.1264705882352941,
      0.12253808865354777,
      0.11127169576755602,
      0.09419299836581017,
      0.07360856916874522,
      0.05229844940168457,
      0.03314068882261977,
      0.01872264915456952,
      0.010991566547819846,
      0.010991566547819838,
      0.018722649154569553,
      0.03314068882261976,
      0.05229844940168457,
      0.07360856916874525
    ],
    [
      0.07360856916874522,
      0.09419299836581016,
      0.11127169576755602,
      0.12253808865354777,
      0.12647058823529408,
      0.12253808865354775,
      0.11127169576755605,
      0.09419299836581017,
      0.07360856916874522,
      0.052298449401684606,
      0.03314068882261977,
      0.018722649154569563,
      0.010991566547819841,
      0.010991566547819843,
      0.018722649154569504,
      0.033140688822619745,
      0.05229844940168457
    ],
    [
      0.052298449401684585,
      0.07360856916874525,
      0.09419299836581017,
      0.11127169576755602,
      0.12253808865354775,
      0.1264705882352941,
      0.1225380886535478,
      0.11127169576755605,
      0.09419299836581016,
      0.07360856916874525,
      0.052298449401684585,
      0.03314068882261982,
      0.01872264915456954,
      0.01099156654781983,
      0.010991566547819832,
      0.018722649154569504,
      0.03314068882261978
    ],
    [
      0.03314068882261978,
      0.052298449401684606,
      0.07360856916874522,
      0.09419299836581017,
      0.11127169576755605,
      0.1225380886535478,
      0.1264705882352941,
      0.1225380886535478,
      0.11127169576755602,
      0.0941929983658102,
      0.07360856916874522,
      0.052298449401684655,
      0.03314068882261979,
      0.018722649154569518,
      0.010991566547819843,
      0.01099156654781983,
      0.01872264915456953
    ],
    [
      0.01872264915456954,
      0.03314068882261979,
      0.052298449401684606,
      0.07360856916874522,
      0.09419299836581017,
      0.11127169576755605,
      0.1225380886535478,
      0.1264705882352941,
      0.12253808865354775,
      0.11127169576755602,
      0.09419299836581013,
      0.07360856916874527,
      0.052298449401684606,
      0.033140688822619745,
      0.018722649154569535,
      0.010991566547819843,
      0.010991566547819841
    ],
    [
      0.010991566547819838,
      0.01872264915456953,
      0.033140688822619765,
      0.05229844940168457,
      0.07360856916874522,
      0.09419299836581016,
      0.11127169576755602,
      0.12253808865354775,
      0.12647058823529408,
      0.12253808865354777,
      0.111271695767556,
      0.09419299836581023,
      0.07360856916874522,
      0.05229844940168456,
      0.0331406888226198,
      0.018722649154569553,
      0.010991566547819838
    ],
    [
      0.010991566547819836,
      0.010991566547819841,
      0.018722649154569535,
      0.03314068882261977,
      0.052298449401684606,
      0.07360856916874525,
      0.0941929983658102,
      0.11127169576755602,
      0.12253808865354777,
      0.1264705882352941,
      0.12253808865354777,
      0.11127169576755608,
      0.09419299836581017,
      0.07360856916874521,
      0.052298449401684606,
      0.0331406888226198,
      0.018722649154569525
    ],
    [
      0.01872264915456953,
      0.01099156654781984,
      0.010991566547819836,
      0.01872264915456952,
      0.03314068882261977,
      0.052298449401684585,
      0.07360856916874522,
      0.09419299836581013,
      0.111271695767556,
      0.12253808865354777,
      0.12647058823529408,
      0.12253808865354777,
      0.11127169576755605,
      0.09419299836581016,
      0.07360856916874527,
      0.052298449401684634,
      0.03314068882261978
    ],
    [
      0.03314068882261973,
      0.018722649154569497,
      0.010991566547819827,
      0.010991566547819846,
      0.018722649154569563,
      0.03314068882261982,
      0.052298449401684655,
      0.07360856916874527,
      0.09419299836581023,
      0.11127169576755608,
      0.12253808865354777,
      0.1264705882352941,
      0.12253808865354775,
      0.111271695767556,
      0.09419299836581013,
      0.07360856916874522,
      0.052298449401684544
    ],
    [
      0.05229844940168457,
      0.033140688822619765,
      0.018722649154569525,
      0.010991566547819838,
      0.010991566547819841,
      0.01872264915456954,
      0.03314068882261979,
      0.052298449401684606,
      0.07360856916874522,
      0.09419299836581017,
      0.11127169576755605,
      0.12253808865354775,
      0.1264705882352941,
      0.12253808865354777,
      0.11127169576755605,
      0.09419299836581017,
      0.07360856916874522
    ],
    [
      0.07360856916874527,
      0.05229844940168462,
      0.03314068882261979,
      0.018722649154569553,
      0.010991566547819843,
      0.01099156654781983,
      0.018722649154569518,
      0.033140688822619745,
      0.05229844940168456,
      0.07360856916874521,
      0.09419299836581016,
      0.111271695767556,
      0.12253808865354777,
      0.1264705882352941,
      0.1225380886535478,
      0.1112716957675561,
      0.0941929983658102
    ],
    [
      0.09419299836581013,
      0.0736085691687452,
      0.05229844940168456,
      0.03314068882261976,
      0.018722649154569504,
      0.010991566547819832,
      0.010991566547819843,
      0.018722649154569535,
      0.0331406888226198,
      0.052298449401684606,
      0.07360856916874527,
      0.09419299836581013,
      0.11127169576755605,
      0.1225380886535478,
      0.1264705882352941,
      0.1225380886535478,
      0.111271695767556
    ],
    [
      0.111271695767556,
      0.09419299836581013,
      0.0736085691687452,
      0.05229844940168457,
      0.033140688822619745,
      0.018722649154569504,
      0.01099156654781983,
      0.010991566547819843,
      0.018722649154569553,
      0.0331406888226198,
      0.052298449401684634,
      0.07360856916874522,
      0.09419299836581017,
      0.1112716957675561,
      0.1225380886535478,
      0.1264705882352941,
      0.12253808865354775
    ],
    [
      0.12253808865354777,
      0.11127169576755602,
      0.09419299836581016,
      0.07360856916874525,
      0.05229844940168457,
      0.03314068882261978,
      0.01872264915456953,
      0.010991566547819841,
      0.010991566547819838,
      0.018722649154569525,
      0.03314068882261978,
      0.052298449401684544,
      0.07360856916874522,
      0.0941929983658102,
      0.111271695767556,
      0.12253808865354775,
      0.1264705882352941
    ]
  ],
  "score": 1.3643089925770535e-16
}