{
  "k": 10,
  "M_approx": [
    [
      0.11764705882352942,
      0.11367483702378561,
      0.10229464218945053,
      0.08504343269273754,
      0.0642510799684295,
      0.04272570646634805,
      0.023374433154161385,
      0.008810756721787409,
      0.0010015823715352045,
      0.0010015823715351596,
      0.008810756721787412,
      0.023374433154161354,
      0.042725706466348067,
      0.0642510799684295,
      0.08504343269273756,
      0.10229464218945053,
      0.11367483702378561
    ],
    [
      0.11367483702378565,
      0.11764705882352941,
      0.11367483702378559,
      0.10229464218945053,
      0.08504343269273755,
      0.06425107996842952,
      0.04272570646634809,
      0.02337443315416141,
      0.008810756721787421,
      0.0010015823715352075,
      0.0010015823715351965,
      0.008810756721787358,
      0.023374433154161364,
      0.04272570646634806,
      0.06425107996842952,
      0.08504343269273748,
      0.1022946421894505
    ],
    [
      0.10229464218945047,
      0.11367483702378556,
      0.1176470588235294,
      0.11367483702378565,
      0.10229464218945047,
      0.08504343269273751,
      0.06425107996842949,
      0.04272570646634807,
      0.023374433154161385,
      0.008810756721787464,
      0.0010015823715352242,
      0.0010015823715352494,
      0.008810756721787391,
      0.023374433154161385,
      0.04272570646634804,
      0.06425107996842948,
      0.08504343269273755
    ],
    [
      0.0850434326927375,
      0.10229464218945046,
      0.11367483702378563,
      0.11764705882352945,
      0.11367483702378563,
      0.10229464218945057,
      0.08504343269273754,
      0.06425107996842953,
      0.04272570646634802,
      0.023374433154161392,
      0.008810756721787378,
      0.0010015823715352268,
      0.0010015823715351774,
      0.008810756721787437,
      0.023374433154161375,
      0.042725706466348025,
      0.06425107996842952
    ],
    [
      0.06425107996842955,
      0.08504343269273752,
      0.10229464218945052,
      0.1136748370237856,
      0.11764705882352933,
      0.11367483702378563,
      0.10229464218945057,
      0.08504343269273751,
      0.06425107996842953,
      0.042725706466348115,
      0.0233744331541614,
      0.008810756721787466,
      0.0010015823715351967,
      0.0010015823715352609,
      0.008810756721787402,
      0.02337443315416136,
      0.04272570646634807
    ],
    [
      0.042725706466348094,
      0.06425107996842955,
      0.08504343269273756,
      0.10229464218945052,
      0.11367483702378559,
      0.11764705882352944,
      0.11367483702378572,
      0.10229464218945054,
      0.08504343269273755,
      0.06425107996842953,
      0.04272570646634806,
      0.02337443315416145,
      0.00881075672178738,
      0.0010015823715351856,
      0.0010015823715351629,
      0.008810756721787381,
      0.02337443315416138
    ],
    [
      0.023374433154161427,
      0.04272570646634811,
      0.06425107996842952,
      0.08504343269273754,
      0.1022946421894506,
      0.11367483702378568,
      0.11764705882352941,
      0.1136748370237857,
      0.10229464218945054,
      0.08504343269273758,
      0.06425107996842955,
      0.04272570646634814,
      0.023374433154161395,
      0.008810756721787367,
      0.0010015823715351906,
      0.0010015823715351807,
      0.008810756721787404
    ],
    [
      0.008810756721787421,
      0.02337443315416143,
      0.042725706466348067,
      0.06425107996842952,
      0.08504343269273763,
      0.10229464218945057,
      0.11367483702378565,
      0.11764705882352945,
      0.11367483702378561,
      0.10229464218945052,
      0.08504343269273752,
      0.06425107996842958,
      0.042725706466348067,
      0.02337443315416136,
      0.008810756721787431,
      0.0010015823715352002,
      0.0010015823715351978
    ],
    [
      0.0010015823715351629,
      0.008810756721787402,
      0.02337443315416139,
      0.04272570646634803,
      0.0642510799684295,
      0.08504343269273754,
      0.10229464218945054,
      0.11367483702378557,
      0.11764705882352938,
      0.11367483702378561,
      0.10229464218945052,
      0.08504343269273758,
      0.06425107996842952,
      0.042725706466348046,
      0.02337443315416141,
      0.008810756721787409,
      0.0010015823715351846
    ],
    [
      0.0010015823715351713,
      0.0010015823715352086,
      0.008810756721787414,
      0.023374433154161368,
      0.042725706466348067,
      0.06425107996842955,
      0.08504343269273758,
      0.10229464218945053,
      0.11367483702378567,
      0.11764705882352947,
      0.11367483702378564,
      0.1022946421894506,
      0.08504343269273755,
      0.0642510799684295,
      0.04272570646634807,
      0.023374433154161427,
      0.008810756721787417
    ],
    [
      0.008810756721787385,
      0.0010015823715352006,
      0.0010015823715351676,
      0.008810756721787372,
      0.023374433154161402,
      0.042725706466348025,
      0.0642510799684295,
      0.0850434326927375,
      0.10229464218945054,
      0.11367483702378568,
      0.11764705882352945,
      0.11367483702378568,
      0.10229464218945054,
      0.08504343269273755,
      0.06425107996842955,
      0.0427257064663481,
      0.0233744331541614
    ],
    [
      0.023374433154161323,
      0.00881075672178738,
      0.001001582371535162,
      0.001001582371535184,
      0.008810756721787456,
      0.023374433154161423,
      0.04272570646634814,
      0.06425107996842959,
      0.08504343269273758,
      0.10229464218945057,
      0.11367483702378564,
      0.11764705882352945,
      0.11367483702378559,
      0.10229464218945052,
      0.08504343269273752,
      0.06425107996842955,
      0.04272570646634803
    ],
    [
      0.04272570646634806,
      0.023374433154161413,
      0.008810756721787374,
      0.0010015823715352314,
      0.0010015823715353814,
      0.00881075672178745,
      0.023374433154161413,
      0.04272570646634807,
      0.06425107996842953,
      0.0850434326927376,
      0.10229464218945056,
      0.11367483702378559,
      0.1176470588235294,
      0.11367483702378568,
      0.10229464218945054,
      0.08504343269273752,
      0.06425107996842949
    ],
    [
      0.06425107996842956,
      0.04272570646634813,
      0.023374433154161434,
      0.008810756721787438,
      0.0010015823715352578,
      0.0010015823715351763,
      0.008810756721787378,
      0.02337443315416137,
      0.04272570646634804,
      0.06425107996842949,
      0.08504343269273755,
      0.10229464218945052,
      0.11367483702378563,
      0.11764705882352941,
      0.11367483702378567,
      0.10229464218945064,
      0.08504343269273758
    ],
    [
      0.08504343269273748,
      0.0642510799684295,
      0.04272570646634806,
      0.0233744331541614,
      0.008810756721787483,
      0.0010015823715352722,
      0.0010015823715352299,
      0.008810756721787404,
      0.023374433154161413,
      0.04272570646634806,
      0.06425107996842955,
      0.08504343269273752,
      0.10229464218945056,
      0.11367483702378568,
      0.11764705882352938,
      0.11367483702378567,
      0.10229464218945047
    ],
    [
      0.10229464218945047,
      0.08504343269273745,
      0.06425107996842948,
      0.04272570646634808,
      0.02337443315416138,
      0.0088107567217874,
      0.0010015823715351952,
      0.0010015823715351939,
      0.008810756721787412,
      0.023374433154161448,
      0.042725706466348094,
      0.06425107996842953,
      0.08504343269273752,
      0.1022946421894506,
      0.11367483702378564,
      0.11764705882352941,
      0.11367483702378564
    ],
    [
      0.11367483702378559,
      0.1022946421894505,
      0.08504343269273754,
      0.06425107996842953,
      0.04272570646634804,
      0.02337443315416141,
      0.00881075672178738,
      0.0010015823715351535,
      0.0010015823715352238,
      0.008810756721787454,
      0.02337443315416141,
      0.04272570646634802,
      0.0642510799684295,
      0.08504343269273754,
      0.10229464218945047,
      0.11367483702378561,
      0.11764705882352942
    ]
  ],
  "A": [
    [
      0.04215149936762929,
      7.034425097128655e-13,
      8.71825655208445e-17,
      0.21917734904752204,
      0.11783132533665237,
      0.5371874516798548,
      9.747158101388227e-18,
      3.5903814478943775e-17,
      0.11025594499791432,
      0.0035727766157470013
    ],
    [
      0.0005857773877473556,
      0.00029315545869967684,
      1.5124147497567583e-13,
      0.30168558870967516,
      0.15913567841896842,
      0.45162157863593005,
      3.09857025959921e-16,
      9.216698346243073e-05,
      0.01282624686366886,
      0.031699290600764485
    ],
    [
      0.07515762628325155,
      0.3334352004036345,
      0.0,
      0.22762053241924476,
      0.35711407184776156,
      0.09250660877696787,
      0.0,
      0.0,
      0.0,
      1.13900966217881e-13
    ],
    [
      1.0517362480355804e-11,
      0.42383168496838874,
      2.7600151381057024e-16,
      0.27556729810735353,
      0.28698649792794767,
      6.576103837143631e-14,
      5.90269250903111e-05,
      0.05614705045706538,
      1.190580231828246e-13,
      0.016432726951651953
    ],
    [
      6.819904415041123e-17,
      1.0594725751833472e-11,
      0.0,
      0.3776085303064682,
      0.11135793751849069,
      0.0,
      1.354341967771861e-14,
      0.15725405112077903,
      0.0,
      0.1467373639097166
    ],
    [
      0.002303283323194324,
      0.04517041741503425,
      5.0175951317134754e-05,
      0.3750431061412146,
      0.009932183017181868,
      0.0001373842980263812,
      0.05680121714882535,
      0.16225546557234444,
      2.580759940277599e-12,
      0.1504267658316425
    ],
    [
      0.001288420301855294,
      0.5909476514063298,
      6.959487468149818e-15,
      0.26372962798619853,
      4.1888299109540206e-05,
      3.298705493347216e-05,
      0.1651478026734114,
      0.06551909117572492,
      2.2541666117881314e-13,
      0.017784469663972735
    ],
    [
      0.1608030081072746,
      0.5572982730539915,
      3.5677945501019385e-15,
      0.16987913276077599,
      1.4764463210208236e-16,
      1.668793216823589e-17,
      0.25177559984192804,
      0.006207470758089657,
      3.309965058938955e-14,
      0.012362069404802625
    ],
    [
      0.4361368182891517,
      1.2529853213338651e-11,
      1.9612246725251485e-17,
      0.10408303116117205,
      7.210528241889893e-15,
      0.0,
      0.2985774013143597,
      9.957324548828563e-15,
      0.014442247788399636,
      0.12419714881750082
    ],
    [
      0.4974292122632733,
      1.2695595371618868e-11,
      0.019271205499213344,
      7.900910440845513e-18,
      1.7678861882199025e-14,
      5.05093393857778e-13,
      0.30252541057057303,
      2.7127326495201943e-16,
      0.09432167126183802,
      0.10305844870493792
    ],
    [
      0.2521879971427691,
      0.001270749916368144,
      0.1614527932693493,
      0.00021808025546453838,
      3.110982698099887e-05,
      3.875470410680634e-05,
      0.26130297204559555,
      0.004609638188262769,
      0.00894484641330905,
      0.08005800193676513
    ],
    [
      0.03158841826248838,
      1.1353225804907508e-14,
      0.26611828725921943,
      6.32072835267641e-17,
      2.1272983012035242e-17,
      0.0,
      0.1803202794603028,
      0.0473212428768957,
      1.3235741617430161e-15,
      0.061279139244058305
    ],
    [
      0.0,
      0.0,
      0.2608707824622856,
      0.0,
      1.167481567684315e-16,
      0.18318200629259385,
      0.1703753682651464,
      0.0,
      0.001425399264153781,
      0.02262697989098525
    ],
    [
      1.7429275981129447e-15,
      2.4303553954099846e-14,
      0.21622029459090766,
      0.0,
      8.789725456588414e-13,
      0.3086606608207934,
      0.11509043207652273,
      0.01289793127607781,
      0.09077783069672792,
      4.9345167236455255e-14
    ],
    [
      0.0,
      0.0,
      0.16786636882349518,
      0.0,
      0.032733140195733715,
      0.3030709190990151,
      0.013083160906578937,
      0.0862770265022121,
      0.22417183625946566,
      0.0
    ],
    [
      0.03360026500838057,
      3.3229947131082994e-16,
      0.21997677416294378,
      6.375304582419709e-16,
      0.3224775180076168,
      0.11039630603187872,
      1.4303776549841554e-16,
      3.4566486445246936e-17,
      0.04098391051644041,
      6.608174458092735e-16
    ],
    [
      0.2955760496630118,
      0.0,
      0.025006349182651138,
      2.0616950453188279e-16,
      0.3108777719777936,
      0.25121591798213555,
      0.0,
      0.0,
      0.2134123393424453,
      8.187451161490288e-17
    ]
  ],
  "B": [
    [
      4.19734699765926e-17,
      2.4236776627247236e-15,
      1.2531607054241892e-14,
      0.031707265720341625,
      0.07672212922307649,
      0.05654060444096378,
      0.02980876404492578,
      0.0011757022793358906,
      1.5456031620705228e-15,
      0.021052614626051982,
      0.008660688180035897,
      5.938618768248249e-14,
      0.050858177107940536,
      0.09442112666952136,
      0.04933188236870858,
      0.0020015190750588534,
      6.1026653628290415e-18
    ],
    [
      0.010415448478632594,
      0.01451375369284934,
      0.011924732112401531,
      0.024920418574954747,
      0.05454251355857198,
      0.10519357320259325,
      0.12216734241465937,
      0.1039361698923044,
      0.07005610470379903,
      0.021678851455045937,
      0.0010516754245496543,
      0.0,
      0.0013646251175035077,
      0.014698111142407695,
      0.0015755326792240957,
      1.761732709189567e-14,
      0.0002083457518717624
    ],
    [
      0.04793762659312378,
      0.0,
      2.56299069820039e-13,
      0.0,
      0.0,
      5.997184216349657e-17,
      2.758704739520842e-16,
      0.0014837868676318585,
      0.040053122677665864,
      0.10303281191992524,
      0.17863387655588098,
      0.25734021283426284,
      0.329361031615384,
      0.37318753690407047,
      0.3137143163613177,
      0.2302985059980339,
      0.13729609402057308
    ],
    [
      0.009497603326844578,
      0.08317779925096261,
      0.21161333027079074,
      0.2664503243601765,
      0.24299977109522694,
      0.16723212621874564,
      0.09347061749362015,
      0.031975422796224756,
      6.704949925510263e-05,
      0.0,
      8.917257024500402e-17,
      0.0,
      0.0002515597702625444,
      0.0,
      2.1598262699410492e-14,
      0.000556041976145128,
      0.00043055968794388335
    ],
    [
      0.22793691435885152,
      0.21871459464537035,
      0.17115320249367777,
      0.11728774735992495,
      0.064489919820604,
      0.021430881357248802,
      1.6340881830707357e-13,
      0.0019614139530255864,
      4.725200575238469e-15,
      0.0,
      0.0,
      0.0,
      0.00022422900103881018,
      0.008994261151911348,
      0.07912104801931266,
      0.1456322358248171,
      0.1975975590745045
    ],
    [
      0.16496589923006963,
      0.12751960526124284,
      0.047371506579459134,
      0.004840515816673981,
      0.0,
      3.199930943245175e-13,
      2.113271789590557e-15,
      2.8695809160203843e-05,
      0.0,
      2.1519026590684908e-16,
      5.078270650950363e-18,
      0.010827143971289099,
      0.04752122428246903,
      0.08826526723978315,
      0.11066735383663452,
      0.12936117111671822,
      0.15470343082222165
    ],
    [
      3.0327814469300497e-13,
      0.0,
      1.1308019091013738e-15,
      9.28358228680047e-18,
      0.0,
      0.008456493206380946,
      0.07655507554183923,
      0.19247632009444865,
      0.2791029956761441,
      0.33737287983387715,
      0.32625077704865446,
      0.2522436923567113,
      0.13386310743133772,
      0.0,
      8.596406602719671e-14,
      1.1424329075138863e-14,
      1.7661238070934904e-13
    ],
    [
      0.22435404341858153,
      0.18619030663897657,
      0.021165597321091377,
      1.6018308809457507e-14,
      0.07765449745670416,
      0.002195771850389277,
      5.071542946425807e-17,
      0.06920243175476032,
      0.15066944255371398,
      0.2434464831624571,
      0.14864121456682242,
      6.396483541178965e-15,
      0.004746312396526232,
      0.0,
      1.6866324600902502e-14,
      3.9906703559636907e-13,
      0.13062759059460058
    ],
    [
      0.0008130368494234114,
      0.010618793728753056,
      0.09341179607747353,
      0.0805998541145918,
      0.0,
      0.0,
      6.81747636940843e-18,
      1.002987123466882e-13,
      0.0,
      5.451223409566729e-05,
      0.07660081938985125,
      0.15730400799233527,
      0.13576866369271004,
      0.10699004226218323,
      0.1287183937585938,
      0.1384779380676273,
      0.06523114593845554
    ],
    [
      1.0474867238969784e-05,
      6.816017063367976e-15,
      2.3221885765191893e-15,
      6.297460546492718e-17,
      0.044264960518854375,
      0.32571640638599786,
      0.4565935894197736,
      0.42162716353835467,
      0.2762239977819754,
      0.03027695632071236,
      1.9154775828915346e-16,
      0.06004439828429831,
      0.0009216788516319933,
      0.0,
      1.8930428796946542e-13,
      0.047344189359392136,
      0.00011823170689084604
    ]
  ],
  "M": [
    [
      0.11764705882352941,
      0.11367483702378564,
      0.10229464218945053,
      0.08504343269273755,
      0.06425107996842952,
      0.042725706466348067,
      0.023374433154161395,
      0.008810756721787412,
      0.0010015823715351898,
      0.0010015823715351872,
      0.008810756721787404,
      0.023374433154161343,
      0.04272570646634805,
      0.06425107996842956,
      0.08504343269273751,
      0.1022946421894505,
      0.11367483702378564
    ],
    [
      0.11367483702378564,
      0.11764705882352941,
      0.11367483702378564,
      0.10229464218945053,
      0.08504343269273754,
      0.06425107996842955,
      0.04272570646634809,
      0.023374433154161406,
      0.008810756721787404,
      0.0010015823715351924,
      0.0010015823715351904,
      0.008810756721787372,
      0.02337443315416138,
      0.0427257064663481,
      0.06425107996842949,
      0.08504343269273751,
      0.10229464218945053
    ],
    [
      0.10229464218945053,
      0.11367483702378564,
      0.11764705882352941,
      0.11367483702378564,
      0.10229464218945053,
      0.08504343269273755,
      0.06425107996842952,
      0.04272570646634809,
      0.02337443315416138,
      0.008810756721787409,
      0.0010015823715351878,
      0.0010015823715351783,
      0.008810756721787397,
      0.02337443315416141,
      0.04272570646634804,
      0.06425107996842949,
      0.08504343269273754
    ],
    [
      0.08504343269273755,
      0.10229464218945053,
      0.11367483702378564,
      0.11764705882352941,
      0.11367483702378564,
      0.10229464218945053,
      0.08504343269273755,
      0.06425107996842952,
      0.04272570646634805,
      0.02337443315416139,
      0.008810756721787395,
      0.0010015823715351987,
      0.0010015823715351891,
      0.008810756721787424,
      0.023374433154161375,
      0.04272570646634805,
      0.06425107996842955
    ],
    [
      0.06425107996842952,
      0.08504343269273754,
      0.10229464218945053,
      0.11367483702378564,
      0.11764705882352938,
      0.11367483702378561,
      0.10229464218945056,
      0.08504343269273755,
      0.06425107996842952,
      0.04272570646634809,
      0.02337443315416139,
      0.008810756721787437,
      0.0010015823715351928,
      0.0010015823715351939,
      0.00881075672178738,
      0.023374433154161357,
      0.04272570646634805
    ],
    [
      0.042725706466348067,
      0.06425107996842955,
      0.08504343269273755,
      0.10229464218945053,
      0.11367483702378561,
      0.11764705882352941,
      0.11367483702378567,
      0.10229464218945056,
      0.08504343269273754,
      0.06425107996842955,
      0.042725706466348067,
      0.023374433154161434,
      0.008810756721787412,
      0.001001582371535183,
      0.0010015823715351841,
      0.00881075672178738,
      0.023374433154161395
    ],
    [
      0.023374433154161395,
      0.04272570646634809,
      0.06425107996842952,
      0.08504343269273755,
      0.10229464218945056,
      0.11367483702378567,
      0.11764705882352941,
      0.11367483702378567,
      0.10229464218945053,
      0.08504343269273758,
      0.06425107996842952,
      0.042725706466348136,
      0.023374433154161406,
      0.008810756721787391,
      0.001001582371535195,
      0.001001582371535183,
      0.008810756721787404
    ],
    [
      0.008810756721787412,
      0.023374433154161406,
      0.04272570646634809,
      0.06425107996842952,
      0.08504343269273755,
      0.10229464218945056,
      0.11367483702378567,
      0.11764705882352941,
      0.11367483702378561,
      0.10229464218945053,
      0.08504343269273751,
      0.06425107996842956,
      0.04272570646634809,
      0.023374433154161357,
      0.008810756721787409,
      0.001001582371535195,
      0.0010015823715351921
    ],
    [
      0.0010015823715351898,
      0.008810756721787404,
      0.02337443315416138,
      0.04272570646634805,
      0.06425107996842952,
      0.08504343269273754,
      0.10229464218945053,
      0.11367483702378561,
      0.11764705882352938,
      0.11367483702378564,
      0.1022946421894505,
      0.0850434326927376,
      0.06425107996842952,
      0.04272570646634804,
      0.023374433154161416,
      0.008810756721787424,
      0.00100158237153519
    ],
    [
      0.0010015823715351872,
      0.0010015823715351924,
      0.008810756721787409,
      0.02337443315416139,
      0.04272570646634809,
      0.06425107996842955,
      0.08504343269273758,
      0.10229464218945053,
      0.11367483702378564,
      0.11764705882352941,
      0.11367483702378564,
      0.10229464218945059,
      0.08504343269273755,
      0.0642510799684295,
      0.04272570646634809,
      0.023374433154161416,
      0.0088107567217874
    ],
    [
      0.008810756721787404,
      0.0010015823715351904,
      0.0010015823715351878,
      0.008810756721787395,
      0.02337443315416139,
      0.042725706466348067,
      0.06425107996842952,
      0.08504343269273751,
      0.1022946421894505,
      0.11367483702378564,
      0.11764705882352938,
      0.11367483702378564,
      0.10229464218945056,
      0.08504343269273754,
      0.06425107996842956,
      0.042725706466348115,
      0.023374433154161395
    ],
    [
      0.023374433154161343,
      0.008810756721787372,
      0.0010015823715351783,
      0.0010015823715351987,
      0.008810756721787437,
      0.023374433154161434,
      0.042725706466348136,
      0.06425107996842956,
      0.0850434326927376,
      0.10229464218945059,
      0.11367483702378564,
      0.11764705882352941,
      0.11367483702378561,
      0.1022946421894505,
      0.08504343269273751,
      0.06425107996842952,
      0.042725706466348025
    ],
    [
      0.04272570646634805,
      0.02337443315416138,
      0.008810756721787397,
      0.0010015823715351891,
      0.0010015823715351928,
      0.008810756721787412,
      0.023374433154161406,
      0.04272570646634809,
      0.06425107996842952,
      0.08504343269273755,
      0.10229464218945056,
      0.11367483702378561,
      0.11764705882352941,
      0.11367483702378564,
      0.10229464218945056,
      0.08504343269273755,
      0.06425107996842952
    ],
    [
      0.06425107996842956,
      0.0427257064663481,
      0.02337443315416141,
      0.008810756721787424,
      0.0010015823715351939,
      0.001001582371535183,
      0.008810756721787391,
      0.023374433154161357,
      0.04272570646634804,
      0.0642510799684295,
      0.08504343269273754,
      0.1022946421894505,
      0.11367483702378564,
      0.11764705882352941,
      0.11367483702378567,
      0.10229464218945061,
      0.08504343269273758
    ],
    [
      0.08504343269273751,
      0.06425107996842949,
      0.04272570646634804,
      0.023374433154161375,
      0.00881075672178738,
      0.0010015823715351841,
      0.001001582371535195,
      0.008810756721787409,
      0.023374433154161416,
      0.04272570646634809,
      0.06425107996842956,
      0.08504343269273751,
      0.10229464218945056,
      0.11367483702378567,
      0.11764705882352941,
      0.11367483702378567,
      0.1022946421894505
    ],
    [
      0.1022946421894505,
      0.08504343269273751,
      0.06425107996842949,
      0.04272570646634805,
      0.023374433154161357,
      0.00881075672178738,
      0.001001582371535183,
      0.001001582371535195,
      0.008810756721787424,
      0.023374433154161416,
      0.042725706466348115,
      0.06425107996842952,
      0.08504343269273755,
      0.10229464218945061,
      0.11367483702378567,
      0.11764705882352941,
      0.11367483702378561
    ],
    [
      0.11367483702378564,
      0.10229464218945053,
      0.08504343269273754,
      0.06425107996842955,
      0.04272570646634805,
      0.023374433154161395,
      0.008810756721787404,
      0.0010015823715351921,
      0.00100158237153519,
      0.0088107567217874,
      0.023374433154161395,
      0.042725706466348025,
      0.06425107996842952,
      0.08504343269273758,
      0.1022946421894505,
      0.11367483702378561,
      0.11764705882352941
    ]
  ],
  "score": 1.7786017756632793e-16
}