{
  "k": 4,
  "M_approx": [
    [
      0.16176470588235295,
      0.15799109517259638,
      0.14717991007997797,
      0.13079126105810068,
      0.11103852597000805,
      0.09058942114303066,
      0.07220571149645333,
      0.058370218885698016,
      0.050951503252958434,
      0.050951503252958434,
      0.058370218885698016,
      0.07220571149645326,
      0.09058942114303066,
      0.11103852597000807,
      0.13079126105810066,
      0.147179910079978,
      0.15799109517259638
    ],
    [
      0.15799109517259635,
      0.16176470588235295,
      0.15799109517259632,
      0.14717991007997802,
      0.13079126105810066,
      0.11103852597000809,
      0.09058942114303072,
      0.07220571149645336,
      0.05837021888569807,
      0.050951503252958455,
      0.05095150325295843,
      0.058370218885697996,
      0.07220571149645329,
      0.09058942114303063,
      0.11103852597000799,
      0.13079126105810057,
      0.147179910079978
    ],
    [
      0.147179910079978,
      0.15799109517259632,
      0.1617647058823529,
      0.15799109517259638,
      0.147179910079978,
      0.13079126105810068,
      0.11103852597000807,
      0.09058942114303067,
      0.07220571149645334,
      0.058370218885698065,
      0.05095150325295843,
      0.050951503252958434,
      0.05837021888569805,
      0.07220571149645334,
      0.09058942114303066,
      0.11103852597000799,
      0.13079126105810068
    ],
    [
      0.13079126105810068,
      0.14717991007997802,
      0.1579910951725963,
      0.16176470588235298,
      0.15799109517259632,
      0.147179910079978,
      0.13079126105810068,
      0.11103852597000807,
      0.09058942114303069,
      0.07220571149645336,
      0.05837021888569803,
      0.05095150325295847,
      0.05095150325295845,
      0.05837021888569805,
      0.07220571149645331,
      0.09058942114303059,
      0.11103852597000807
    ],
    [
      0.11103852597000809,
      0.13079126105810066,
      0.147179910079978,
      0.15799109517259638,
      0.16176470588235292,
      0.15799109517259635,
      0.14717991007997802,
      0.1307912610581007,
      0.11103852597000807,
      0.09058942114303072,
      0.07220571149645334,
      0.058370218885698114,
      0.050951503252958476,
      0.05095150325295846,
      0.05837021888569805,
      0.07220571149645327,
      0.0905894211430307
    ],
    [
      0.09058942114303069,
      0.11103852597000803,
      0.1307912610581006,
      0.147179910079978,
      0.1579910951725963,
      0.16176470588235292,
      0.15799109517259635,
      0.14717991007997802,
      0.13079126105810068,
      0.11103852597000807,
      0.09058942114303066,
      0.07220571149645338,
      0.058370218885698065,
      0.05095150325295845,
      0.05095150325295847,
      0.05837021888569801,
      0.07220571149645336
    ],
    [
      0.07220571149645333,
      0.09058942114303066,
      0.11103852597000805,
      0.13079126105810068,
      0.14717991007997805,
      0.15799109517259635,
      0.16176470588235295,
      0.15799109517259638,
      0.14717991007997802,
      0.13079126105810068,
      0.11103852597000805,
      0.09058942114303073,
      0.07220571149645333,
      0.05837021888569802,
      0.050951503252958455,
      0.05095150325295842,
      0.05837021888569806
    ],
    [
      0.05837021888569808,
      0.07220571149645334,
      0.09058942114303069,
      0.11103852597000807,
      0.13079126105810068,
      0.14717991007997802,
      0.15799109517259638,
      0.16176470588235295,
      0.15799109517259635,
      0.14717991007997802,
      0.13079126105810066,
      0.1110385259700081,
      0.09058942114303067,
      0.0722057114964533,
      0.05837021888569807,
      0.050951503252958455,
      0.05095150325295847
    ],
    [
      0.05095150325295845,
      0.05837021888569803,
      0.07220571149645333,
      0.09058942114303063,
      0.11103852597000802,
      0.13079126105810063,
      0.147179910079978,
      0.15799109517259638,
      0.16176470588235295,
      0.15799109517259638,
      0.14717991007997802,
      0.13079126105810077,
      0.11103852597000807,
      0.09058942114303066,
      0.07220571149645337,
      0.058370218885698065,
      0.050951503252958455
    ],
    [
      0.05095150325295845,
      0.05095150325295844,
      0.058370218885698065,
      0.07220571149645334,
      0.0905894211430307,
      0.11103852597000809,
      0.13079126105810068,
      0.14717991007997802,
      0.15799109517259638,
      0.16176470588235298,
      0.15799109517259635,
      0.14717991007997805,
      0.13079126105810066,
      0.11103852597000802,
      0.0905894211430307,
      0.07220571149645337,
      0.058370218885698044
    ],
    [
      0.05837021888569805,
      0.050951503252958434,
      0.05095150325295845,
      0.05837021888569801,
      0.0722057114964533,
      0.09058942114303063,
      0.11103852597000805,
      0.13079126105810066,
      0.147179910079978,
      0.15799109517259635,
      0.16176470588235295,
      0.15799109517259638,
      0.147179910079978,
      0.13079126105810066,
      0.1110385259700081,
      0.09058942114303073,
      0.07220571149645333
    ],
    [
      0.07220571149645329,
      0.058370218885698,
      0.05095150325295843,
      0.05095150325295842,
      0.058370218885698065,
      0.07220571149645336,
      0.0905894211430307,
      0.11103852597000806,
      0.1307912610581007,
      0.14717991007997802,
      0.15799109517259632,
      0.16176470588235292,
      0.1579910951725963,
      0.14717991007997794,
      0.13079126105810066,
      0.11103852597000806,
      0.09058942114303059
    ],
    [
      0.09058942114303065,
      0.07220571149645331,
      0.058370218885698044,
      0.05095150325295842,
      0.050951503252958434,
      0.058370218885698044,
      0.07220571149645333,
      0.09058942114303065,
      0.11103852597000803,
      0.13079126105810063,
      0.14717991007997797,
      0.15799109517259627,
      0.1617647058823529,
      0.1579910951725963,
      0.147179910079978,
      0.13079126105810068,
      0.11103852597000803
    ],
    [
      0.11103852597000807,
      0.09058942114303069,
      0.07220571149645333,
      0.058370218885698044,
      0.05095150325295846,
      0.05095150325295844,
      0.058370218885698,
      0.07220571149645325,
      0.09058942114303063,
      0.11103852597000805,
      0.1307912610581006,
      0.14717991007997794,
      0.15799109517259632,
      0.16176470588235292,
      0.15799109517259638,
      0.1471799100799781,
      0.1307912610581007
    ],
    [
      0.1307912610581006,
      0.111038525970008,
      0.0905894211430306,
      0.07220571149645331,
      0.05837021888569806,
      0.05095150325295847,
      0.050951503252958434,
      0.058370218885698,
      0.07220571149645334,
      0.0905894211430307,
      0.11103852597000803,
      0.1307912610581006,
      0.147179910079978,
      0.15799109517259635,
      0.16176470588235292,
      0.15799109517259635,
      0.14717991007997797
    ],
    [
      0.14717991007997797,
      0.13079126105810063,
      0.11103852597000799,
      0.09058942114303062,
      0.07220571149645323,
      0.058370218885698,
      0.050951503252958434,
      0.05095150325295844,
      0.05837021888569808,
      0.07220571149645336,
      0.09058942114303072,
      0.11103852597000806,
      0.13079126105810068,
      0.14717991007997805,
      0.15799109517259632,
      0.16176470588235292,
      0.15799109517259632
    ],
    [
      0.1579910951725963,
      0.147179910079978,
      0.1307912610581006,
      0.11103852597000806,
      0.09058942114303065,
      0.07220571149645334,
      0.05837021888569804,
      0.05095150325295841,
      0.05095150325295844,
      0.05837021888569804,
      0.07220571149645329,
      0.09058942114303059,
      0.11103852597000803,
      0.13079126105810066,
      0.14717991007997797,
      0.15799109517259632,
      0.16176470588235292
    ]
  ],
  "A": [
    [
      0.2312393187366788,
      0.3888930563549999,
      0.013697858314216282,
      0.08445074133008194
    ],
    [
      0.3099938263105429,
      0.33838093003967673,
      6.42772644561799e-16,
      0.04508289304488095
    ],
    [
      0.3763639772204565,
      0.2703840875012109,
      0.008884862182105518,
      0.015605623050955465
    ],
    [
      0.42138611481633403,
      0.19408587910793346,
      0.03915249499011678,
      1.7610924486233708e-13
    ],
    [
      0.4389797499395755,
      0.11979080068632424,
      0.08671508689456932,
      0.0003736497592935941
    ],
    [
      0.4267687646770894,
      0.05753281426046281,
      0.14514904630534675,
      0.01667610885787435
    ],
    [
      0.3864023202519799,
      0.015720205880573816,
      0.2065625432102769,
      0.046705639859610425
    ],
    [
      0.32333212866204797,
      2.2745049895129805e-14,
      0.26266134454841483,
      0.0864065882033418
    ],
    [
      0.24607616876551,
      0.012495297531645674,
      0.3058689963448559,
      0.13041712082469858
    ],
    [
      0.16506828603644588,
      0.05151853930496306,
      0.33035006580262677,
      0.1727933714223868
    ],
    [
      0.0912490439175892,
      0.11179942028324133,
      0.33279824883716685,
      0.20781219253827748
    ],
    [
      0.03458814010363346,
      0.18519667346247093,
      0.312882904763811,
      0.2307440983346836
    ],
    [
      0.0027379436235595678,
      0.2617975930925777,
      0.2732937111543968,
      0.23849200786372343
    ],
    [
      3.284662957676743e-14,
      0.3312568005171669,
      0.21937740797717062,
      0.23000952301085206
    ],
    [
      0.026744083690880112,
      0.38419344488679213,
      0.1584156907367664,
      0.20644225035852024
    ],
    [
      0.07935825799956867,
      0.41345813904726375,
      0.0986417771470371,
      0.17097308066919106
    ],
    [
      0.15073668714050614,
      0.41509852389094115,
      0.048128465456964566,
      0.12839232185086355
    ]
  ],
  "B": [
    [
      0.1680125914071375,
      0.22331746552758283,
      0.27760726419293996,
      0.32489554661572234,
      0.35879576822131487,
      0.339930807336215,
      0.28727277928981587,
      0.23292628874524324,
      0.18115744419196403,
      0.13036027483576842,
      0.05254117011058072,
      0.0063528152675532855,
      1.694299853593481e-14,
      6.049047136173619e-15,
      0.026604589791565353,
      0.06823710359692298,
      0.11306791653322573
    ],
    [
      0.3083212977851903,
      0.273471883449916,
      0.2113046495604823,
      0.12807852836624123,
      0.035033668706331414,
      4.139055754409452e-15,
      0.0016256445074444381,
      2.0576984051641842e-15,
      0.0002239288774431929,
      0.015921069915440345,
      0.10032302941141513,
      0.16557547149117263,
      0.19974222987157483,
      0.252745249206799,
      0.28526440711215656,
      0.30558648779931946,
      0.3208240742685989
    ],
    [
      0.0038893510239256957,
      1.0877400663471098e-16,
      8.073665218611739e-16,
      1.2207770902840621e-15,
      0.0,
      0.10057565606385174,
      0.24067396112828543,
      0.3291392316202323,
      0.3629073481897958,
      0.36226674467878706,
      0.42803954105704795,
      0.41219989097031706,
      0.3112025677138948,
      0.23793975340197374,
      0.14377406948735807,
      0.06449732116892991,
      0.028755598297244025
    ],
    [
      0.03500621836278364,
      2.5584555277181723e-15,
      0.009606599412552309,
      0.06931597942310681,
      0.17106405740014746,
      0.1255925239177674,
      0.021882934504477727,
      3.3083917242546237e-15,
      0.047396167145997495,
      0.11430580569398702,
      0.01589660393356189,
      0.008280376721880969,
      0.10240580567243947,
      0.1123541172985401,
      0.13892702030090348,
      0.13826841730063327,
      0.07916096616076977
    ]
  ],
  "M": [
    [
      0.16176470588235292,
      0.15799109517259635,
      0.147179910079978,
      0.13079126105810068,
      0.11103852597000805,
      0.09058942114303067,
      0.07220571149645333,
      0.058370218885698044,
      0.050951503252958434,
      0.05095150325295843,
      0.05837021888569804,
      0.07220571149645327,
      0.09058942114303065,
      0.11103852597000807,
      0.13079126105810063,
      0.147179910079978,
      0.15799109517259635
    ],
    [
      0.15799109517259635,
      0.16176470588235292,
      0.15799109517259635,
      0.147179910079978,
      0.13079126105810066,
      0.11103852597000807,
      0.09058942114303067,
      0.07220571149645334,
      0.05837021888569804,
      0.050951503252958434,
      0.050951503252958434,
      0.058370218885698,
      0.07220571149645331,
      0.0905894211430307,
      0.11103852597000802,
      0.13079126105810063,
      0.147179910079978
    ],
    [
      0.147179910079978,
      0.15799109517259635,
      0.16176470588235292,
      0.15799109517259635,
      0.147179910079978,
      0.13079126105810068,
      0.11103852597000805,
      0.09058942114303067,
      0.07220571149645331,
      0.058370218885698044,
      0.050951503252958434,
      0.05095150325295842,
      0.05837021888569803,
      0.07220571149645334,
      0.09058942114303065,
      0.11103852597000802,
      0.13079126105810066
    ],
    [
      0.13079126105810068,
      0.147179910079978,
      0.15799109517259635,
      0.16176470588235292,
      0.15799109517259635,
      0.147179910079978,
      0.13079126105810068,
      0.11103852597000805,
      0.09058942114303065,
      0.07220571149645333,
      0.05837021888569803,
      0.05095150325295844,
      0.050951503252958434,
      0.05837021888569806,
      0.0722057114964533,
      0.09058942114303065,
      0.11103852597000807
    ],
    [
      0.11103852597000805,
      0.13079126105810066,
      0.147179910079978,
      0.15799109517259635,
      0.16176470588235292,
      0.15799109517259632,
      0.14717991007997802,
      0.13079126105810068,
      0.11103852597000805,
      0.09058942114303067,
      0.07220571149645333,
      0.058370218885698065,
      0.050951503252958434,
      0.050951503252958434,
      0.058370218885698016,
      0.07220571149645329,
      0.09058942114303065
    ],
    [
      0.09058942114303067,
      0.11103852597000807,
      0.13079126105810068,
      0.147179910079978,
      0.15799109517259632,
      0.16176470588235292,
      0.15799109517259638,
      0.14717991007997802,
      0.13079126105810066,
      0.11103852597000807,
      0.09058942114303067,
      0.07220571149645336,
      0.058370218885698044,
      0.05095150325295843,
      0.05095150325295843,
      0.058370218885698016,
      0.07220571149645333
    ],
    [
      0.07220571149645333,
      0.09058942114303067,
      0.11103852597000805,
      0.13079126105810068,
      0.14717991007997802,
      0.15799109517259638,
      0.16176470588235292,
      0.15799109517259638,
      0.147179910079978,
      0.13079126105810068,
      0.11103852597000805,
      0.09058942114303073,
      0.07220571149645334,
      0.05837021888569802,
      0.05095150325295844,
      0.05095150325295843,
      0.05837021888569804
    ],
    [
      0.058370218885698044,
      0.07220571149645334,
      0.09058942114303067,
      0.11103852597000805,
      0.13079126105810068,
      0.14717991007997802,
      0.15799109517259638,
      0.16176470588235292,
      0.15799109517259632,
      0.147179910079978,
      0.13079126105810063,
      0.11103852597000807,
      0.09058942114303067,
      0.07220571149645329,
      0.058370218885698044,
      0.05095150325295844,
      0.050951503252958434
    ],
    [
      0.050951503252958434,
      0.05837021888569804,
      0.07220571149645331,
      0.09058942114303065,
      0.11103852597000805,
      0.13079126105810066,
      0.147179910079978,
      0.15799109517259632,
      0.16176470588235292,
      0.15799109517259635,
      0.147179910079978,
      0.13079126105810074,
      0.11103852597000805,
      0.09058942114303065,
      0.07220571149645334,
      0.05837021888569806,
      0.050951503252958434
    ],
    [
      0.05095150325295843,
      0.050951503252958434,
      0.058370218885698044,
      0.07220571149645333,
      0.09058942114303067,
      0.11103852597000807,
      0.13079126105810068,
      0.147179910079978,
      0.15799109517259635,
      0.16176470588235292,
      0.15799109517259635,
      0.14717991007997805,
      0.13079126105810068,
      0.11103852597000803,
      0.09058942114303067,
      0.07220571149645334,
      0.05837021888569803
    ],
    [
      0.05837021888569804,
      0.050951503252958434,
      0.050951503252958434,
      0.05837021888569803,
      0.07220571149645333,
      0.09058942114303067,
      0.11103852597000805,
      0.13079126105810063,
      0.147179910079978,
      0.15799109517259635,
      0.16176470588235292,
      0.15799109517259635,
      0.14717991007997802,
      0.13079126105810066,
      0.11103852597000807,
      0.0905894211430307,
      0.07220571149645333
    ],
    [
      0.07220571149645327,
      0.058370218885698,
      0.05095150325295842,
      0.05095150325295844,
      0.058370218885698065,
      0.07220571149645336,
      0.09058942114303073,
      0.11103852597000807,
      0.13079126105810074,
      0.14717991007997805,
      0.15799109517259635,
      0.16176470588235292,
      0.15799109517259632,
      0.147179910079978,
      0.13079126105810063,
      0.11103852597000805,
      0.09058942114303062
    ],
    [
      0.09058942114303065,
      0.07220571149645331,
      0.05837021888569803,
      0.050951503252958434,
      0.050951503252958434,
      0.058370218885698044,
      0.07220571149645334,
      0.09058942114303067,
      0.11103852597000805,
      0.13079126105810068,
      0.14717991007997802,
      0.15799109517259632,
      0.16176470588235292,
      0.15799109517259635,
      0.14717991007997802,
      0.13079126105810068,
      0.11103852597000805
    ],
    [
      0.11103852597000807,
      0.0905894211430307,
      0.07220571149645334,
      0.05837021888569806,
      0.050951503252958434,
      0.05095150325295843,
      0.05837021888569802,
      0.07220571149645329,
      0.09058942114303065,
      0.11103852597000803,
      0.13079126105810066,
      0.147179910079978,
      0.15799109517259635,
      0.16176470588235292,
      0.15799109517259638,
      0.14717991007997808,
      0.13079126105810068
    ],
    [
      0.13079126105810063,
      0.11103852597000802,
      0.09058942114303065,
      0.0722057114964533,
      0.058370218885698016,
      0.05095150325295843,
      0.05095150325295844,
      0.058370218885698044,
      0.07220571149645334,
      0.09058942114303067,
      0.11103852597000807,
      0.13079126105810063,
      0.14717991007997802,
      0.15799109517259638,
      0.16176470588235292,
      0.15799109517259638,
      0.147179910079978
    ],
    [
      0.147179910079978,
      0.13079126105810063,
      0.11103852597000802,
      0.09058942114303065,
      0.07220571149645329,
      0.058370218885698016,
      0.05095150325295843,
      0.05095150325295844,
      0.05837021888569806,
      0.07220571149645334,
      0.0905894211430307,
      0.11103852597000805,
      0.13079126105810068,
      0.14717991007997808,
      0.15799109517259638,
      0.16176470588235292,
      0.15799109517259632
    ],
    [
      0.15799109517259635,
      0.147179910079978,
      0.13079126105810066,
      0.11103852597000807,
      0.09058942114303065,
      0.07220571149645333,
      0.05837021888569804,
      0.050951503252958434,
      0.050951503252958434,
      0.05837021888569803,
      0.07220571149645333,
      0.09058942114303062,
      0.11103852597000805,
      0.13079126105810068,
      0.147179910079978,
      0.15799109517259632,
      0.16176470588235292
    ]
  ],
  "score": 1.671457090382359e-16
}