{
  "k": 3,
  "M_approx": [
    [
      0.20588235294117646,
      0.20230735332140706,
      0.19206517797050546,
      0.17653908942346377,
      0.15782597197158657,
      0.1384531358197132,
      0.12103698983874518,
      0.10792968104960857,
      0.10090142413438163,
      0.1009014241343816,
      0.10792968104960864,
      0.12103698983874518,
      0.13845313581971322,
      0.15782597197158663,
      0.17653908942346375,
      0.19206517797050546,
      0.20230735332140706
    ],
    [
      0.20230735332140704,
      0.2058823529411764,
      0.202307353321407,
      0.19206517797050546,
      0.17653908942346377,
      0.15782597197158654,
      0.13845313581971325,
      0.12103698983874522,
      0.10792968104960868,
      0.10090142413438168,
      0.10090142413438172,
      0.10792968104960866,
      0.12103698983874525,
      0.1384531358197133,
      0.15782597197158654,
      0.17653908942346372,
      0.19206517797050546
    ],
    [
      0.19206517797050549,
      0.20230735332140706,
      0.20588235294117643,
      0.2023073533214071,
      0.19206517797050554,
      0.1765390894234638,
      0.1578259719715866,
      0.13845313581971325,
      0.12103698983874528,
      0.1079296810496087,
      0.1009014241343817,
      0.1009014241343817,
      0.10792968104960868,
      0.12103698983874528,
      0.13845313581971325,
      0.15782597197158652,
      0.17653908942346377
    ],
    [
      0.17653908942346383,
      0.19206517797050549,
      0.20230735332140706,
      0.2058823529411765,
      0.20230735332140712,
      0.19206517797050549,
      0.17653908942346383,
      0.15782597197158654,
      0.13845313581971325,
      0.12103698983874525,
      0.10792968104960866,
      0.1009014241343817,
      0.10090142413438168,
      0.10792968104960866,
      0.12103698983874525,
      0.13845313581971322,
      0.15782597197158657
    ],
    [
      0.1578259719715866,
      0.1765390894234638,
      0.19206517797050546,
      0.2023073533214071,
      0.20588235294117654,
      0.2023073533214071,
      0.19206517797050554,
      0.17653908942346377,
      0.15782597197158657,
      0.1384531358197133,
      0.12103698983874527,
      0.1079296810496087,
      0.10090142413438168,
      0.10090142413438166,
      0.10792968104960865,
      0.12103698983874518,
      0.13845313581971322
    ],
    [
      0.13845313581971336,
      0.15782597197158663,
      0.17653908942346383,
      0.1920651779705055,
      0.20230735332140712,
      0.20588235294117652,
      0.2023073533214071,
      0.19206517797050543,
      0.17653908942346372,
      0.15782597197158657,
      0.13845313581971322,
      0.12103698983874529,
      0.10792968104960868,
      0.10090142413438166,
      0.10090142413438169,
      0.10792968104960866,
      0.12103698983874528
    ],
    [
      0.12103698983874527,
      0.13845313581971322,
      0.15782597197158652,
      0.17653908942346372,
      0.19206517797050546,
      0.20230735332140706,
      0.2058823529411765,
      0.20230735332140704,
      0.19206517797050546,
      0.17653908942346386,
      0.1578259719715866,
      0.13845313581971336,
      0.1210369898387453,
      0.10792968104960866,
      0.10090142413438169,
      0.10090142413438165,
      0.10792968104960864
    ],
    [
      0.10792968104960873,
      0.12103698983874527,
      0.13845313581971327,
      0.15782597197158657,
      0.17653908942346383,
      0.1920651779705055,
      0.20230735332140712,
      0.2058823529411764,
      0.20230735332140704,
      0.1920651779705055,
      0.17653908942346377,
      0.15782597197158663,
      0.13845313581971325,
      0.12103698983874522,
      0.10792968104960868,
      0.10090142413438169,
      0.1009014241343817
    ],
    [
      0.10090142413438172,
      0.10792968104960864,
      0.12103698983874522,
      0.1384531358197132,
      0.15782597197158657,
      0.17653908942346375,
      0.19206517797050546,
      0.20230735332140698,
      0.20588235294117638,
      0.20230735332140704,
      0.19206517797050543,
      0.17653908942346383,
      0.15782597197158657,
      0.13845313581971325,
      0.12103698983874525,
      0.10792968104960868,
      0.10090142413438169
    ],
    [
      0.10090142413438172,
      0.10090142413438166,
      0.10792968104960868,
      0.12103698983874525,
      0.1384531358197133,
      0.15782597197158663,
      0.17653908942346383,
      0.19206517797050546,
      0.20230735332140704,
      0.20588235294117652,
      0.20230735332140704,
      0.19206517797050549,
      0.17653908942346377,
      0.15782597197158652,
      0.13845313581971322,
      0.12103698983874525,
      0.10792968104960866
    ],
    [
      0.1079296810496087,
      0.10090142413438168,
      0.10090142413438169,
      0.10792968104960865,
      0.12103698983874527,
      0.13845313581971325,
      0.1578259719715866,
      0.17653908942346377,
      0.19206517797050546,
      0.20230735332140706,
      0.20588235294117643,
      0.2023073533214071,
      0.19206517797050549,
      0.1765390894234638,
      0.15782597197158657,
      0.1384531358197133,
      0.12103698983874528
    ],
    [
      0.12103698983874522,
      0.10792968104960862,
      0.10090142413438168,
      0.10090142413438166,
      0.1079296810496087,
      0.12103698983874528,
      0.13845313581971333,
      0.1578259719715866,
      0.17653908942346377,
      0.1920651779705055,
      0.20230735332140706,
      0.20588235294117643,
      0.20230735332140704,
      0.19206517797050543,
      0.17653908942346372,
      0.15782597197158654,
      0.13845313581971325
    ],
    [
      0.13845313581971325,
      0.12103698983874521,
      0.10792968104960864,
      0.10090142413438163,
      0.10090142413438168,
      0.10792968104960865,
      0.12103698983874527,
      0.13845313581971325,
      0.1578259719715866,
      0.1765390894234638,
      0.1920651779705055,
      0.20230735332140706,
      0.20588235294117646,
      0.20230735332140712,
      0.19206517797050546,
      0.17653908942346377,
      0.1578259719715866
    ],
    [
      0.1578259719715866,
      0.13845313581971327,
      0.12103698983874527,
      0.10792968104960868,
      0.1009014241343817,
      0.10090142413438166,
      0.10792968104960866,
      0.12103698983874522,
      0.13845313581971327,
      0.1578259719715866,
      0.17653908942346383,
      0.19206517797050546,
      0.20230735332140706,
      0.20588235294117654,
      0.2023073533214071,
      0.19206517797050554,
      0.17653908942346386
    ],
    [
      0.17653908942346377,
      0.15782597197158654,
      0.13845313581971322,
      0.12103698983874522,
      0.10792968104960866,
      0.10090142413438163,
      0.10090142413438166,
      0.10792968104960866,
      0.1210369898387453,
      0.13845313581971327,
      0.15782597197158663,
      0.1765390894234638,
      0.1920651779705055,
      0.20230735332140715,
      0.20588235294117646,
      0.2023073533214071,
      0.1920651779705055
    ],
    [
      0.19206517797050546,
      0.17653908942346375,
      0.15782597197158652,
      0.13845313581971322,
      0.1210369898387452,
      0.10792968104960857,
      0.10090142413438158,
      0.10090142413438159,
      0.10792968104960865,
      0.12103698983874522,
      0.13845313581971327,
      0.15782597197158654,
      0.17653908942346377,
      0.19206517797050554,
      0.20230735332140706,
      0.2058823529411765,
      0.2023073533214071
    ],
    [
      0.20230735332140704,
      0.19206517797050546,
      0.17653908942346377,
      0.15782597197158657,
      0.13845313581971327,
      0.12103698983874521,
      0.10792968104960862,
      0.10090142413438162,
      0.10090142413438166,
      0.10792968104960862,
      0.12103698983874524,
      0.1384531358197132,
      0.15782597197158654,
      0.17653908942346383,
      0.19206517797050543,
      0.20230735332140704,
      0.20588235294117646
    ]
  ],
  "A": [
    [
      0.13047918077417087,
      0.29518387217825254,
      0.2979001297977909
    ],
    [
      0.1647945148070691,
      0.21943432263679133,
      0.32683538960125846
    ],
    [
      0.22238408994306857,
      0.14339830730316178,
      0.33413838823521574
    ],
    [
      0.29547011494520053,
      0.07734491137827638,
      0.3188228152668341
    ],
    [
      0.37418191715328236,
      0.03019501199629289,
      0.2829571236920129
    ],
    [
      0.4478890315219594,
      0.008316464335360074,
      0.2313851738965898
    ],
    [
      0.5066369038305225,
      0.0146640874903044,
      0.171072043470475
    ],
    [
      0.5424913083905013,
      0.04838059978065651,
      0.11016335488430903
    ],
    [
      0.5506099091899567,
      0.10491239939196036,
      0.056885164038347494
    ],
    [
      0.5298962442042026,
      0.17662455353319348,
      0.018432985830984874
    ],
    [
      0.4831478086679444,
      0.25383193841681906,
      1.7969975760931858e-16
    ],
    [
      0.41667823784237806,
      0.32610726889341435,
      0.00407568342256845
    ],
    [
      0.3394646155881027,
      0.38368936109068424,
      0.030109592468330344
    ],
    [
      0.26193506944600936,
      0.4188014343839993,
      0.07458570346178595
    ],
    [
      0.1945603942286336,
      0.42670140871238277,
      0.13149727116262985
    ],
    [
      0.14643991316004493,
      0.4063223487675176,
      0.19315807299498033
    ],
    [
      0.1240725638533473,
      0.36041655951922696,
      0.25124047599708044
    ]
  ],
  "B": [
    [
      0.0944990434982532,
      0.11539742188251294,
      0.15016177088101637,
      0.19409697252560754,
      0.2412693343808281,
      0.2853079675870496,
      0.3202652107032814,
      0.3414198943419051,
      0.34591496125537613,
      0.33314332774900474,
      0.3048298736978902,
      0.2647984879619011,
      0.21845563100624807,
      0.17206016245742753,
      0.1318780474291241,
      0.10333610321269554,
      0.09028907753094331
    ],
    [
      0.24533033805995086,
      0.17786340405980872,
      0.11169238104688423,
      0.055754032345369124,
      0.017603141912493504,
      0.0023921989025989386,
      0.01217552545591668,
      0.04563182911013729,
      0.0982426506689799,
      0.16290260715429647,
      0.23087901314955786,
      0.2929912783548348,
      0.3408507971782123,
      0.36799387640384434,
      0.37075469277731465,
      0.34876038274917515,
      0.30498139976340477
    ],
    [
      0.4066283425001177,
      0.4523260329326153,
      0.46828581003578346,
      0.45235221747566173,
      0.40667717521857855,
      0.33742935081549924,
      0.2539610466675012,
      0.16754511976361117,
      0.0898525198793811,
      0.03137606313873359,
      1.331905372604357e-05,
      2.7301089555070008e-15,
      0.031337904789572636,
      0.08979467573127935,
      0.16747540198929523,
      0.2538888710387117,
      0.33736446505084355
    ]
  ],
  "M": [
    [
      0.20588235294117646,
      0.2023073533214071,
      0.19206517797050549,
      0.1765390894234638,
      0.15782597197158657,
      0.13845313581971327,
      0.12103698983874527,
      0.10792968104960868,
      0.10090142413438168,
      0.10090142413438168,
      0.10792968104960866,
      0.12103698983874522,
      0.13845313581971325,
      0.1578259719715866,
      0.17653908942346375,
      0.19206517797050546,
      0.2023073533214071
    ],
    [
      0.2023073533214071,
      0.20588235294117646,
      0.2023073533214071,
      0.19206517797050549,
      0.1765390894234638,
      0.1578259719715866,
      0.1384531358197133,
      0.12103698983874528,
      0.10792968104960866,
      0.10090142413438168,
      0.10090142413438168,
      0.10792968104960864,
      0.12103698983874525,
      0.1384531358197133,
      0.15782597197158654,
      0.17653908942346375,
      0.19206517797050549
    ],
    [
      0.19206517797050549,
      0.2023073533214071,
      0.20588235294117646,
      0.2023073533214071,
      0.19206517797050549,
      0.1765390894234638,
      0.15782597197158657,
      0.1384531358197133,
      0.12103698983874525,
      0.10792968104960868,
      0.10090142413438168,
      0.10090142413438166,
      0.10792968104960866,
      0.12103698983874528,
      0.13845313581971325,
      0.15782597197158654,
      0.1765390894234638
    ],
    [
      0.1765390894234638,
      0.19206517797050549,
      0.2023073533214071,
      0.20588235294117646,
      0.2023073533214071,
      0.19206517797050549,
      0.1765390894234638,
      0.15782597197158657,
      0.13845313581971325,
      0.12103698983874525,
      0.10792968104960866,
      0.10090142413438169,
      0.10090142413438168,
      0.10792968104960869,
      0.12103698983874525,
      0.13845313581971325,
      0.1578259719715866
    ],
    [
      0.15782597197158657,
      0.1765390894234638,
      0.19206517797050549,
      0.2023073533214071,
      0.20588235294117646,
      0.20230735332140706,
      0.1920651779705055,
      0.1765390894234638,
      0.15782597197158657,
      0.1384531358197133,
      0.12103698983874525,
      0.1079296810496087,
      0.10090142413438168,
      0.10090142413438168,
      0.10792968104960865,
      0.12103698983874522,
      0.13845313581971325
    ],
    [
      0.13845313581971327,
      0.1578259719715866,
      0.1765390894234638,
      0.19206517797050549,
      0.20230735332140706,
      0.20588235294117646,
      0.2023073533214071,
      0.1920651779705055,
      0.1765390894234638,
      0.1578259719715866,
      0.13845313581971327,
      0.12103698983874529,
      0.10792968104960868,
      0.10090142413438168,
      0.10090142413438168,
      0.10792968104960865,
      0.12103698983874527
    ],
    [
      0.12103698983874527,
      0.1384531358197133,
      0.15782597197158657,
      0.1765390894234638,
      0.1920651779705055,
      0.2023073533214071,
      0.20588235294117646,
      0.2023073533214071,
      0.19206517797050549,
      0.17653908942346383,
      0.15782597197158657,
      0.13845313581971333,
      0.12103698983874528,
      0.10792968104960866,
      0.10090142413438168,
      0.10090142413438168,
      0.10792968104960866
    ],
    [
      0.10792968104960868,
      0.12103698983874528,
      0.1384531358197133,
      0.15782597197158657,
      0.1765390894234638,
      0.1920651779705055,
      0.2023073533214071,
      0.20588235294117646,
      0.20230735332140706,
      0.19206517797050549,
      0.17653908942346375,
      0.1578259719715866,
      0.1384531358197133,
      0.12103698983874522,
      0.10792968104960868,
      0.10090142413438168,
      0.10090142413438168
    ],
    [
      0.10090142413438168,
      0.10792968104960866,
      0.12103698983874525,
      0.13845313581971325,
      0.15782597197158657,
      0.1765390894234638,
      0.19206517797050549,
      0.20230735332140706,
      0.20588235294117646,
      0.2023073533214071,
      0.19206517797050546,
      0.17653908942346386,
      0.15782597197158657,
      0.13845313581971325,
      0.12103698983874528,
      0.10792968104960869,
      0.10090142413438168
    ],
    [
      0.10090142413438168,
      0.10090142413438168,
      0.10792968104960868,
      0.12103698983874525,
      0.1384531358197133,
      0.1578259719715866,
      0.17653908942346383,
      0.19206517797050549,
      0.2023073533214071,
      0.20588235294117646,
      0.2023073533214071,
      0.19206517797050554,
      0.1765390894234638,
      0.15782597197158657,
      0.1384531358197133,
      0.12103698983874528,
      0.10792968104960866
    ],
    [
      0.10792968104960866,
      0.10090142413438168,
      0.10090142413438168,
      0.10792968104960866,
      0.12103698983874525,
      0.13845313581971327,
      0.15782597197158657,
      0.17653908942346375,
      0.19206517797050546,
      0.2023073533214071,
      0.20588235294117646,
      0.2023073533214071,
      0.1920651779705055,
      0.1765390894234638,
      0.1578259719715866,
      0.1384531358197133,
      0.12103698983874527
    ],
    [
      0.12103698983874522,
      0.10792968104960864,
      0.10090142413438166,
      0.10090142413438169,
      0.1079296810496087,
      0.12103698983874529,
      0.13845313581971333,
      0.1578259719715866,
      0.17653908942346386,
      0.19206517797050554,
      0.2023073533214071,
      0.20588235294117646,
      0.20230735332140706,
      0.19206517797050546,
      0.17653908942346375,
      0.15782597197158657,
      0.13845313581971322
    ],
    [
      0.13845313581971325,
      0.12103698983874525,
      0.10792968104960866,
      0.10090142413438168,
      0.10090142413438168,
      0.10792968104960868,
      0.12103698983874528,
      0.1384531358197133,
      0.15782597197158657,
      0.1765390894234638,
      0.1920651779705055,
      0.20230735332140706,
      0.20588235294117646,
      0.2023073533214071,
      0.1920651779705055,
      0.1765390894234638,
      0.15782597197158657
    ],
    [
      0.1578259719715866,
      0.1384531358197133,
      0.12103698983874528,
      0.10792968104960869,
      0.10090142413438168,
      0.10090142413438168,
      0.10792968104960866,
      0.12103698983874522,
      0.13845313581971325,
      0.15782597197158657,
      0.1765390894234638,
      0.19206517797050546,
      0.2023073533214071,
      0.20588235294117646,
      0.2023073533214071,
      0.19206517797050554,
      0.17653908942346383
    ],
    [
      0.17653908942346375,
      0.15782597197158654,
      0.13845313581971325,
      0.12103698983874525,
      0.10792968104960865,
      0.10090142413438168,
      0.10090142413438168,
      0.10792968104960868,
      0.12103698983874528,
      0.1384531358197133,
      0.1578259719715866,
      0.17653908942346375,
      0.1920651779705055,
      0.2023073533214071,
      0.20588235294117646,
      0.2023073533214071,
      0.19206517797050546
    ],
    [
      0.19206517797050546,
      0.17653908942346375,
      0.15782597197158654,
      0.13845313581971325,
      0.12103698983874522,
      0.10792968104960865,
      0.10090142413438168,
      0.10090142413438168,
      0.10792968104960869,
      0.12103698983874528,
      0.1384531358197133,
      0.15782597197158657,
      0.1765390894234638,
      0.19206517797050554,
      0.2023073533214071,
      0.20588235294117646,
      0.20230735332140706
    ],
    [
      0.2023073533214071,
      0.19206517797050549,
      0.1765390894234638,
      0.1578259719715866,
      0.13845313581971325,
      0.12103698983874527,
      0.10792968104960866,
      0.10090142413438168,
      0.10090142413438168,
      0.10792968104960866,
      0.12103698983874527,
      0.13845313581971322,
      0.15782597197158657,
      0.17653908942346383,
      0.19206517797050546,
      0.20230735332140706,
      0.20588235294117646
    ]
  ],
  "score": 2.277589881400137e-16
}