{
  "k": 12,
  "M_approx": [
    [
      0.11111111111112641,
      0.10776070115469458,
      0.09811358017335899,
      0.08333333333341199,
      0.06520267653680017,
      0.04590843457419304,
      0.027777777778104987,
      0.012997530937289156,
      0.003350409956844928,
      3.219803108712853e-13,
      0.00335040995636791,
      0.012997530937774266,
      0.027777777777751943,
      0.04590843457421306,
      0.0652026765370663,
      0.08333333333329668,
      0.09811358017332064,
      0.10776070115469752
    ],
    [
      0.10776070115478144,
      0.11111111111115615,
      0.10776070115472063,
      0.09811358017319978,
      0.08333333333348757,
      0.06520267653702827,
      0.04590843457389224,
      0.027777777777948473,
      0.01299753093763106,
      0.0033504099567216476,
      1.7069092721882887e-13,
      0.00335040995634624,
      0.012997530937783256,
      0.02777777777775378,
      0.045908434574027004,
      0.06520267653705764,
      0.08333333333339396,
      0.0981135801732558
    ],
    [
      0.09811358017322352,
      0.10776070115474853,
      0.11111111111114387,
      0.107760701154853,
      0.09811358017318604,
      0.08333333333324604,
      0.06520267653708056,
      0.04590843457426097,
      0.02777777777771252,
      0.012997530937785646,
      0.003350409956263546,
      9.295602176805542e-14,
      0.0033504099564387498,
      0.012997530937764594,
      0.02777777777780666,
      0.04590843457410215,
      0.06520267653687165,
      0.0833333333334755
    ],
    [
      0.08333333333335796,
      0.09811358017324946,
      0.10776070115476954,
      0.11111111111115717,
      0.10776070115467719,
      0.09811358017329634,
      0.08333333333344414,
      0.06520267653693895,
      0.04590843457407665,
      0.02777777777773028,
      0.012997530937871553,
      0.003350409956577339,
      2.8026698170232487e-13,
      0.0033504099565839864,
      0.01299753093794653,
      0.027777777777767552,
      0.045908434573948935,
      0.06520267653710204
    ],
    [
      0.06520267653711709,
      0.08333333333338219,
      0.09811358017321781,
      0.10776070115466964,
      0.1111111111112563,
      0.10776070115481359,
      0.09811358017317137,
      0.08333333333330592,
      0.06520267653705246,
      0.04590843457416645,
      0.027777777777788074,
      0.012997530937783035,
      0.003350409956245493,
      1.0384000536697912e-13,
      0.0033504099563214096,
      0.012997530937761938,
      0.02777777777797636,
      0.04590843457388225
    ],
    [
      0.04590843457398135,
      0.06520267653707586,
      0.0833333333333629,
      0.09811358017317674,
      0.10776070115492498,
      0.11111111111117603,
      0.10776070115432919,
      0.0981135801735792,
      0.0833333333333203,
      0.06520267653700446,
      0.04590843457413894,
      0.027777777777846277,
      0.012997530937867045,
      0.003350409956383718,
      1.039765370454224e-13,
      0.003350409956456081,
      0.012997530938245325,
      0.027777777777641274
    ],
    [
      0.02777777777763524,
      0.045908434574104394,
      0.06520267653702633,
      0.08333333333346694,
      0.09811358017309323,
      0.10776070115478527,
      0.11111111111132753,
      0.10776070115454305,
      0.09811358017334844,
      0.08333333333333273,
      0.06520267653707827,
      0.04590843457406834,
      0.027777777777781607,
      0.012997530937862805,
      0.0033504099562339535,
      0.0,
      0.0033504099565502795,
      0.012997530937844795
    ],
    [
      0.012997530937981535,
      0.027777777777812422,
      0.0459084345739926,
      0.06520267653701721,
      0.08333333333327914,
      0.0981135801733887,
      0.10776070115485448,
      0.11111111111101744,
      0.10776070115489962,
      0.09811358017324735,
      0.08333333333317042,
      0.06520267653695203,
      0.04590843457398141,
      0.027777777777826643,
      0.012997530938244614,
      0.0033504099570195013,
      1.0078822832371502e-12,
      0.0033504099568724788
    ],
    [
      0.003350409956341155,
      0.012997530937792856,
      0.0277777777778275,
      0.04590843457407947,
      0.0652026765369428,
      0.08333333333344667,
      0.09811358017316846,
      0.10776070115475019,
      0.1111111111112567,
      0.10776070115468855,
      0.09811358017326263,
      0.08333333333338358,
      0.06520267653712498,
      0.045908434573998395,
      0.027777777777684913,
      0.012997530937805167,
      0.003350409956676359,
      4.741234257977031e-13
    ],
    [
      6.661234186053213e-14,
      0.0033504099563672132,
      0.012997530937806001,
      0.02777777777765791,
      0.04590843457431703,
      0.06520267653701965,
      0.0833333333329769,
      0.09811358017360282,
      0.10776070115471187,
      0.11111111111108041,
      0.10776070115481111,
      0.09811358017330488,
      0.08333333333336997,
      0.06520267653704195,
      0.04590843457391017,
      0.027777777777618844,
      0.012997530938097034,
      0.003350409956704727
    ],
    [
      0.0033504099563599903,
      8.697558063822031e-13,
      0.003350409956502285,
      0.01299753093793039,
      0.027777777777682252,
      0.045908434573621926,
      0.06520267653781885,
      0.0833333333331699,
      0.09811358017295037,
      0.10776070115484172,
      0.11111111111120124,
      0.1077607011547794,
      0.09811358017326294,
      0.08333333333337656,
      0.06520267653702878,
      0.04590843457418035,
      0.02777777777764325,
      0.012997530937725764
    ],
    [
      0.01299753093776532,
      0.003350409956430241,
      1.0197738321649497e-13,
      0.00335040995634341,
      0.012997530937980506,
      0.027777777777794815,
      0.045908434574210136,
      0.065202676536608,
      0.08333333333350522,
      0.09811358017343379,
      0.1077607011547888,
      0.11111111111104485,
      0.10776070115469606,
      0.09811358017330955,
      0.08333333333333834,
      0.06520267653699126,
      0.04590843457418932,
      0.027777777777747745
    ],
    [
      0.027777777777751436,
      0.01299753093788481,
      0.003350409956384148,
      0.0,
      0.0033504099565070987,
      0.01299753093784167,
      0.02777777777810378,
      0.04590843457347801,
      0.06520267653725109,
      0.08333333333350933,
      0.09811358017322888,
      0.10776070115467648,
      0.11111111111102819,
      0.10776070115488015,
      0.09811358017333381,
      0.08333333333328581,
      0.06520267653709641,
      0.04590843457401486
    ],
    [
      0.04590843457402087,
      0.027777777777673887,
      0.012997530937921442,
      0.0033504099565842414,
      2.29282840886895e-12,
      0.0033504099558676597,
      0.012997530936091795,
      0.02777777778012277,
      0.04590843457328794,
      0.0652026765367663,
      0.08333333333331136,
      0.09811358017331251,
      0.10776070115485235,
      0.1111111111112087,
      0.10776070115481394,
      0.09811358017315605,
      0.08333333333339862,
      0.06520267653702645
    ],
    [
      0.06520267653703397,
      0.0459084345740037,
      0.027777777777819396,
      0.012997530937966227,
      0.0033504099560900205,
      2.4849247022391054e-12,
      0.0033504099588095647,
      0.012997530936011248,
      0.02777777777802772,
      0.045908434573947665,
      0.06520267653706605,
      0.08333333333346618,
      0.09811358017341543,
      0.10776070115470858,
      0.11111111111108288,
      0.10776070115475465,
      0.09811358017326312,
      0.08333333333337448
    ],
    [
      0.08333333333342062,
      0.06520267653730823,
      0.04590843457385724,
      0.027777777777326235,
      0.012997530938416985,
      0.0033504099578558827,
      1.4632833409878512e-12,
      0.003350409958167861,
      0.012997530938231807,
      0.027777777777820107,
      0.045908434574141184,
      0.06520267653712608,
      0.08333333333324333,
      0.09811358017280644,
      0.1077607011547034,
      0.11111111111126602,
      0.10776070115480124,
      0.09811358017332127
    ],
    [
      0.0981135801732626,
      0.08333333333345164,
      0.06520267653694727,
      0.04590843457405233,
      0.027777777777773342,
      0.012997530937710161,
      0.003350409956933875,
      4.337411233888123e-13,
      0.0033504099565365214,
      0.012997530937727795,
      0.02777777777764142,
      0.04590843457403697,
      0.06520267653713037,
      0.08333333333346016,
      0.09811358017330699,
      0.10776070115486192,
      0.11111111111089522,
      0.1077607011547643
    ],
    [
      0.1077607011547764,
      0.09811358017305466,
      0.08333333333349881,
      0.06520267653720076,
      0.04590843457406726,
      0.027777777777299607,
      0.012997530937871473,
      0.003350409957303905,
      1.6334467542489193e-12,
      0.003350409956955124,
      0.012997530937865692,
      0.027777777777696157,
      0.04590843457398715,
      0.06520267653719257,
      0.08333333333334705,
      0.09811358017320204,
      0.1077607011547965,
      0.11111111111113386
    ]
  ],
  "A": [
    [
      0.3751938510523649,
      0.0,
      0.2212790854613374,
      0.23979138359872235,
      0.0,
      0.0,
      0.0,
      2.2454109178244653e-11,
      0.0,
      0.0,
      0.1111136217242243,
      0.2133216478450093
    ],
    [
      0.8018485565994585,
      0.0,
      0.1697673908791878,
      0.06181169661387829,
      0.0,
      0.07211162197667156,
      0.0,
      0.0,
      0.0,
      0.0,
      5.6608257996132396e-12,
      0.22170355699691593
    ],
    [
      0.4045701231168453,
      0.0,
      0.08166869883796649,
      0.0,
      0.0,
      0.21946685752173636,
      0.0,
      0.19531975268497662,
      0.0,
      5.658594794952161e-13,
      0.03271083645616973,
      0.09569075629974902
    ],
    [
      0.09584069943517357,
      0.0,
      0.22084144313770204,
      0.0,
      0.07716154579959646,
      0.15512475325455208,
      0.0,
      0.2632015612740836,
      0.0,
      0.0,
      0.073767191585533,
      0.0
    ],
    [
      0.09598105661031457,
      0.0,
      0.3978794704783142,
      0.0,
      0.19052613169954755,
      4.807816183464177e-12,
      0.0,
      0.16487197366420073,
      0.0,
      0.028761385364660514,
      0.07837089825951442,
      0.0
    ],
    [
      0.0,
      0.0,
      0.33836406361691834,
      0.0,
      0.2617573915540116,
      0.0,
      0.0,
      0.07181610521591038,
      0.0,
      0.09990673676132587,
      0.10045245593386433,
      0.03882594231069214
    ],
    [
      0.0,
      0.0,
      0.24661486038686464,
      0.0,
      0.3107600450499008,
      0.0,
      0.0,
      0.0,
      0.08955386162728267,
      0.141961132610423,
      0.10051490561943134,
      0.03882594228336225
    ],
    [
      0.0,
      0.1475737880697948,
      0.2032043684717648,
      0.0,
      0.31739930758180934,
      0.0,
      0.0,
      0.0,
      0.03413120250782092,
      0.13519370295246405,
      0.0606815150577261,
      0.0
    ],
    [
      0.0,
      0.26716212975730985,
      3.77440287672998e-11,
      0.0,
      0.2799892904534309,
      0.10541815610237096,
      0.0,
      0.0,
      0.0,
      0.14954493864222856,
      0.029813400647631487,
      0.0
    ],
    [
      0.0,
      0.34864879763829426,
      0.0,
      0.0,
      0.26407407001323896,
      0.06472682407354008,
      0.057002906907395755,
      0.0,
      0.0,
      0.11573201266306994,
      0.0,
      0.0
    ],
    [
      0.0,
      0.2768125150432584,
      0.0,
      3.3376663219711454e-11,
      0.2500119157827218,
      0.0,
      0.1447312198310118,
      0.0,
      0.19211175914070788,
      0.07190795947618082,
      0.0,
      0.0
    ],
    [
      0.0,
      0.45294613473102985,
      0.0,
      0.12857115058549812,
      0.18191531815223919,
      0.0,
      0.07801434169015123,
      1.3764423345471981e-12,
      0.0,
      0.04810094850290632,
      0.0,
      0.0
    ],
    [
      0.0,
      0.4699366040105417,
      0.0,
      0.16777194050343625,
      0.11524047061343845,
      0.0,
      0.09774806127378005,
      0.04522224395839992,
      0.0,
      0.0,
      0.0,
      0.0
    ],
    [
      0.0,
      0.33768265646994783,
      0.0,
      0.06495678487175326,
      0.08319783104967937,
      0.0,
      0.268436697877029,
      3.0947510008213494e-11,
      0.0,
      0.0,
      0.0,
      0.1875466475660903
    ],
    [
      0.0,
      0.3536357066562648,
      0.0,
      0.38200721474390936,
      0.02144613798313672,
      0.00025533766775067047,
      0.0,
      0.0,
      0.0,
      0.0,
      0.10264307578174331,
      0.07174398582520362
    ],
    [
      0.0,
      0.15301695620808198,
      0.0,
      0.23429393765625994,
      0.0,
      0.030500118706493436,
      0.16244627441389148,
      0.0,
      0.0630377407005929,
      0.0,
      0.10479896203353231,
      0.22296452345664092
    ],
    [
      0.0,
      0.0,
      0.07547310327733196,
      0.24704133571674494,
      0.0,
      0.004493768453818899,
      0.15699016669524812,
      0.0,
      0.1355341059019537,
      0.0,
      0.14849248979035298,
      0.24796047242282118
    ],
    [
      0.0,
      0.0,
      0.16960031004341047,
      0.29322705858345066,
      0.0,
      0.0,
      0.07879670396013874,
      0.0,
      0.0,
      0.015040783987825717,
      0.17594778633215188,
      0.25592298927635215
    ]
  ],
  "B": [
    [
      0.06278094874748305,
      0.08049873318169043,
      0.06397371484617295,
      0.040549268821698764,
      0.038400942988051266,
      0.05832978555508902,
      0.04785455102308246,
      0.03464217469648147,
      0.008929810407904502,
      0.0,
      0.0,
      0.0,
      0.0,
      0.0,
      0.034906991799694476,
      0.05527986942470265,
      0.05866136316095437,
      0.050203799482675504
    ],
    [
      0.0,
      0.0,
      0.0,
      0.0,
      0.0,
      0.0,
      0.0,
      0.021895677713000675,
      0.05972896684814588,
      0.11658393723032677,
      0.16966277266157526,
      0.17446202247263537,
      0.17885097176076983,
      0.16331504740125977,
      0.07942200700786262,
      0.022703286273541547,
      0.0,
      0.0
    ],
    [
      0.027474499052583326,
      0.06116658276753403,
      0.156792910884317,
      0.23368733205666928,
      0.21344303937504883,
      0.10856632765264285,
      0.04439210539956717,
      0.0,
      0.0,
      0.0,
      0.0,
      0.0,
      0.0,
      0.0,
      0.0,
      0.0,
      0.0,
      0.012561547913201788
    ],
    [
      0.10109212586353264,
      0.026058800445592365,
      0.0,
      0.0,
      0.0,
      0.0,
      0.0,
      1.7557431112910407e-12,
      0.0,
      0.0,
      0.0,
      0.05420349448220757,
      0.08469349486598365,
      0.114684077382148,
      0.21729633097121825,
      0.26102967211644457,
      0.24060921443769503,
      0.18038570089120534
    ],
    [
      0.0,
      0.0,
      0.0,
      0.0,
      0.0,
      1.158681672286648e-10,
      0.15622439627330667,
      0.24500623276402156,
      0.30937102624529395,
      0.21767687003177083,
      0.09833306682758677,
      0.04342072105811624,
      3.632210562891427e-12,
      0.0,
      0.0,
      0.0,
      0.0,
      0.0
    ],
    [
      0.0,
      0.05176231036085764,
      0.2008059428814044,
      0.30461270048152034,
      0.22612062082764187,
      0.0,
      0.0,
      0.0,
      0.0809463882705948,
      0.04646144220421946,
      0.0,
      0.0,
      0.0,
      0.02159816461455464,
      0.062221020347716226,
      0.06575786259953374,
      0.03178209599324423,
      0.0
    ],
    [
      0.0,
      0.0,
      0.0,
      0.0,
      0.0,
      0.012481191896134282,
      9.007798709249558e-12,
      0.0,
      2.0729886811956484e-11,
      0.028774230630240594,
      0.06653359923307699,
      0.11945977088906422,
      0.131494176643399,
      0.12043422687525018,
      0.2489465723200645,
      0.2737756293259103,
      0.19192664717655844,
      0.05877612456058856
    ],
    [
      0.2392043097631305,
      0.19073789058036753,
      0.0740876538427903,
      0.0,
      0.07408765384550911,
      0.2604364043741395,
      0.2161415262448858,
      0.16328735447245568,
      0.032766751606618204,
      0.014339482734111123,
      0.01210363929453426,
      0.0,
      0.0,
      0.0,
      0.0,
      0.04665262682212151,
      0.13433088515421057,
      0.2189082717909305
    ],
    [
      0.01743990044092279,
      0.0,
      0.01743990045944222,
      0.04158451394096013,
      0.043450065209397766,
      0.02098563208931078,
      0.0,
      0.0,
      0.022036192346904366,
      0.06102871787302156,
      0.09484816816542528,
      0.10155319548382732,
      0.11033958427217654,
      0.10772423219434304,
      0.0374122332108264,
      0.0,
      2.9529644699925275e-11,
      0.023375928403333385
    ],
    [
      5.755740380534151e-13,
      0.0,
      0.0,
      0.06965371911826175,
      0.27021360996848537,
      0.5572460964143616,
      0.36358584115972525,
      0.222755007950447,
      0.0,
      0.07201056974024604,
      0.16286036414059837,
      0.1642740382311494,
      0.11648986698916645,
      0.0,
      0.0,
      0.0,
      0.0,
      0.0
    ],
    [
      0.11237932883997433,
      0.2529347024437146,
      0.22168506092507415,
      0.11338405314251068,
      0.0320788598652186,
      0.0,
      0.0,
      0.0,
      0.0,
      0.0,
      0.030153008282023247,
      0.0,
      0.0,
      0.0,
      0.0,
      0.0,
      0.0,
      0.0
    ],
    [
      0.20977082557985252,
      0.13908583392842844,
      0.06930292332230766,
      0.017864408668801065,
      0.0,
      0.0,
      0.0,
      0.0,
      0.0,
      0.0,
      0.0,
      0.0,
      0.03501289033475452,
      0.08629307511903092,
      2.678017090052407e-12,
      0.0,
      0.08629307511595175,
      0.2010578864609138
    ]
  ],
  "M": [
    [
      0.1111111111111111,
      0.10776070115477268,
      0.09811358017327657,
      0.08333333333333334,
      0.0652026765370517,
      0.04590843457405943,
      0.02777777777777779,
      0.01299753093783456,
      0.0033504099563384255,
      0.0,
      0.0033504099563384216,
      0.012997530937834534,
      0.027777777777777752,
      0.045908434574059416,
      0.06520267653705165,
      0.0833333333333333,
      0.09811358017327654,
      0.10776070115477271
    ],
    [
      0.10776070115477268,
      0.11111111111111109,
      0.10776070115477268,
      0.09811358017327657,
      0.08333333333333334,
      0.0652026765370517,
      0.04590843457405943,
      0.027777777777777776,
      0.012997530937834557,
      0.0033504099563384246,
      0.0,
      0.0033504099563384138,
      0.012997530937834532,
      0.027777777777777773,
      0.045908434574059395,
      0.06520267653705164,
      0.0833333333333333,
      0.09811358017327657
    ],
    [
      0.09811358017327657,
      0.10776070115477268,
      0.1111111111111111,
      0.10776070115477271,
      0.09811358017327657,
      0.08333333333333331,
      0.0652026765370517,
      0.04590843457405943,
      0.027777777777777776,
      0.012997530937834557,
      0.0033504099563384233,
      0.0,
      0.003350409956338413,
      0.012997530937834546,
      0.027777777777777766,
      0.045908434574059395,
      0.06520267653705165,
      0.08333333333333337
    ],
    [
      0.08333333333333334,
      0.09811358017327657,
      0.10776070115477271,
      0.1111111111111111,
      0.10776070115477271,
      0.09811358017327657,
      0.08333333333333334,
      0.0652026765370517,
      0.045908434574059416,
      0.027777777777777776,
      0.012997530937834546,
      0.00335040995633843,
      0.0,
      0.0033504099563384233,
      0.012997530937834545,
      0.027777777777777752,
      0.045908434574059416,
      0.06520267653705172
    ],
    [
      0.0652026765370517,
      0.08333333333333334,
      0.09811358017327657,
      0.10776070115477271,
      0.1111111111111111,
      0.10776070115477271,
      0.09811358017327657,
      0.08333333333333334,
      0.06520267653705168,
      0.045908434574059416,
      0.027777777777777773,
      0.01299753093783456,
      0.0033504099563384277,
      0.0,
      0.0033504099563384216,
      0.01299753093783454,
      0.027777777777777773,
      0.045908434574059465
    ],
    [
      0.04590843457405943,
      0.0652026765370517,
      0.08333333333333331,
      0.09811358017327657,
      0.10776070115477271,
      0.1111111111111111,
      0.10776070115477271,
      0.09811358017327657,
      0.08333333333333331,
      0.06520267653705168,
      0.045908434574059416,
      0.027777777777777804,
      0.012997530937834574,
      0.0033504099563384277,
      0.0,
      0.003350409956338408,
      0.01299753093783454,
      0.02777777777777779
    ],
    [
      0.02777777777777779,
      0.04590843457405943,
      0.0652026765370517,
      0.08333333333333334,
      0.09811358017327657,
      0.10776070115477271,
      0.1111111111111111,
      0.10776070115477268,
      0.09811358017327657,
      0.08333333333333331,
      0.06520267653705168,
      0.045908434574059444,
      0.027777777777777804,
      0.012997530937834552,
      0.0033504099563384255,
      0.0,
      0.0033504099563384216,
      0.012997530937834574
    ],
    [
      0.01299753093783456,
      0.027777777777777776,
      0.04590843457405943,
      0.0652026765370517,
      0.08333333333333334,
      0.09811358017327657,
      0.10776070115477268,
      0.11111111111111109,
      0.10776070115477268,
      0.09811358017327654,
      0.08333333333333331,
      0.06520267653705168,
      0.045908434574059444,
      0.027777777777777776,
      0.012997530937834557,
      0.003350409956338434,
      0.0,
      0.003350409956338431
    ],
    [
      0.0033504099563384255,
      0.012997530937834557,
      0.027777777777777776,
      0.045908434574059416,
      0.06520267653705168,
      0.08333333333333331,
      0.09811358017327657,
      0.10776070115477268,
      0.11111111111111109,
      0.10776070115477268,
      0.09811358017327654,
      0.08333333333333334,
      0.06520267653705172,
      0.04590843457405943,
      0.02777777777777779,
      0.012997530937834574,
      0.003350409956338427,
      0.0
    ],
    [
      0.0,
      0.0033504099563384246,
      0.012997530937834557,
      0.027777777777777776,
      0.045908434574059416,
      0.06520267653705168,
      0.08333333333333331,
      0.09811358017327654,
      0.10776070115477268,
      0.1111111111111111,
      0.10776070115477268,
      0.09811358017327657,
      0.08333333333333337,
      0.0652026765370517,
      0.045908434574059444,
      0.027777777777777814,
      0.01299753093783456,
      0.0033504099563384173
    ],
    [
      0.0033504099563384216,
      0.0,
      0.0033504099563384233,
      0.012997530937834546,
      0.027777777777777773,
      0.045908434574059416,
      0.06520267653705168,
      0.08333333333333331,
      0.09811358017327654,
      0.10776070115477268,
      0.11111111111111109,
      0.10776070115477268,
      0.0981135801732766,
      0.08333333333333331,
      0.0652026765370517,
      0.045908434574059465,
      0.02777777777777779,
      0.012997530937834545
    ],
    [
      0.012997530937834534,
      0.0033504099563384138,
      0.0,
      0.00335040995633843,
      0.01299753093783456,
      0.027777777777777804,
      0.045908434574059444,
      0.06520267653705168,
      0.08333333333333334,
      0.09811358017327657,
      0.10776070115477268,
      0.11111111111111109,
      0.10776070115477271,
      0.09811358017327654,
      0.08333333333333331,
      0.0652026765370517,
      0.045908434574059416,
      0.02777777777777775
    ],
    [
      0.027777777777777752,
      0.012997530937834532,
      0.003350409956338413,
      0.0,
      0.0033504099563384277,
      0.012997530937834574,
      0.027777777777777804,
      0.045908434574059444,
      0.06520267653705172,
      0.08333333333333337,
      0.0981135801732766,
      0.10776070115477271,
      0.1111111111111111,
      0.10776070115477271,
      0.09811358017327657,
      0.08333333333333337,
      0.06520267653705165,
      0.04590843457405938
    ],
    [
      0.045908434574059416,
      0.027777777777777773,
      0.012997530937834546,
      0.0033504099563384233,
      0.0,
      0.0033504099563384277,
      0.012997530937834552,
      0.027777777777777776,
      0.04590843457405943,
      0.0652026765370517,
      0.08333333333333331,
      0.09811358017327654,
      0.10776070115477271,
      0.1111111111111111,
      0.10776070115477271,
      0.09811358017327657,
      0.08333333333333334,
      0.06520267653705165
    ],
    [
      0.06520267653705165,
      0.045908434574059395,
      0.027777777777777766,
      0.012997530937834545,
      0.0033504099563384216,
      0.0,
      0.0033504099563384255,
      0.012997530937834557,
      0.02777777777777779,
      0.045908434574059444,
      0.0652026765370517,
      0.08333333333333331,
      0.09811358017327657,
      0.10776070115477271,
      0.1111111111111111,
      0.10776070115477271,
      0.09811358017327654,
      0.08333333333333331
    ],
    [
      0.0833333333333333,
      0.06520267653705164,
      0.045908434574059395,
      0.027777777777777752,
      0.01299753093783454,
      0.003350409956338408,
      0.0,
      0.003350409956338434,
      0.012997530937834574,
      0.027777777777777814,
      0.045908434574059465,
      0.0652026765370517,
      0.08333333333333337,
      0.09811358017327657,
      0.10776070115477271,
      0.1111111111111111,
      0.10776070115477268,
      0.09811358017327654
    ],
    [
      0.09811358017327654,
      0.0833333333333333,
      0.06520267653705165,
      0.045908434574059416,
      0.027777777777777773,
      0.01299753093783454,
      0.0033504099563384216,
      0.0,
      0.003350409956338427,
      0.01299753093783456,
      0.02777777777777779,
      0.045908434574059416,
      0.06520267653705165,
      0.08333333333333334,
      0.09811358017327654,
      0.10776070115477268,
      0.11111111111111109,
      0.10776070115477268
    ],
    [
      0.10776070115477271,
      0.09811358017327657,
      0.08333333333333337,
      0.06520267653705172,
      0.045908434574059465,
      0.02777777777777779,
      0.012997530937834574,
      0.003350409956338431,
      0.0,
      0.0033504099563384173,
      0.012997530937834545,
      0.02777777777777775,
      0.04590843457405938,
      0.06520267653705165,
      0.08333333333333331,
      0.09811358017327654,
      0.10776070115477268,
      0.1111111111111111
    ]
  ],
  "score": 1.6661770316977085e-12
}