{
  "k": 5,
  "M_approx": [
    [
      0.12000000000000004,
      0.11668309414322502,
      0.10713244437154379,
      0.09250000000000005,
      0.07455064977168119,
      0.05544935022831885,
      0.03750000000000002,
      0.02286755562845624,
      0.013316905856775037,
      0.010000000000000005,
      0.013316905856775026,
      0.02286755562845617,
      0.037499999999999985,
      0.055449350228318824,
      0.07455064977168116,
      0.09249999999999997,
      0.10713244437154383,
      0.11668309414322502
    ],
    [
      0.11668309414322495,
      0.12,
      0.11668309414322493,
      0.10713244437154378,
      0.09249999999999996,
      0.07455064977168116,
      0.05544935022831885,
      0.037500000000000026,
      0.02286755562845622,
      0.013316905856775047,
      0.009999999999999992,
      0.01331690585677501,
      0.022867555628456177,
      0.03749999999999996,
      0.05544935022831878,
      0.0745506497716811,
      0.09249999999999997,
      0.10713244437154383
    ],
    [
      0.10713244437154379,
      0.11668309414322499,
      0.12000000000000001,
      0.11668309414322499,
      0.10713244437154379,
      0.09250000000000001,
      0.07455064977168122,
      0.055449350228318844,
      0.03750000000000001,
      0.0228675556284562,
      0.01331690585677502,
      0.009999999999999985,
      0.01331690585677503,
      0.02286755562845618,
      0.03749999999999997,
      0.055449350228318775,
      0.07455064977168115,
      0.09250000000000008
    ],
    [
      0.09250000000000001,
      0.10713244437154382,
      0.11668309414322496,
      0.11999999999999995,
      0.1166830941432249,
      0.10713244437154376,
      0.09250000000000003,
      0.07455064977168117,
      0.05544935022831886,
      0.037500000000000006,
      0.022867555628456205,
      0.013316905856775049,
      0.01000000000000001,
      0.01331690585677503,
      0.02286755562845621,
      0.037499999999999985,
      0.05544935022831884,
      0.07455064977168128
    ],
    [
      0.07455064977168117,
      0.09250000000000004,
      0.10713244437154386,
      0.11668309414322499,
      0.12000000000000001,
      0.11668309414322497,
      0.10713244437154383,
      0.09250000000000001,
      0.07455064977168119,
      0.05544935022831882,
      0.037499999999999964,
      0.022867555628456195,
      0.013316905856775044,
      0.009999999999999983,
      0.013316905856775021,
      0.02286755562845617,
      0.037499999999999985,
      0.055449350228318914
    ],
    [
      0.05544935022831881,
      0.07455064977168119,
      0.09250000000000003,
      0.10713244437154378,
      0.11668309414322493,
      0.11999999999999997,
      0.11668309414322495,
      0.10713244437154376,
      0.09249999999999997,
      0.07455064977168112,
      0.05544935022831877,
      0.03749999999999997,
      0.02286755562845623,
      0.013316905856775044,
      0.010000000000000002,
      0.013316905856775018,
      0.022867555628456198,
      0.03750000000000005
    ],
    [
      0.0375,
      0.055449350228318844,
      0.0745506497716812,
      0.0925,
      0.10713244437154379,
      0.11668309414322496,
      0.12000000000000001,
      0.11668309414322496,
      0.10713244437154379,
      0.09249999999999997,
      0.07455064977168112,
      0.05544935022831881,
      0.037500000000000026,
      0.02286755562845621,
      0.013316905856775042,
      0.009999999999999986,
      0.013316905856775025,
      0.022867555628456236
    ],
    [
      0.022867555628456205,
      0.0375,
      0.0554493502283188,
      0.07455064977168113,
      0.09249999999999996,
      0.10713244437154375,
      0.11668309414322492,
      0.11999999999999997,
      0.11668309414322492,
      0.10713244437154373,
      0.09249999999999992,
      0.07455064977168112,
      0.055449350228318844,
      0.0375,
      0.02286755562845622,
      0.01331690585677505,
      0.010000000000000014,
      0.013316905856775032
    ],
    [
      0.013316905856775033,
      0.02286755562845622,
      0.037499999999999985,
      0.05544935022831885,
      0.07455064977168117,
      0.09249999999999999,
      0.10713244437154376,
      0.11668309414322495,
      0.11999999999999995,
      0.1166830941432249,
      0.10713244437154372,
      0.09249999999999994,
      0.0745506497716812,
      0.055449350228318844,
      0.03750000000000001,
      0.022867555628456222,
      0.013316905856775045,
      0.00999999999999996
    ],
    [
      0.009999999999999995,
      0.01331690585677503,
      0.02286755562845618,
      0.03749999999999999,
      0.055449350228318824,
      0.07455064977168117,
      0.0925,
      0.1071324443715438,
      0.11668309414322496,
      0.11999999999999998,
      0.11668309414322492,
      0.10713244437154376,
      0.09250000000000003,
      0.07455064977168117,
      0.05544935022831885,
      0.037500000000000026,
      0.022867555628456212,
      0.013316905856775004
    ],
    [
      0.013316905856775049,
      0.01,
      0.013316905856775037,
      0.0228675556284562,
      0.03749999999999999,
      0.05544935022831883,
      0.07455064977168113,
      0.09249999999999997,
      0.10713244437154375,
      0.11668309414322489,
      0.11999999999999991,
      0.1166830941432249,
      0.10713244437154378,
      0.09249999999999997,
      0.07455064977168116,
      0.05544935022831885,
      0.0375,
      0.02286755562845619
    ],
    [
      0.0228675556284562,
      0.013316905856775025,
      0.010000000000000002,
      0.013316905856775042,
      0.022867555628456226,
      0.03750000000000003,
      0.05544935022831884,
      0.07455064977168117,
      0.0925,
      0.10713244437154378,
      0.11668309414322492,
      0.11999999999999995,
      0.11668309414322493,
      0.10713244437154375,
      0.09249999999999999,
      0.07455064977168116,
      0.05544935022831879,
      0.037499999999999964
    ],
    [
      0.037499999999999964,
      0.02286755562845616,
      0.013316905856775014,
      0.00999999999999998,
      0.013316905856775035,
      0.022867555628456233,
      0.0375,
      0.05544935022831883,
      0.07455064977168119,
      0.09250000000000003,
      0.1071324443715438,
      0.11668309414322497,
      0.12000000000000004,
      0.11668309414322497,
      0.1071324443715438,
      0.09250000000000003,
      0.07455064977168113,
      0.0554493502283188
    ],
    [
      0.055449350228318824,
      0.037499999999999964,
      0.022867555628456184,
      0.013316905856775016,
      0.009999999999999995,
      0.013316905856775061,
      0.022867555628456205,
      0.03749999999999999,
      0.05544935022831884,
      0.07455064977168117,
      0.09249999999999997,
      0.10713244437154378,
      0.11668309414322495,
      0.11999999999999995,
      0.11668309414322496,
      0.1071324443715438,
      0.09249999999999997,
      0.07455064977168116
    ],
    [
      0.07455064977168112,
      0.055449350228318775,
      0.03749999999999994,
      0.02286755562845618,
      0.01331690585677502,
      0.010000000000000005,
      0.013316905856775025,
      0.02286755562845621,
      0.037500000000000006,
      0.05544935022831885,
      0.07455064977168119,
      0.09250000000000003,
      0.10713244437154382,
      0.11668309414322497,
      0.12000000000000002,
      0.11668309414322497,
      0.10713244437154378,
      0.09249999999999997
    ],
    [
      0.09249999999999997,
      0.07455064977168113,
      0.05544935022831877,
      0.03749999999999998,
      0.022867555628456188,
      0.013316905856775038,
      0.009999999999999983,
      0.01331690585677505,
      0.022867555628456215,
      0.03750000000000003,
      0.05544935022831886,
      0.07455064977168119,
      0.09250000000000001,
      0.1071324443715438,
      0.11668309414322499,
      0.12000000000000001,
      0.11668309414322496,
      0.10713244437154378
    ],
    [
      0.10713244437154376,
      0.09249999999999997,
      0.0745506497716811,
      0.05544935022831883,
      0.03749999999999999,
      0.022867555628456212,
      0.013316905856775028,
      0.010000000000000024,
      0.013316905856775038,
      0.022867555628456226,
      0.037500000000000006,
      0.055449350228318796,
      0.07455064977168115,
      0.09249999999999999,
      0.10713244437154378,
      0.11668309414322492,
      0.12,
      0.11668309414322493
    ],
    [
      0.11668309414322497,
      0.10713244437154382,
      0.09249999999999999,
      0.07455064977168122,
      0.055449350228318844,
      0.037500000000000026,
      0.022867555628456222,
      0.013316905856775077,
      0.009999999999999993,
      0.013316905856775038,
      0.022867555628456184,
      0.037499999999999936,
      0.05544935022831878,
      0.07455064977168112,
      0.09249999999999997,
      0.10713244437154375,
      0.11668309414322497,
      0.12000000000000001
    ]
  ],
  "A": [
    [
      0.33353633628332785,
      0.168038684422933,
      1.3282593893811312e-13,
      0.31740789150545856,
      0.00302086056164527
    ],
    [
      0.19747352821410025,
      0.3045189280971764,
      1.2330205435169499e-14,
      0.2632721499646941,
      6.316323691910817e-14
    ],
    [
      0.07425039018054193,
      0.41219572585587,
      0.007047885664119842,
      0.19805909038419509,
      0.025265715094592217
    ],
    [
      3.8108415472223937e-13,
      0.4663613050642861,
      0.011187469109205839,
      0.13346708590362988,
      0.08353063033598264
    ],
    [
      1.0257323444357633e-12,
      0.4514888813277388,
      0.004931885485139897,
      0.08022791883106344,
      0.1737218034988192
    ],
    [
      0.04783940239513266,
      0.3839251019292548,
      0.00034242646287648877,
      0.040004052941912324,
      0.2753254412089013
    ],
    [
      0.03981148676675892,
      0.32578354476709037,
      0.039900160118116514,
      6.078077595046432e-13,
      0.3403568640984333
    ],
    [
      0.1708985459424583,
      0.17717258267218178,
      0.035774738321106815,
      8.397481940263259e-13,
      0.43175361680534646
    ],
    [
      0.20327773399003926,
      0.07834841890962123,
      0.08350895549500473,
      8.518843037395861e-13,
      0.4574962898667181
    ],
    [
      0.13304364296513574,
      0.041230706118445044,
      0.17734536056658184,
      6.598546699267786e-13,
      0.41447993698998953
    ],
    [
      0.054958434857592414,
      0.022748931986182285,
      0.2690240081584288,
      0.015548656912908179,
      0.3393741000493229
    ],
    [
      0.02405131981287126,
      2.0931029638746865e-13,
      0.32796063828606736,
      0.052989163539020716,
      0.25787770921389963
    ],
    [
      2.874032655860118e-13,
      9.99371834851137e-16,
      0.36590488073386196,
      0.09986829600546114,
      0.16374980491629784
    ],
    [
      0.026991028368352325,
      2.347768472721406e-13,
      0.36060536792448417,
      0.15797094542294152,
      0.08340565226891679
    ],
    [
      0.10162378796819434,
      7.995239536991889e-05,
      0.3127634181497046,
      0.22026292926092672,
      0.02648300541447401
    ],
    [
      0.21531426700910192,
      6.545013566158371e-15,
      0.22797061256767204,
      0.2793061979244064,
      2.612481977302857e-14
    ],
    [
      0.33474891043869426,
      0.01057009661207028,
      0.12484549197221263,
      0.3244474152573796,
      6.141192591617834e-14
    ],
    [
      0.3733656935367183,
      0.07027451465673117,
      0.04671727566027208,
      0.33724009760758716,
      0.00015848101238648558
    ]
  ],
  "B": [
    [
      0.009691847236424418,
      0.04921140990466366,
      0.09949333371523762,
      0.14075378283436982,
      0.10177664640087158,
      0.06184869234051691,
      0.025564215506497224,
      0.006693464638264707,
      5.944104228975143e-16,
      0.008900226775178495,
      0.032320646262652936,
      0.0674364102226285,
      0.1072975834338776,
      0.10829193431391965,
      0.08093594190257646,
      0.027278710740419713,
      0.0020965959204163813,
      2.3849341999875533e-13
    ],
    [
      0.10854564083652464,
      0.1641892959086861,
      0.2161812415859488,
      0.2518064360881364,
      0.23565436069198872,
      0.20470704619014418,
      0.16259310422877393,
      0.11880449648204461,
      0.075094036916947,
      0.03795937003208143,
      0.01187948470368719,
      9.201147883461527e-16,
      0.0024787400982858978,
      0.0007897820548120674,
      0.0001329074099226877,
      6.67181927897227e-14,
      0.023096374715365384,
      0.06267802271295074
    ],
    [
      0.01632453422115202,
      1.442113274974829e-15,
      0.004044621282848512,
      0.01918836045170233,
      0.0012018407549301096,
      0.0,
      0.015585938355552026,
      0.05209315047502763,
      0.10030922569749882,
      0.15608877738556856,
      0.21270396838797942,
      0.2633261711179528,
      0.3001119579976808,
      0.29378402249577784,
      0.2519144434420233,
      0.17875285344060696,
      0.11404546027747402,
      0.06020247985235313
    ],
    [
      0.3103822743436192,
      0.22897712830877393,
      0.11852569496017257,
      0.010094012073002903,
      0.002433197837873022,
      7.038264879982732e-16,
      0.0033745178918215594,
      2.0476583848397126e-13,
      6.746639562246765e-15,
      5.540151973689053e-13,
      1.006219509774127e-13,
      2.952145524161838e-14,
      0.003510815638025211,
      0.06029770361681978,
      0.14975443245616316,
      0.26270848065733826,
      0.32305997632680317,
      0.33442884137765827
    ],
    [
      0.00323312998170843,
      1.2357538527737297e-13,
      5.885232776434811e-13,
      0.012035516456455175,
      0.07715518893715481,
      0.13964936104887046,
      0.19212249901160988,
      0.22221835461288267,
      0.23112708149897906,
      0.2161001324237873,
      0.17894997921909095,
      0.12415747863990342,
      0.06007305249426921,
      0.019323733049485762,
      4.144629726000271e-13,
      0.005234877513139833,
      0.0034040339014477917,
      0.00013514821959431165
    ]
  ],
  "M": [
    [
      0.11999999999999998,
      0.11668309414322495,
      0.10713244437154379,
      0.0925,
      0.07455064977168117,
      0.05544935022831884,
      0.03750000000000001,
      0.022867555628456215,
      0.013316905856775042,
      0.01,
      0.013316905856775037,
      0.022867555628456188,
      0.03749999999999998,
      0.055449350228318824,
      0.07455064977168113,
      0.09249999999999996,
      0.10713244437154376,
      0.11668309414322497
    ],
    [
      0.11668309414322495,
      0.11999999999999997,
      0.11668309414322495,
      0.10713244437154379,
      0.0925,
      0.07455064977168117,
      0.05544935022831884,
      0.0375,
      0.022867555628456212,
      0.01331690585677504,
      0.01,
      0.01331690585677503,
      0.022867555628456188,
      0.03749999999999999,
      0.0554493502283188,
      0.07455064977168112,
      0.09249999999999996,
      0.10713244437154379
    ],
    [
      0.10713244437154379,
      0.11668309414322495,
      0.11999999999999998,
      0.11668309414322497,
      0.10713244437154379,
      0.09249999999999997,
      0.07455064977168117,
      0.05544935022831884,
      0.0375,
      0.022867555628456212,
      0.01331690585677504,
      0.01,
      0.01331690585677503,
      0.0228675556284562,
      0.037499999999999985,
      0.0554493502283188,
      0.07455064977168113,
      0.09250000000000003
    ],
    [
      0.0925,
      0.10713244437154379,
      0.11668309414322497,
      0.11999999999999998,
      0.11668309414322497,
      0.10713244437154379,
      0.0925,
      0.07455064977168117,
      0.055449350228318824,
      0.0375,
      0.0228675556284562,
      0.013316905856775045,
      0.01,
      0.01331690585677504,
      0.0228675556284562,
      0.03749999999999998,
      0.055449350228318824,
      0.0745506497716812
    ],
    [
      0.07455064977168117,
      0.0925,
      0.10713244437154379,
      0.11668309414322497,
      0.11999999999999998,
      0.11668309414322497,
      0.10713244437154379,
      0.0925,
      0.07455064977168116,
      0.055449350228318824,
      0.03749999999999999,
      0.022867555628456215,
      0.013316905856775044,
      0.01,
      0.013316905856775037,
      0.022867555628456195,
      0.03749999999999999,
      0.05544935022831887
    ],
    [
      0.05544935022831884,
      0.07455064977168117,
      0.09249999999999997,
      0.10713244437154379,
      0.11668309414322497,
      0.11999999999999998,
      0.11668309414322497,
      0.10713244437154379,
      0.09249999999999997,
      0.07455064977168116,
      0.055449350228318824,
      0.037500000000000026,
      0.02286755562845623,
      0.013316905856775044,
      0.01,
      0.013316905856775025,
      0.022867555628456195,
      0.03750000000000001
    ],
    [
      0.03750000000000001,
      0.05544935022831884,
      0.07455064977168117,
      0.0925,
      0.10713244437154379,
      0.11668309414322497,
      0.11999999999999998,
      0.11668309414322495,
      0.10713244437154379,
      0.09249999999999997,
      0.07455064977168116,
      0.05544935022831885,
      0.037500000000000026,
      0.02286755562845621,
      0.013316905856775042,
      0.01,
      0.013316905856775037,
      0.02286755562845623
    ],
    [
      0.022867555628456215,
      0.0375,
      0.05544935022831884,
      0.07455064977168117,
      0.0925,
      0.10713244437154379,
      0.11668309414322495,
      0.11999999999999997,
      0.11668309414322495,
      0.10713244437154376,
      0.09249999999999997,
      0.07455064977168116,
      0.05544935022831885,
      0.0375,
      0.022867555628456212,
      0.01331690585677505,
      0.01,
      0.013316905856775047
    ],
    [
      0.013316905856775042,
      0.022867555628456212,
      0.0375,
      0.055449350228318824,
      0.07455064977168116,
      0.09249999999999997,
      0.10713244437154379,
      0.11668309414322495,
      0.11999999999999997,
      0.11668309414322495,
      0.10713244437154376,
      0.0925,
      0.0745506497716812,
      0.05544935022831884,
      0.03750000000000001,
      0.02286755562845623,
      0.013316905856775044,
      0.01
    ],
    [
      0.01,
      0.01331690585677504,
      0.022867555628456212,
      0.0375,
      0.055449350228318824,
      0.07455064977168116,
      0.09249999999999997,
      0.10713244437154376,
      0.11668309414322495,
      0.11999999999999998,
      0.11668309414322495,
      0.10713244437154379,
      0.09250000000000003,
      0.07455064977168117,
      0.05544935022831885,
      0.03750000000000003,
      0.022867555628456215,
      0.013316905856775033
    ],
    [
      0.013316905856775037,
      0.01,
      0.01331690585677504,
      0.0228675556284562,
      0.03749999999999999,
      0.055449350228318824,
      0.07455064977168116,
      0.09249999999999997,
      0.10713244437154376,
      0.11668309414322495,
      0.11999999999999997,
      0.11668309414322495,
      0.10713244437154382,
      0.09249999999999997,
      0.07455064977168117,
      0.05544935022831887,
      0.03750000000000001,
      0.0228675556284562
    ],
    [
      0.022867555628456188,
      0.01331690585677503,
      0.01,
      0.013316905856775045,
      0.022867555628456215,
      0.037500000000000026,
      0.05544935022831885,
      0.07455064977168116,
      0.0925,
      0.10713244437154379,
      0.11668309414322495,
      0.11999999999999997,
      0.11668309414322497,
      0.10713244437154376,
      0.09249999999999997,
      0.07455064977168117,
      0.055449350228318824,
      0.03749999999999997
    ],
    [
      0.03749999999999998,
      0.022867555628456188,
      0.01331690585677503,
      0.01,
      0.013316905856775044,
      0.02286755562845623,
      0.037500000000000026,
      0.05544935022831885,
      0.0745506497716812,
      0.09250000000000003,
      0.10713244437154382,
      0.11668309414322497,
      0.11999999999999998,
      0.11668309414322497,
      0.10713244437154379,
      0.09250000000000003,
      0.07455064977168113,
      0.05544935022831879
    ],
    [
      0.055449350228318824,
      0.03749999999999999,
      0.0228675556284562,
      0.01331690585677504,
      0.01,
      0.013316905856775044,
      0.02286755562845621,
      0.0375,
      0.05544935022831884,
      0.07455064977168117,
      0.09249999999999997,
      0.10713244437154376,
      0.11668309414322497,
      0.11999999999999998,
      0.11668309414322497,
      0.10713244437154379,
      0.0925,
      0.07455064977168113
    ],
    [
      0.07455064977168113,
      0.0554493502283188,
      0.037499999999999985,
      0.0228675556284562,
      0.013316905856775037,
      0.01,
      0.013316905856775042,
      0.022867555628456212,
      0.03750000000000001,
      0.05544935022831885,
      0.07455064977168117,
      0.09249999999999997,
      0.10713244437154379,
      0.11668309414322497,
      0.11999999999999998,
      0.11668309414322497,
      0.10713244437154376,
      0.09249999999999997
    ],
    [
      0.09249999999999996,
      0.07455064977168112,
      0.0554493502283188,
      0.03749999999999998,
      0.022867555628456195,
      0.013316905856775025,
      0.01,
      0.01331690585677505,
      0.02286755562845623,
      0.03750000000000003,
      0.05544935022831887,
      0.07455064977168117,
      0.09250000000000003,
      0.10713244437154379,
      0.11668309414322497,
      0.11999999999999998,
      0.11668309414322495,
      0.10713244437154376
    ],
    [
      0.10713244437154376,
      0.09249999999999996,
      0.07455064977168113,
      0.055449350228318824,
      0.03749999999999999,
      0.022867555628456195,
      0.013316905856775037,
      0.01,
      0.013316905856775044,
      0.022867555628456215,
      0.03750000000000001,
      0.055449350228318824,
      0.07455064977168113,
      0.0925,
      0.10713244437154376,
      0.11668309414322495,
      0.11999999999999997,
      0.11668309414322495
    ],
    [
      0.11668309414322497,
      0.10713244437154379,
      0.09250000000000003,
      0.0745506497716812,
      0.05544935022831887,
      0.03750000000000001,
      0.02286755562845623,
      0.013316905856775047,
      0.01,
      0.013316905856775033,
      0.0228675556284562,
      0.03749999999999997,
      0.05544935022831879,
      0.07455064977168113,
      0.09249999999999997,
      0.10713244437154376,
      0.11668309414322495,
      0.11999999999999998
    ]
  ],
  "score": 1.5877538481509942e-16
}