{
  "k": 3,
  "M_approx": [
    [
      0.5555555555555556,
      0.5538803505773865,
      0.5490567900866385,
      0.5416666666666669,
      0.532601338268526,
      0.5229542172870296,
      0.513888888888889,
      0.5064987654689171,
      0.5016752049781692,
      0.5,
      0.5016752049781692,
      0.5064987654689174,
      0.5138888888888888,
      0.5229542172870297,
      0.5326013382685258,
      0.5416666666666669,
      0.5490567900866385,
      0.5538803505773864
    ],
    [
      0.5538803505773862,
      0.5555555555555555,
      0.5538803505773864,
      0.5490567900866382,
      0.5416666666666666,
      0.5326013382685255,
      0.5229542172870296,
      0.5138888888888887,
      0.5064987654689171,
      0.5016752049781691,
      0.4999999999999999,
      0.5016752049781692,
      0.5064987654689171,
      0.5138888888888887,
      0.5229542172870295,
      0.5326013382685257,
      0.5416666666666666,
      0.549056790086638
    ],
    [
      0.5490567900866381,
      0.5538803505773863,
      0.5555555555555557,
      0.5538803505773863,
      0.5490567900866382,
      0.5416666666666664,
      0.5326013382685258,
      0.5229542172870296,
      0.5138888888888888,
      0.5064987654689173,
      0.5016752049781692,
      0.5,
      0.5016752049781692,
      0.5064987654689173,
      0.5138888888888887,
      0.5229542172870297,
      0.532601338268526,
      0.5416666666666665
    ],
    [
      0.5416666666666667,
      0.5490567900866382,
      0.5538803505773865,
      0.5555555555555555,
      0.5538803505773863,
      0.5490567900866379,
      0.5416666666666665,
      0.5326013382685256,
      0.5229542172870295,
      0.5138888888888887,
      0.5064987654689171,
      0.5016752049781692,
      0.5,
      0.5016752049781692,
      0.5064987654689171,
      0.513888888888889,
      0.5229542172870298,
      0.5326013382685258
    ],
    [
      0.5326013382685257,
      0.5416666666666665,
      0.5490567900866383,
      0.5538803505773862,
      0.5555555555555555,
      0.5538803505773862,
      0.5490567900866382,
      0.5416666666666666,
      0.5326013382685257,
      0.5229542172870296,
      0.513888888888889,
      0.5064987654689174,
      0.5016752049781693,
      0.5,
      0.5016752049781691,
      0.5064987654689174,
      0.513888888888889,
      0.5229542172870295
    ],
    [
      0.5229542172870295,
      0.5326013382685255,
      0.5416666666666665,
      0.549056790086638,
      0.553880350577386,
      0.5555555555555554,
      0.5538803505773863,
      0.5490567900866382,
      0.5416666666666665,
      0.5326013382685258,
      0.5229542172870298,
      0.513888888888889,
      0.5064987654689174,
      0.5016752049781692,
      0.4999999999999999,
      0.5016752049781692,
      0.5064987654689173,
      0.5138888888888887
    ],
    [
      0.5138888888888888,
      0.5229542172870295,
      0.5326013382685258,
      0.5416666666666665,
      0.5490567900866381,
      0.5538803505773863,
      0.5555555555555555,
      0.5538803505773864,
      0.5490567900866381,
      0.5416666666666665,
      0.5326013382685258,
      0.5229542172870296,
      0.5138888888888888,
      0.5064987654689171,
      0.501675204978169,
      0.49999999999999994,
      0.5016752049781691,
      0.5064987654689171
    ],
    [
      0.5064987654689173,
      0.5138888888888888,
      0.5229542172870297,
      0.5326013382685257,
      0.5416666666666666,
      0.5490567900866383,
      0.5538803505773863,
      0.5555555555555556,
      0.5538803505773862,
      0.5490567900866382,
      0.5416666666666666,
      0.5326013382685257,
      0.5229542172870297,
      0.5138888888888887,
      0.5064987654689171,
      0.5016752049781693,
      0.4999999999999999,
      0.5016752049781692
    ],
    [
      0.5016752049781692,
      0.5064987654689173,
      0.513888888888889,
      0.5229542172870296,
      0.5326013382685257,
      0.5416666666666666,
      0.5490567900866381,
      0.5538803505773863,
      0.5555555555555554,
      0.5538803505773862,
      0.5490567900866382,
      0.5416666666666665,
      0.5326013382685258,
      0.5229542172870296,
      0.5138888888888888,
      0.5064987654689174,
      0.5016752049781691,
      0.5
    ],
    [
      0.5,
      0.5016752049781692,
      0.5064987654689173,
      0.5138888888888887,
      0.5229542172870296,
      0.532601338268526,
      0.5416666666666667,
      0.5490567900866384,
      0.5538803505773864,
      0.5555555555555557,
      0.5538803505773866,
      0.5490567900866384,
      0.541666666666667,
      0.5326013382685261,
      0.5229542172870298,
      0.5138888888888892,
      0.5064987654689173,
      0.5016752049781693
    ],
    [
      0.5016752049781692,
      0.5000000000000001,
      0.5016752049781693,
      0.5064987654689174,
      0.5138888888888888,
      0.5229542172870298,
      0.5326013382685258,
      0.5416666666666666,
      0.5490567900866382,
      0.5538803505773862,
      0.5555555555555555,
      0.5538803505773863,
      0.5490567900866382,
      0.5416666666666666,
      0.5326013382685258,
      0.5229542172870298,
      0.5138888888888887,
      0.5064987654689174
    ],
    [
      0.5064987654689171,
      0.5016752049781692,
      0.4999999999999999,
      0.5016752049781691,
      0.5064987654689171,
      0.513888888888889,
      0.5229542172870296,
      0.532601338268526,
      0.5416666666666666,
      0.5490567900866383,
      0.5538803505773864,
      0.5555555555555557,
      0.5538803505773865,
      0.5490567900866384,
      0.5416666666666667,
      0.5326013382685261,
      0.5229542172870295,
      0.513888888888889
    ],
    [
      0.5138888888888887,
      0.5064987654689173,
      0.5016752049781691,
      0.5,
      0.5016752049781692,
      0.5064987654689175,
      0.513888888888889,
      0.5229542172870298,
      0.532601338268526,
      0.5416666666666669,
      0.5490567900866384,
      0.5538803505773865,
      0.5555555555555557,
      0.5538803505773866,
      0.5490567900866384,
      0.5416666666666669,
      0.5326013382685256,
      0.5229542172870297
    ],
    [
      0.5229542172870296,
      0.513888888888889,
      0.5064987654689173,
      0.5016752049781692,
      0.5,
      0.5016752049781692,
      0.5064987654689173,
      0.513888888888889,
      0.5229542172870298,
      0.532601338268526,
      0.5416666666666667,
      0.5490567900866383,
      0.5538803505773864,
      0.5555555555555558,
      0.5538803505773865,
      0.5490567900866384,
      0.5416666666666666,
      0.532601338268526
    ],
    [
      0.5326013382685255,
      0.5229542172870296,
      0.5138888888888887,
      0.5064987654689173,
      0.5016752049781692,
      0.49999999999999994,
      0.5016752049781691,
      0.5064987654689173,
      0.513888888888889,
      0.5229542172870297,
      0.5326013382685257,
      0.5416666666666666,
      0.5490567900866381,
      0.5538803505773863,
      0.5555555555555555,
      0.5538803505773864,
      0.5490567900866381,
      0.5416666666666666
    ],
    [
      0.5416666666666664,
      0.5326013382685258,
      0.5229542172870296,
      0.5138888888888888,
      0.5064987654689173,
      0.5016752049781691,
      0.4999999999999999,
      0.5016752049781692,
      0.5064987654689174,
      0.5138888888888891,
      0.5229542172870298,
      0.5326013382685261,
      0.5416666666666667,
      0.5490567900866384,
      0.5538803505773865,
      0.5555555555555557,
      0.5538803505773864,
      0.5490567900866383
    ],
    [
      0.5490567900866381,
      0.5416666666666667,
      0.532601338268526,
      0.5229542172870297,
      0.513888888888889,
      0.5064987654689171,
      0.5016752049781691,
      0.49999999999999983,
      0.5016752049781692,
      0.5064987654689171,
      0.5138888888888888,
      0.5229542172870297,
      0.5326013382685257,
      0.5416666666666667,
      0.5490567900866382,
      0.5538803505773864,
      0.5555555555555556,
      0.5538803505773863
    ],
    [
      0.5538803505773863,
      0.5490567900866383,
      0.5416666666666669,
      0.532601338268526,
      0.5229542172870298,
      0.5138888888888887,
      0.5064987654689173,
      0.5016752049781691,
      0.5,
      0.5016752049781692,
      0.5064987654689173,
      0.513888888888889,
      0.5229542172870296,
      0.5326013382685258,
      0.5416666666666666,
      0.5490567900866383,
      0.5538803505773864,
      0.5555555555555556
    ]
  ],
  "A": [
    [
      0.3432619251842936,
      0.47677990006075477,
      0.3991798262514926
    ],
    [
      0.32944701731696335,
      0.49417517158888086,
      0.40003306281742784
    ],
    [
      0.31927178171562504,
      0.5147529461020265,
      0.39464368913159886
    ],
    [
      0.3139635019642836,
      0.5360312402982986,
      0.3836617431992011
    ],
    [
      0.3141624349428165,
      0.555443577863451,
      0.36841180977594135
    ],
    [
      0.3198445863980745,
      0.5706485443915355,
      0.35073325589771265
    ],
    [
      0.330324605004929,
      0.579812196517859,
      0.3327583760698973
    ],
    [
      0.34433844585079204,
      0.5818292625548849,
      0.3166552060807024
    ],
    [
      0.36019583290738844,
      0.5764564545698236,
      0.30436602588830286
    ],
    [
      0.37598413126558505,
      0.5643418124998749,
      0.29737309199288503
    ],
    [
      0.3897990391329148,
      0.5469465409717487,
      0.2965198554269498
    ],
    [
      0.39997427473425357,
      0.5263687664586031,
      0.3019092291127785
    ],
    [
      0.405282554485595,
      0.5050904722623308,
      0.31289117504517644
    ],
    [
      0.40508362150706223,
      0.4856781346971786,
      0.32814110846843597
    ],
    [
      0.39940147005180404,
      0.4704731681690941,
      0.3458196623466645
    ],
    [
      0.38892145144494955,
      0.4613095160427706,
      0.36379454217448004
    ],
    [
      0.3749076105990863,
      0.45929245000574453,
      0.37989771216367524
    ],
    [
      0.35905022354248983,
      0.4646652579908057,
      0.39218689235607496
    ]
  ],
  "B": [
    [
      0.40085542243645955,
      0.2704517501968184,
      0.16614693527544083,
      0.10052167772697354,
      0.08149135213740598,
      0.11135129663053742,
      0.1864999612146448,
      0.29787330786472155,
      0.43203806727922744,
      0.5728119894118057,
      0.703215661651448,
      0.8075204765728237,
      0.8731457341212926,
      0.8921760597108616,
      0.8623161152177315,
      0.7871674506336217,
      0.6757941039835432,
      0.5416293445690409
    ],
    [
      0.18131246291603328,
      0.27027082714977396,
      0.3704880824369552,
      0.4698765487407739,
      0.5564485102074503,
      0.6197621106180269,
      0.6521807953537618,
      0.6497943925866962,
      0.61289073771009,
      0.5459209561420056,
      0.45696259190826455,
      0.3567453366210831,
      0.25735687031726445,
      0.1707849088505868,
      0.10747130844001133,
      0.07505262370427673,
      0.07743902647134254,
      0.11434268134794727
    ],
    [
      0.8304803794661654,
      0.8321684672718755,
      0.7900790109163215,
      0.709288620010199,
      0.5995418080359713,
      0.4740756602081693,
      0.34802324563796583,
      0.23658834585802688,
      0.15321165438578477,
      0.10794963072170062,
      0.10626154291599017,
      0.14835099927154677,
      0.2291413901776671,
      0.33888820215189525,
      0.4643543499796939,
      0.5904067645498998,
      0.70184166432984,
      0.7852183558020807
    ]
  ],
  "M": [
    [
      0.5555555555555556,
      0.5538803505773864,
      0.5490567900866383,
      0.5416666666666666,
      0.5326013382685258,
      0.5229542172870297,
      0.5138888888888888,
      0.5064987654689173,
      0.5016752049781692,
      0.5,
      0.5016752049781692,
      0.5064987654689173,
      0.5138888888888888,
      0.5229542172870297,
      0.5326013382685258,
      0.5416666666666666,
      0.5490567900866383,
      0.5538803505773864
    ],
    [
      0.5538803505773864,
      0.5555555555555556,
      0.5538803505773864,
      0.5490567900866383,
      0.5416666666666666,
      0.5326013382685258,
      0.5229542172870297,
      0.5138888888888888,
      0.5064987654689173,
      0.5016752049781692,
      0.5,
      0.5016752049781692,
      0.5064987654689173,
      0.5138888888888888,
      0.5229542172870297,
      0.5326013382685258,
      0.5416666666666666,
      0.5490567900866383
    ],
    [
      0.5490567900866383,
      0.5538803505773864,
      0.5555555555555556,
      0.5538803505773864,
      0.5490567900866383,
      0.5416666666666666,
      0.5326013382685258,
      0.5229542172870297,
      0.5138888888888888,
      0.5064987654689173,
      0.5016752049781692,
      0.5,
      0.5016752049781692,
      0.5064987654689173,
      0.5138888888888888,
      0.5229542172870297,
      0.5326013382685258,
      0.5416666666666667
    ],
    [
      0.5416666666666666,
      0.5490567900866383,
      0.5538803505773864,
      0.5555555555555556,
      0.5538803505773864,
      0.5490567900866383,
      0.5416666666666666,
      0.5326013382685258,
      0.5229542172870297,
      0.5138888888888888,
      0.5064987654689173,
      0.5016752049781692,
      0.5,
      0.5016752049781692,
      0.5064987654689173,
      0.5138888888888888,
      0.5229542172870297,
      0.5326013382685258
    ],
    [
      0.5326013382685258,
      0.5416666666666666,
      0.5490567900866383,
      0.5538803505773864,
      0.5555555555555556,
      0.5538803505773864,
      0.5490567900866383,
      0.5416666666666666,
      0.5326013382685258,
      0.5229542172870297,
      0.5138888888888888,
      0.5064987654689173,
      0.5016752049781692,
      0.5,
      0.5016752049781692,
      0.5064987654689173,
      0.5138888888888888,
      0.5229542172870297
    ],
    [
      0.5229542172870297,
      0.5326013382685258,
      0.5416666666666666,
      0.5490567900866383,
      0.5538803505773864,
      0.5555555555555556,
      0.5538803505773864,
      0.5490567900866383,
      0.5416666666666666,
      0.5326013382685258,
      0.5229542172870297,
      0.513888888888889,
      0.5064987654689173,
      0.5016752049781692,
      0.5,
      0.5016752049781692,
      0.5064987654689173,
      0.5138888888888888
    ],
    [
      0.5138888888888888,
      0.5229542172870297,
      0.5326013382685258,
      0.5416666666666666,
      0.5490567900866383,
      0.5538803505773864,
      0.5555555555555556,
      0.5538803505773864,
      0.5490567900866383,
      0.5416666666666666,
      0.5326013382685258,
      0.5229542172870297,
      0.513888888888889,
      0.5064987654689173,
      0.5016752049781692,
      0.5,
      0.5016752049781692,
      0.5064987654689173
    ],
    [
      0.5064987654689173,
      0.5138888888888888,
      0.5229542172870297,
      0.5326013382685258,
      0.5416666666666666,
      0.5490567900866383,
      0.5538803505773864,
      0.5555555555555556,
      0.5538803505773864,
      0.5490567900866383,
      0.5416666666666666,
      0.5326013382685258,
      0.5229542172870297,
      0.5138888888888888,
      0.5064987654689173,
      0.5016752049781692,
      0.5,
      0.5016752049781692
    ],
    [
      0.5016752049781692,
      0.5064987654689173,
      0.5138888888888888,
      0.5229542172870297,
      0.5326013382685258,
      0.5416666666666666,
      0.5490567900866383,
      0.5538803505773864,
      0.5555555555555556,
      0.5538803505773864,
      0.5490567900866383,
      0.5416666666666666,
      0.5326013382685258,
      0.5229542172870297,
      0.5138888888888888,
      0.5064987654689173,
      0.5016752049781692,
      0.5
    ],
    [
      0.5,
      0.5016752049781692,
      0.5064987654689173,
      0.5138888888888888,
      0.5229542172870297,
      0.5326013382685258,
      0.5416666666666666,
      0.5490567900866383,
      0.5538803505773864,
      0.5555555555555556,
      0.5538803505773864,
      0.5490567900866383,
      0.5416666666666667,
      0.5326013382685258,
      0.5229542172870297,
      0.513888888888889,
      0.5064987654689173,
      0.5016752049781692
    ],
    [
      0.5016752049781692,
      0.5,
      0.5016752049781692,
      0.5064987654689173,
      0.5138888888888888,
      0.5229542172870297,
      0.5326013382685258,
      0.5416666666666666,
      0.5490567900866383,
      0.5538803505773864,
      0.5555555555555556,
      0.5538803505773864,
      0.5490567900866383,
      0.5416666666666666,
      0.5326013382685258,
      0.5229542172870297,
      0.5138888888888888,
      0.5064987654689173
    ],
    [
      0.5064987654689173,
      0.5016752049781692,
      0.5,
      0.5016752049781692,
      0.5064987654689173,
      0.513888888888889,
      0.5229542172870297,
      0.5326013382685258,
      0.5416666666666666,
      0.5490567900866383,
      0.5538803505773864,
      0.5555555555555556,
      0.5538803505773864,
      0.5490567900866383,
      0.5416666666666666,
      0.5326013382685258,
      0.5229542172870297,
      0.5138888888888888
    ],
    [
      0.5138888888888888,
      0.5064987654689173,
      0.5016752049781692,
      0.5,
      0.5016752049781692,
      0.5064987654689173,
      0.513888888888889,
      0.5229542172870297,
      0.5326013382685258,
      0.5416666666666667,
      0.5490567900866383,
      0.5538803505773864,
      0.5555555555555556,
      0.5538803505773864,
      0.5490567900866383,
      0.5416666666666667,
      0.5326013382685258,
      0.5229542172870297
    ],
    [
      0.5229542172870297,
      0.5138888888888888,
      0.5064987654689173,
      0.5016752049781692,
      0.5,
      0.5016752049781692,
      0.5064987654689173,
      0.5138888888888888,
      0.5229542172870297,
      0.5326013382685258,
      0.5416666666666666,
      0.5490567900866383,
      0.5538803505773864,
      0.5555555555555556,
      0.5538803505773864,
      0.5490567900866383,
      0.5416666666666666,
      0.5326013382685258
    ],
    [
      0.5326013382685258,
      0.5229542172870297,
      0.5138888888888888,
      0.5064987654689173,
      0.5016752049781692,
      0.5,
      0.5016752049781692,
      0.5064987654689173,
      0.5138888888888888,
      0.5229542172870297,
      0.5326013382685258,
      0.5416666666666666,
      0.5490567900866383,
      0.5538803505773864,
      0.5555555555555556,
      0.5538803505773864,
      0.5490567900866383,
      0.5416666666666666
    ],
    [
      0.5416666666666666,
      0.5326013382685258,
      0.5229542172870297,
      0.5138888888888888,
      0.5064987654689173,
      0.5016752049781692,
      0.5,
      0.5016752049781692,
      0.5064987654689173,
      0.513888888888889,
      0.5229542172870297,
      0.5326013382685258,
      0.5416666666666667,
      0.5490567900866383,
      0.5538803505773864,
      0.5555555555555556,
      0.5538803505773864,
      0.5490567900866383
    ],
    [
      0.5490567900866383,
      0.5416666666666666,
      0.5326013382685258,
      0.5229542172870297,
      0.5138888888888888,
      0.5064987654689173,
      0.5016752049781692,
      0.5,
      0.5016752049781692,
      0.5064987654689173,
      0.5138888888888888,
      0.5229542172870297,
      0.5326013382685258,
      0.5416666666666666,
      0.5490567900866383,
      0.5538803505773864,
      0.5555555555555556,
      0.5538803505773864
    ],
    [
      0.5538803505773864,
      0.5490567900866383,
      0.5416666666666667,
      0.5326013382685258,
      0.5229542172870297,
      0.5138888888888888,
      0.5064987654689173,
      0.5016752049781692,
      0.5,
      0.5016752049781692,
      0.5064987654689173,
      0.5138888888888888,
      0.5229542172870297,
      0.5326013382685258,
      0.5416666666666666,
      0.5490567900866383,
      0.5538803505773864,
      0.5555555555555556
    ]
  ],
  "score": 8.280413391995959e-16
}