{
  "k": 3,
  "M_approx": [
    [
      0.1555555555555556,
      0.1523726660970341,
      0.14320790116461277,
      0.1291666666666667,
      0.11194254271019916,
      0.09361301284535646,
      0.07638888888888891,
      0.06234765439094282,
      0.053182889458521516,
      0.049999999999999975,
      0.053182889458521475,
      0.0623476543909428,
      0.07638888888888884,
      0.09361301284535645,
      0.1119425427101991,
      0.12916666666666662,
      0.14320790116461277,
      0.1523726660970341
    ],
    [
      0.15237266609703407,
      0.15555555555555556,
      0.15237266609703404,
      0.14320790116461274,
      0.1291666666666667,
      0.11194254271019911,
      0.09361301284535649,
      0.07638888888888892,
      0.06234765439094287,
      0.0531828894585215,
      0.05,
      0.053182889458521516,
      0.0623476543909428,
      0.0763888888888889,
      0.09361301284535645,
      0.11194254271019907,
      0.12916666666666668,
      0.14320790116461277
    ],
    [
      0.14320790116461274,
      0.15237266609703407,
      0.15555555555555556,
      0.15237266609703407,
      0.1432079011646127,
      0.12916666666666665,
      0.11194254271019913,
      0.09361301284535647,
      0.07638888888888892,
      0.06234765439094281,
      0.05318288945852149,
      0.05000000000000001,
      0.05318288945852147,
      0.06234765439094281,
      0.07638888888888888,
      0.09361301284535642,
      0.1119425427101991,
      0.12916666666666668
    ],
    [
      0.12916666666666668,
      0.14320790116461277,
      0.15237266609703407,
      0.15555555555555559,
      0.15237266609703404,
      0.14320790116461274,
      0.1291666666666667,
      0.11194254271019913,
      0.0936130128453565,
      0.07638888888888888,
      0.06234765439094283,
      0.05318288945852154,
      0.049999999999999996,
      0.05318288945852151,
      0.062347654390942836,
      0.07638888888888887,
      0.09361301284535649,
      0.11194254271019916
    ],
    [
      0.1119425427101991,
      0.12916666666666668,
      0.14320790116461274,
      0.15237266609703407,
      0.15555555555555553,
      0.15237266609703407,
      0.14320790116461277,
      0.1291666666666667,
      0.11194254271019917,
      0.09361301284535646,
      0.0763888888888889,
      0.06234765439094287,
      0.05318288945852151,
      0.05,
      0.0531828894585215,
      0.0623476543909428,
      0.07638888888888888,
      0.0936130128453565
    ],
    [
      0.09361301284535643,
      0.1119425427101991,
      0.12916666666666668,
      0.14320790116461274,
      0.15237266609703398,
      0.15555555555555556,
      0.1523726660970341,
      0.14320790116461277,
      0.12916666666666674,
      0.1119425427101991,
      0.09361301284535646,
      0.07638888888888892,
      0.06234765439094284,
      0.053182889458521496,
      0.04999999999999999,
      0.053182889458521475,
      0.062347654390942815,
      0.07638888888888891
    ],
    [
      0.0763888888888889,
      0.09361301284535647,
      0.11194254271019914,
      0.1291666666666667,
      0.14320790116461268,
      0.1523726660970341,
      0.1555555555555556,
      0.1523726660970341,
      0.1432079011646128,
      0.12916666666666668,
      0.1119425427101991,
      0.09361301284535647,
      0.07638888888888891,
      0.06234765439094281,
      0.05318288945852149,
      0.049999999999999975,
      0.053182889458521496,
      0.06234765439094286
    ],
    [
      0.06234765439094282,
      0.07638888888888888,
      0.09361301284535645,
      0.11194254271019909,
      0.12916666666666657,
      0.14320790116461268,
      0.15237266609703404,
      0.15555555555555553,
      0.15237266609703407,
      0.1432079011646127,
      0.12916666666666665,
      0.11194254271019913,
      0.09361301284535652,
      0.07638888888888891,
      0.06234765439094286,
      0.05318288945852153,
      0.050000000000000024,
      0.053182889458521544
    ],
    [
      0.0531828894585215,
      0.06234765439094284,
      0.07638888888888892,
      0.09361301284535647,
      0.11194254271019904,
      0.12916666666666668,
      0.14320790116461277,
      0.15237266609703404,
      0.15555555555555559,
      0.15237266609703404,
      0.1432079011646127,
      0.12916666666666665,
      0.11194254271019913,
      0.09361301284535643,
      0.07638888888888888,
      0.062347654390942836,
      0.0531828894585215,
      0.050000000000000024
    ],
    [
      0.04999999999999999,
      0.0531828894585215,
      0.06234765439094282,
      0.07638888888888888,
      0.09361301284535638,
      0.11194254271019909,
      0.12916666666666668,
      0.1432079011646127,
      0.15237266609703407,
      0.15555555555555556,
      0.15237266609703407,
      0.14320790116461274,
      0.1291666666666667,
      0.11194254271019913,
      0.09361301284535646,
      0.07638888888888891,
      0.062347654390942836,
      0.05318288945852151
    ],
    [
      0.053182889458521496,
      0.049999999999999996,
      0.05318288945852151,
      0.06234765439094282,
      0.07638888888888884,
      0.09361301284535643,
      0.11194254271019911,
      0.12916666666666662,
      0.1432079011646127,
      0.152372666097034,
      0.15555555555555553,
      0.152372666097034,
      0.14320790116461274,
      0.12916666666666665,
      0.11194254271019909,
      0.09361301284535646,
      0.07638888888888887,
      0.062347654390942815
    ],
    [
      0.062347654390942815,
      0.053182889458521496,
      0.049999999999999996,
      0.053182889458521496,
      0.062347654390942815,
      0.0763888888888889,
      0.09361301284535647,
      0.11194254271019909,
      0.12916666666666668,
      0.14320790116461274,
      0.15237266609703407,
      0.15555555555555553,
      0.15237266609703407,
      0.14320790116461277,
      0.12916666666666665,
      0.11194254271019911,
      0.09361301284535645,
      0.07638888888888887
    ],
    [
      0.0763888888888889,
      0.06234765439094282,
      0.0531828894585215,
      0.05,
      0.05318288945852152,
      0.062347654390942836,
      0.07638888888888892,
      0.09361301284535645,
      0.11194254271019913,
      0.12916666666666668,
      0.14320790116461274,
      0.15237266609703404,
      0.15555555555555559,
      0.15237266609703407,
      0.1432079011646127,
      0.12916666666666668,
      0.11194254271019909,
      0.09361301284535642
    ],
    [
      0.09361301284535646,
      0.07638888888888888,
      0.06234765439094281,
      0.05318288945852148,
      0.05000000000000002,
      0.05318288945852149,
      0.062347654390942836,
      0.07638888888888885,
      0.09361301284535646,
      0.1119425427101991,
      0.12916666666666668,
      0.14320790116461268,
      0.15237266609703407,
      0.15555555555555559,
      0.1523726660970341,
      0.14320790116461274,
      0.12916666666666668,
      0.11194254271019906
    ],
    [
      0.11194254271019909,
      0.09361301284535643,
      0.07638888888888887,
      0.06234765439094281,
      0.05318288945852154,
      0.049999999999999996,
      0.05318288945852153,
      0.06234765439094281,
      0.07638888888888891,
      0.09361301284535647,
      0.11194254271019911,
      0.12916666666666662,
      0.1432079011646127,
      0.15237266609703404,
      0.15555555555555553,
      0.152372666097034,
      0.14320790116461268,
      0.1291666666666666
    ],
    [
      0.1291666666666667,
      0.11194254271019911,
      0.09361301284535645,
      0.0763888888888889,
      0.06234765439094289,
      0.05318288945852151,
      0.05000000000000003,
      0.05318288945852151,
      0.06234765439094286,
      0.07638888888888892,
      0.09361301284535647,
      0.11194254271019909,
      0.12916666666666668,
      0.14320790116461274,
      0.15237266609703407,
      0.15555555555555556,
      0.15237266609703407,
      0.1432079011646127
    ],
    [
      0.1432079011646127,
      0.12916666666666665,
      0.11194254271019907,
      0.09361301284535645,
      0.07638888888888895,
      0.06234765439094283,
      0.05318288945852153,
      0.05,
      0.05318288945852153,
      0.06234765439094284,
      0.0763888888888889,
      0.09361301284535643,
      0.11194254271019909,
      0.12916666666666665,
      0.1432079011646127,
      0.152372666097034,
      0.15555555555555553,
      0.152372666097034
    ],
    [
      0.15237266609703407,
      0.14320790116461277,
      0.12916666666666668,
      0.11194254271019913,
      0.09361301284535653,
      0.07638888888888891,
      0.062347654390942864,
      0.05318288945852151,
      0.050000000000000024,
      0.053182889458521496,
      0.06234765439094283,
      0.07638888888888887,
      0.09361301284535642,
      0.1119425427101991,
      0.12916666666666665,
      0.1432079011646127,
      0.15237266609703407,
      0.15555555555555556
    ]
  ],
  "A": [
    [
      0.12738792192145726,
      0.4352837763916941,
      0.05788998348134619
    ],
    [
      0.06856383794070786,
      0.43617348612473594,
      0.10949295305904534
    ],
    [
      0.02459411146986341,
      0.41075871602692215,
      0.16844830897252713
    ],
    [
      0.0007821404453582541,
      0.3621048624541082,
      0.22764516521023953
    ],
    [
      1.186888090518661e-14,
      0.29608029820157916,
      0.27994350725736294
    ],
    [
      0.02234202781469666,
      0.22064856013697995,
      0.319035383221689
    ],
    [
      0.06511344560174863,
      0.1449078291247903,
      0.34020573592727615
    ],
    [
      0.12315538913715185,
      0.0779935551392193,
      0.34090110839670024
    ],
    [
      0.18946714342268095,
      0.027976587172433974,
      0.3210376284475446
    ],
    [
      0.2560505322342383,
      0.0008897097330581572,
      0.28301112491541924
    ],
    [
      0.31487461621498763,
      1.6204427340659268e-14,
      0.23140815533772013
    ],
    [
      0.3588443426858321,
      0.02541477009782994,
      0.17245279942423838
    ],
    [
      0.3826563137103373,
      0.07406862367064393,
      0.11325594318652601
    ],
    [
      0.38343845415568373,
      0.1400931879231729,
      0.06095760113940258
    ],
    [
      0.36109642634099887,
      0.215524925987772,
      0.021865725175076567
    ],
    [
      0.3183250085539469,
      0.2912656569999618,
      0.000695372469489467
    ],
    [
      0.26028306501854376,
      0.35817993098553275,
      6.521700477543133e-14
    ],
    [
      0.19397131073301452,
      0.40819689895231825,
      0.019863479949220938
    ]
  ],
  "B": [
    [
      0.11873394089654342,
      0.06390601682561756,
      0.0229233331827781,
      0.0007290064553447591,
      2.3199869903403534e-14,
      0.02082424275431431,
      0.060690023708959734,
      0.11478894132456378,
      0.1765958677216945,
      0.23865597540377326,
      0.2934838994746991,
      0.3344665831175384,
      0.3566609098449719,
      0.35738991630029354,
      0.3365656735460023,
      0.296699892591357,
      0.24260097497575275,
      0.180794048578622
    ],
    [
      0.3135392505027351,
      0.31418011730731277,
      0.29587360463591084,
      0.2608277480920531,
      0.21326959519668567,
      0.15893536107257367,
      0.10437855624297754,
      0.05617953654303238,
      0.02015181509032236,
      0.0006408668045838996,
      6.254833426787609e-15,
      0.018306512671408155,
      0.05335236921526581,
      0.10091052211063342,
      0.15524475623474532,
      0.20980156106434142,
      0.25800058076428667,
      0.2940283022169967
    ],
    [
      0.06826287242975745,
      0.12911220624267217,
      0.19863134751296627,
      0.26843526181018845,
      0.33010456687403744,
      0.37620103437180397,
      0.4011647500118516,
      0.40198472126278617,
      0.37856204749025846,
      0.33372184883308365,
      0.272872515020169,
      0.20335337374987505,
      0.13354945945265287,
      0.07188015438880346,
      0.025783686891037213,
      0.000819971250989668,
      5.5019613948165997e-14,
      0.023422673772582947
    ]
  ],
  "M": [
    [
      0.15555555555555556,
      0.15237266609703404,
      0.14320790116461274,
      0.12916666666666668,
      0.11194254271019911,
      0.09361301284535646,
      0.0763888888888889,
      0.062347654390942836,
      0.05318288945852151,
      0.05,
      0.0531828894585215,
      0.06234765439094281,
      0.07638888888888887,
      0.09361301284535645,
      0.11194254271019907,
      0.12916666666666665,
      0.1432079011646127,
      0.15237266609703407
    ],
    [
      0.15237266609703404,
      0.15555555555555553,
      0.15237266609703404,
      0.14320790116461274,
      0.12916666666666668,
      0.11194254271019911,
      0.09361301284535646,
      0.0763888888888889,
      0.06234765439094283,
      0.05318288945852151,
      0.05,
      0.053182889458521496,
      0.06234765439094281,
      0.07638888888888888,
      0.09361301284535642,
      0.11194254271019906,
      0.12916666666666665,
      0.14320790116461274
    ],
    [
      0.14320790116461274,
      0.15237266609703404,
      0.15555555555555556,
      0.15237266609703407,
      0.14320790116461274,
      0.12916666666666665,
      0.11194254271019911,
      0.09361301284535646,
      0.0763888888888889,
      0.06234765439094283,
      0.0531828894585215,
      0.05,
      0.053182889458521496,
      0.06234765439094282,
      0.07638888888888888,
      0.09361301284535642,
      0.11194254271019907,
      0.1291666666666667
    ],
    [
      0.12916666666666668,
      0.14320790116461274,
      0.15237266609703407,
      0.15555555555555556,
      0.15237266609703407,
      0.14320790116461274,
      0.12916666666666668,
      0.11194254271019911,
      0.09361301284535645,
      0.0763888888888889,
      0.06234765439094282,
      0.05318288945852151,
      0.05,
      0.0531828894585215,
      0.06234765439094282,
      0.07638888888888887,
      0.09361301284535645,
      0.11194254271019913
    ],
    [
      0.11194254271019911,
      0.12916666666666668,
      0.14320790116461274,
      0.15237266609703407,
      0.15555555555555556,
      0.15237266609703407,
      0.14320790116461274,
      0.12916666666666668,
      0.1119425427101991,
      0.09361301284535645,
      0.07638888888888888,
      0.062347654390942836,
      0.05318288945852151,
      0.05,
      0.0531828894585215,
      0.062347654390942815,
      0.07638888888888888,
      0.0936130128453565
    ],
    [
      0.09361301284535646,
      0.11194254271019911,
      0.12916666666666665,
      0.14320790116461274,
      0.15237266609703407,
      0.15555555555555556,
      0.15237266609703407,
      0.14320790116461274,
      0.12916666666666665,
      0.1119425427101991,
      0.09361301284535645,
      0.07638888888888892,
      0.06234765439094285,
      0.05318288945852151,
      0.05,
      0.05318288945852149,
      0.062347654390942815,
      0.0763888888888889
    ],
    [
      0.0763888888888889,
      0.09361301284535646,
      0.11194254271019911,
      0.12916666666666668,
      0.14320790116461274,
      0.15237266609703407,
      0.15555555555555556,
      0.15237266609703404,
      0.14320790116461274,
      0.12916666666666665,
      0.1119425427101991,
      0.09361301284535647,
      0.07638888888888892,
      0.06234765439094282,
      0.05318288945852151,
      0.05,
      0.0531828894585215,
      0.06234765439094285
    ],
    [
      0.062347654390942836,
      0.0763888888888889,
      0.09361301284535646,
      0.11194254271019911,
      0.12916666666666668,
      0.14320790116461274,
      0.15237266609703404,
      0.15555555555555553,
      0.15237266609703404,
      0.1432079011646127,
      0.12916666666666665,
      0.1119425427101991,
      0.09361301284535647,
      0.0763888888888889,
      0.06234765439094283,
      0.053182889458521516,
      0.05,
      0.05318288945852151
    ],
    [
      0.05318288945852151,
      0.06234765439094283,
      0.0763888888888889,
      0.09361301284535645,
      0.1119425427101991,
      0.12916666666666665,
      0.14320790116461274,
      0.15237266609703404,
      0.15555555555555553,
      0.15237266609703404,
      0.1432079011646127,
      0.12916666666666668,
      0.11194254271019913,
      0.09361301284535646,
      0.0763888888888889,
      0.06234765439094285,
      0.05318288945852151,
      0.05
    ],
    [
      0.05,
      0.05318288945852151,
      0.06234765439094283,
      0.0763888888888889,
      0.09361301284535645,
      0.1119425427101991,
      0.12916666666666665,
      0.1432079011646127,
      0.15237266609703404,
      0.15555555555555556,
      0.15237266609703404,
      0.14320790116461274,
      0.1291666666666667,
      0.11194254271019911,
      0.09361301284535647,
      0.07638888888888892,
      0.062347654390942836,
      0.053182889458521496
    ],
    [
      0.0531828894585215,
      0.05,
      0.0531828894585215,
      0.06234765439094282,
      0.07638888888888888,
      0.09361301284535645,
      0.1119425427101991,
      0.12916666666666665,
      0.1432079011646127,
      0.15237266609703404,
      0.15555555555555553,
      0.15237266609703404,
      0.14320790116461277,
      0.12916666666666665,
      0.11194254271019911,
      0.0936130128453565,
      0.0763888888888889,
      0.06234765439094282
    ],
    [
      0.06234765439094281,
      0.053182889458521496,
      0.05,
      0.05318288945852151,
      0.062347654390942836,
      0.07638888888888892,
      0.09361301284535647,
      0.1119425427101991,
      0.12916666666666668,
      0.14320790116461274,
      0.15237266609703404,
      0.15555555555555553,
      0.15237266609703407,
      0.1432079011646127,
      0.12916666666666665,
      0.11194254271019911,
      0.09361301284535645,
      0.07638888888888887
    ],
    [
      0.07638888888888887,
      0.06234765439094281,
      0.053182889458521496,
      0.05,
      0.05318288945852151,
      0.06234765439094285,
      0.07638888888888892,
      0.09361301284535647,
      0.11194254271019913,
      0.1291666666666667,
      0.14320790116461277,
      0.15237266609703407,
      0.15555555555555556,
      0.15237266609703407,
      0.14320790116461274,
      0.1291666666666667,
      0.11194254271019907,
      0.09361301284535642
    ],
    [
      0.09361301284535645,
      0.07638888888888888,
      0.06234765439094282,
      0.0531828894585215,
      0.05,
      0.05318288945852151,
      0.06234765439094282,
      0.0763888888888889,
      0.09361301284535646,
      0.11194254271019911,
      0.12916666666666665,
      0.1432079011646127,
      0.15237266609703407,
      0.15555555555555556,
      0.15237266609703407,
      0.14320790116461274,
      0.12916666666666668,
      0.11194254271019907
    ],
    [
      0.11194254271019907,
      0.09361301284535642,
      0.07638888888888888,
      0.06234765439094282,
      0.0531828894585215,
      0.05,
      0.05318288945852151,
      0.06234765439094283,
      0.0763888888888889,
      0.09361301284535647,
      0.11194254271019911,
      0.12916666666666665,
      0.14320790116461274,
      0.15237266609703407,
      0.15555555555555556,
      0.15237266609703407,
      0.1432079011646127,
      0.12916666666666665
    ],
    [
      0.12916666666666665,
      0.11194254271019906,
      0.09361301284535642,
      0.07638888888888887,
      0.062347654390942815,
      0.05318288945852149,
      0.05,
      0.053182889458521516,
      0.06234765439094285,
      0.07638888888888892,
      0.0936130128453565,
      0.11194254271019911,
      0.1291666666666667,
      0.14320790116461274,
      0.15237266609703407,
      0.15555555555555556,
      0.15237266609703404,
      0.1432079011646127
    ],
    [
      0.1432079011646127,
      0.12916666666666665,
      0.11194254271019907,
      0.09361301284535645,
      0.07638888888888888,
      0.062347654390942815,
      0.0531828894585215,
      0.05,
      0.05318288945852151,
      0.062347654390942836,
      0.0763888888888889,
      0.09361301284535645,
      0.11194254271019907,
      0.12916666666666668,
      0.1432079011646127,
      0.15237266609703404,
      0.15555555555555553,
      0.15237266609703404
    ],
    [
      0.15237266609703407,
      0.14320790116461274,
      0.1291666666666667,
      0.11194254271019913,
      0.0936130128453565,
      0.0763888888888889,
      0.06234765439094285,
      0.05318288945852151,
      0.05,
      0.053182889458521496,
      0.06234765439094282,
      0.07638888888888887,
      0.09361301284535642,
      0.11194254271019907,
      0.12916666666666665,
      0.1432079011646127,
      0.15237266609703404,
      0.15555555555555556
    ]
  ],
  "score": 1.6075104210718413e-16
}