{
  "k": 3,
  "M_approx": [
    [
      0.14999999999999997,
      0.14729086208503173,
      0.1394570254698197,
      0.1273474079061213,
      0.11227427435703996,
      0.09587103272638335,
      0.0799152287673515,
      0.06613592141871293,
      0.05602631243967555,
      0.05068193482986386,
      0.05068193482986386,
      0.05602631243967552,
      0.06613592141871294,
      0.07991522876735155,
      0.09587103272638334,
      0.11227427435703995,
      0.12734740790612134,
      0.13945702546981967,
      0.14729086208503173
    ],
    [
      0.14729086208503173,
      0.15,
      0.14729086208503175,
      0.13945702546981967,
      0.12734740790612137,
      0.11227427435703996,
      0.0958710327263834,
      0.07991522876735153,
      0.06613592141871298,
      0.05602631243967555,
      0.05068193482986388,
      0.05068193482986388,
      0.056026312439675534,
      0.06613592141871295,
      0.07991522876735149,
      0.09587103272638337,
      0.11227427435703993,
      0.12734740790612134,
      0.13945702546981967
    ],
    [
      0.1394570254698197,
      0.14729086208503175,
      0.15000000000000005,
      0.14729086208503175,
      0.13945702546981972,
      0.12734740790612137,
      0.11227427435703996,
      0.09587103272638338,
      0.07991522876735152,
      0.06613592141871293,
      0.05602631243967554,
      0.05068193482986389,
      0.05068193482986388,
      0.05602631243967557,
      0.06613592141871295,
      0.07991522876735153,
      0.0958710327263834,
      0.11227427435704,
      0.12734740790612137
    ],
    [
      0.1273474079061213,
      0.13945702546981967,
      0.14729086208503175,
      0.15,
      0.14729086208503175,
      0.1394570254698197,
      0.12734740790612137,
      0.11227427435703997,
      0.09587103272638338,
      0.07991522876735153,
      0.06613592141871295,
      0.056026312439675575,
      0.050681934829863856,
      0.050681934829863884,
      0.05602631243967554,
      0.06613592141871291,
      0.07991522876735149,
      0.09587103272638338,
      0.11227427435703992
    ],
    [
      0.11227427435703996,
      0.12734740790612134,
      0.1394570254698197,
      0.14729086208503175,
      0.15000000000000002,
      0.14729086208503178,
      0.1394570254698197,
      0.12734740790612137,
      0.11227427435703996,
      0.09587103272638339,
      0.07991522876735152,
      0.066135921418713,
      0.05602631243967552,
      0.050681934829863884,
      0.0506819348298639,
      0.05602631243967552,
      0.06613592141871293,
      0.07991522876735155,
      0.09587103272638337
    ],
    [
      0.0958710327263834,
      0.11227427435703997,
      0.12734740790612137,
      0.1394570254698197,
      0.14729086208503175,
      0.15000000000000002,
      0.14729086208503175,
      0.13945702546981967,
      0.12734740790612134,
      0.11227427435703995,
      0.09587103272638339,
      0.07991522876735158,
      0.06613592141871291,
      0.05602631243967555,
      0.050681934829863926,
      0.050681934829863884,
      0.056026312439675555,
      0.066135921418713,
      0.07991522876735153
    ],
    [
      0.07991522876735155,
      0.0958710327263834,
      0.11227427435703999,
      0.12734740790612134,
      0.1394570254698197,
      0.14729086208503178,
      0.15,
      0.14729086208503178,
      0.13945702546981967,
      0.1273474079061213,
      0.11227427435703996,
      0.09587103272638342,
      0.07991522876735149,
      0.06613592141871294,
      0.05602631243967558,
      0.050681934829863884,
      0.0506819348298639,
      0.05602631243967559,
      0.06613592141871295
    ],
    [
      0.06613592141871295,
      0.07991522876735153,
      0.0958710327263834,
      0.11227427435703997,
      0.12734740790612137,
      0.13945702546981975,
      0.14729086208503175,
      0.15000000000000002,
      0.14729086208503173,
      0.13945702546981967,
      0.12734740790612137,
      0.11227427435704002,
      0.09587103272638335,
      0.07991522876735152,
      0.06613592141871298,
      0.05602631243967555,
      0.050681934829863884,
      0.050681934829863905,
      0.056026312439675555
    ],
    [
      0.056026312439675555,
      0.06613592141871294,
      0.07991522876735153,
      0.09587103272638338,
      0.11227427435703996,
      0.1273474079061214,
      0.1394570254698197,
      0.14729086208503175,
      0.14999999999999997,
      0.14729086208503173,
      0.1394570254698197,
      0.1273474079061214,
      0.11227427435703992,
      0.09587103272638337,
      0.07991522876735155,
      0.06613592141871294,
      0.05602631243967555,
      0.05068193482986389,
      0.050681934829863884
    ],
    [
      0.0506819348298639,
      0.05602631243967554,
      0.06613592141871295,
      0.07991522876735153,
      0.0958710327263834,
      0.11227427435704002,
      0.1273474079061214,
      0.13945702546981975,
      0.14729086208503175,
      0.15000000000000005,
      0.14729086208503178,
      0.13945702546981975,
      0.12734740790612134,
      0.11227427435703997,
      0.09587103272638342,
      0.07991522876735155,
      0.06613592141871295,
      0.05602631243967555,
      0.05068193482986389
    ],
    [
      0.05068193482986388,
      0.05068193482986386,
      0.056026312439675534,
      0.06613592141871293,
      0.07991522876735152,
      0.0958710327263834,
      0.11227427435703995,
      0.12734740790612137,
      0.13945702546981964,
      0.14729086208503173,
      0.15,
      0.14729086208503173,
      0.13945702546981964,
      0.1273474079061213,
      0.11227427435703995,
      0.09587103272638339,
      0.07991522876735152,
      0.06613592141871293,
      0.05602631243967555
    ],
    [
      0.05602631243967555,
      0.05068193482986388,
      0.0506819348298639,
      0.056026312439675575,
      0.06613592141871298,
      0.07991522876735159,
      0.09587103272638342,
      0.11227427435704,
      0.12734740790612134,
      0.1394570254698197,
      0.14729086208503175,
      0.14999999999999997,
      0.1472908620850317,
      0.13945702546981964,
      0.12734740790612128,
      0.11227427435703995,
      0.09587103272638337,
      0.07991522876735146,
      0.06613592141871294
    ],
    [
      0.06613592141871295,
      0.05602631243967553,
      0.05068193482986386,
      0.050681934829863856,
      0.05602631243967551,
      0.06613592141871293,
      0.07991522876735149,
      0.09587103272638338,
      0.1122742743570399,
      0.1273474079061213,
      0.13945702546981967,
      0.14729086208503167,
      0.14999999999999997,
      0.14729086208503173,
      0.13945702546981964,
      0.12734740790612137,
      0.11227427435703997,
      0.09587103272638335,
      0.07991522876735155
    ],
    [
      0.07991522876735152,
      0.06613592141871291,
      0.05602631243967552,
      0.05068193482986384,
      0.05068193482986384,
      0.05602631243967551,
      0.06613592141871291,
      0.0799152287673515,
      0.09587103272638335,
      0.11227427435703995,
      0.12734740790612134,
      0.13945702546981967,
      0.14729086208503175,
      0.15000000000000002,
      0.14729086208503173,
      0.13945702546981972,
      0.12734740790612137,
      0.11227427435703992,
      0.0958710327263834
    ],
    [
      0.09587103272638334,
      0.07991522876735148,
      0.06613592141871291,
      0.05602631243967551,
      0.05068193482986386,
      0.05068193482986387,
      0.05602631243967555,
      0.06613592141871295,
      0.07991522876735152,
      0.0958710327263834,
      0.11227427435703999,
      0.1273474079061213,
      0.13945702546981967,
      0.14729086208503173,
      0.1499999999999999,
      0.14729086208503173,
      0.13945702546981964,
      0.12734740790612126,
      0.11227427435703992
    ],
    [
      0.11227427435703992,
      0.09587103272638334,
      0.0799152287673515,
      0.06613592141871291,
      0.05602631243967553,
      0.050681934829863856,
      0.05068193482986388,
      0.056026312439675555,
      0.06613592141871297,
      0.07991522876735156,
      0.09587103272638343,
      0.11227427435703993,
      0.12734740790612137,
      0.13945702546981972,
      0.1472908620850317,
      0.15000000000000002,
      0.14729086208503173,
      0.1394570254698196,
      0.12734740790612134
    ],
    [
      0.1273474079061213,
      0.11227427435703993,
      0.09587103272638337,
      0.07991522876735149,
      0.06613592141871293,
      0.05602631243967549,
      0.05068193482986385,
      0.05068193482986384,
      0.056026312439675534,
      0.06613592141871294,
      0.07991522876735152,
      0.09587103272638332,
      0.11227427435703996,
      0.12734740790612137,
      0.1394570254698196,
      0.14729086208503175,
      0.15,
      0.1472908620850317,
      0.13945702546981967
    ],
    [
      0.1394570254698197,
      0.12734740790612137,
      0.11227427435704003,
      0.09587103272638342,
      0.07991522876735159,
      0.06613592141871297,
      0.056026312439675575,
      0.05068193482986389,
      0.0506819348298639,
      0.05602631243967555,
      0.06613592141871294,
      0.07991522876735145,
      0.09587103272638337,
      0.11227427435703996,
      0.12734740790612126,
      0.13945702546981967,
      0.14729086208503173,
      0.14999999999999997,
      0.14729086208503175
    ],
    [
      0.14729086208503167,
      0.13945702546981964,
      0.1273474079061213,
      0.1122742743570399,
      0.09587103272638337,
      0.07991522876735146,
      0.06613592141871291,
      0.05602631243967551,
      0.05068193482986387,
      0.05068193482986386,
      0.05602631243967553,
      0.06613592141871288,
      0.07991522876735152,
      0.09587103272638338,
      0.11227427435703988,
      0.1273474079061213,
      0.13945702546981964,
      0.14729086208503167,
      0.14999999999999997
    ]
  ],
  "A": [
    [
      0.11965847142774459,
      0.14819588456940216,
      0.4506072912406348
    ],
    [
      0.19039112503532046,
      0.0733791394394753,
      0.4398472680771226
    ],
    [
      0.2662353843783429,
      0.022129271788469226,
      0.4057122476202884
    ],
    [
      0.3389723471120575,
      1.6397436710353622e-15,
      0.35190128899604484
    ],
    [
      0.40071983469400246,
      0.009389374043383667,
      0.2842456445343815
    ],
    [
      0.4447865487336866,
      0.049279909549865476,
      0.21007685309820642
    ],
    [
      0.46639717699939115,
      0.11534884803188707,
      0.13743225408700413
    ],
    [
      0.4632098725950799,
      0.20043659483971454,
      0.07418401700073117
    ],
    [
      0.4355700294090833,
      0.2953225723342956,
      0.02718606972520063
    ],
    [
      0.38647285332695996,
      0.38972441254645457,
      0.0015313690960052349
    ],
    [
      0.3212387851983877,
      0.47341221129372973,
      1.3535673436320083e-14
    ],
    [
      0.2469369485159566,
      0.5373170970318621,
      0.02275791004041602
    ],
    [
      0.17161910019599202,
      0.5745139838046566,
      0.06733892653897702
    ],
    [
      0.10344709778079249,
      0.5809720117611143,
      0.12891200461233335
    ],
    [
      0.049808435529650925,
      0.5559913533655246,
      0.20080474584649174
    ],
    [
      0.01651569478707671,
      0.5022790505699025,
      0.275226456197914
    ],
    [
      0.007176660602626654,
      0.4256556648144024,
      0.34411238857820714
    ],
    [
      0.0228033622402323,
      0.3344245288799631,
      0.39999768333859537
    ],
    [
      0.06170240410419959,
      0.2384719519420096,
      0.43682630164209646
    ]
  ],
  "B": [
    [
      0.06972563212498706,
      0.1136231639889269,
      0.1607079972677365,
      0.20587775967919247,
      0.24423760658493554,
      0.27163065335837666,
      0.2850884383346985,
      0.28315260169266754,
      0.26603292137004797,
      0.23558458036900587,
      0.19510712889169335,
      0.1489869268780495,
      0.10222181384492027,
      0.05987951542493928,
      0.026548476660365264,
      0.005840632785693195,
      4.82478258403845e-14,
      0.009659501492510185,
      0.03377238039376196
    ],
    [
      0.05974361622727744,
      0.029956488914606373,
      0.00929564240367275,
      9.425583497962836e-16,
      0.0030768887947819,
      0.018192880144252375,
      0.04370992183692502,
      0.07686284646770206,
      0.11405902023221046,
      0.15126766054496327,
      0.18445663387653258,
      0.21002939998646125,
      0.2252147528643887,
      0.22836712390096403,
      0.21914490478029786,
      0.19854746604158816,
      0.16880685977436555,
      0.13314594214073716,
      0.09542912690245617
    ],
    [
      0.29471999669773347,
      0.28684724393643635,
      0.2637537796928961,
      0.22794213914991812,
      0.18329306923519054,
      0.13464498947567535,
      0.08726967416604899,
      0.046300973823866595,
      0.016178482826087623,
      0.00016644047092669191,
      1.7708363961799029e-15,
      0.015697197820927527,
      0.04555699898268698,
      0.08634363070685055,
      0.13363722857630694,
      0.18231279742612028,
      0.22709558409214314,
      0.26313267876258134,
      0.2865189030567554
    ]
  ],
  "M": [
    [
      0.15,
      0.14729086208503173,
      0.13945702546981967,
      0.12734740790612137,
      0.11227427435703997,
      0.09587103272638339,
      0.07991522876735153,
      0.06613592141871295,
      0.056026312439675555,
      0.050681934829863884,
      0.050681934829863884,
      0.056026312439675534,
      0.06613592141871294,
      0.07991522876735155,
      0.09587103272638335,
      0.11227427435703993,
      0.1273474079061213,
      0.1394570254698197,
      0.14729086208503173
    ],
    [
      0.14729086208503173,
      0.14999999999999997,
      0.14729086208503173,
      0.13945702546981967,
      0.12734740790612137,
      0.11227427435703995,
      0.09587103272638339,
      0.07991522876735153,
      0.06613592141871295,
      0.056026312439675555,
      0.050681934829863884,
      0.05068193482986388,
      0.05602631243967555,
      0.06613592141871295,
      0.0799152287673515,
      0.09587103272638335,
      0.11227427435703993,
      0.12734740790612137,
      0.13945702546981964
    ],
    [
      0.13945702546981967,
      0.14729086208503173,
      0.14999999999999997,
      0.14729086208503173,
      0.1394570254698197,
      0.12734740790612137,
      0.11227427435703997,
      0.09587103272638337,
      0.07991522876735153,
      0.06613592141871295,
      0.05602631243967555,
      0.05068193482986389,
      0.050681934829863884,
      0.056026312439675555,
      0.06613592141871294,
      0.0799152287673515,
      0.09587103272638335,
      0.11227427435704,
      0.1273474079061213
    ],
    [
      0.12734740790612137,
      0.13945702546981967,
      0.14729086208503173,
      0.15,
      0.14729086208503173,
      0.1394570254698197,
      0.12734740790612137,
      0.11227427435703997,
      0.09587103272638339,
      0.07991522876735153,
      0.06613592141871295,
      0.05602631243967556,
      0.050681934829863884,
      0.050681934829863884,
      0.05602631243967554,
      0.06613592141871294,
      0.0799152287673515,
      0.0958710327263834,
      0.11227427435703993
    ],
    [
      0.11227427435703997,
      0.12734740790612137,
      0.1394570254698197,
      0.14729086208503173,
      0.15000000000000005,
      0.14729086208503173,
      0.1394570254698197,
      0.12734740790612137,
      0.11227427435703997,
      0.09587103272638339,
      0.07991522876735153,
      0.06613592141871295,
      0.05602631243967555,
      0.050681934829863884,
      0.050681934829863884,
      0.05602631243967554,
      0.06613592141871294,
      0.07991522876735158,
      0.09587103272638337
    ],
    [
      0.09587103272638339,
      0.11227427435703995,
      0.12734740790612137,
      0.1394570254698197,
      0.14729086208503173,
      0.15,
      0.14729086208503173,
      0.13945702546981967,
      0.12734740790612137,
      0.11227427435703997,
      0.09587103272638339,
      0.07991522876735155,
      0.06613592141871294,
      0.05602631243967554,
      0.05068193482986389,
      0.050681934829863884,
      0.05602631243967554,
      0.06613592141871297,
      0.0799152287673515
    ],
    [
      0.07991522876735153,
      0.09587103272638339,
      0.11227427435703997,
      0.12734740790612137,
      0.1394570254698197,
      0.14729086208503173,
      0.15,
      0.14729086208503173,
      0.1394570254698197,
      0.12734740790612137,
      0.11227427435703995,
      0.0958710327263834,
      0.0799152287673515,
      0.06613592141871294,
      0.056026312439675555,
      0.050681934829863884,
      0.050681934829863884,
      0.05602631243967557,
      0.06613592141871294
    ],
    [
      0.06613592141871295,
      0.07991522876735153,
      0.09587103272638337,
      0.11227427435703997,
      0.12734740790612137,
      0.13945702546981967,
      0.14729086208503173,
      0.15,
      0.14729086208503173,
      0.1394570254698197,
      0.12734740790612137,
      0.11227427435703997,
      0.09587103272638337,
      0.0799152287673515,
      0.06613592141871295,
      0.056026312439675555,
      0.050681934829863884,
      0.05068193482986389,
      0.05602631243967555
    ],
    [
      0.056026312439675555,
      0.06613592141871295,
      0.07991522876735153,
      0.09587103272638339,
      0.11227427435703997,
      0.12734740790612137,
      0.1394570254698197,
      0.14729086208503173,
      0.15,
      0.14729086208503173,
      0.1394570254698197,
      0.12734740790612137,
      0.11227427435703993,
      0.09587103272638337,
      0.07991522876735153,
      0.06613592141871295,
      0.056026312439675555,
      0.05068193482986388,
      0.050681934829863884
    ],
    [
      0.050681934829863884,
      0.056026312439675555,
      0.06613592141871295,
      0.07991522876735153,
      0.09587103272638339,
      0.11227427435703997,
      0.12734740790612137,
      0.1394570254698197,
      0.14729086208503173,
      0.15,
      0.14729086208503173,
      0.1394570254698197,
      0.12734740790612137,
      0.11227427435703995,
      0.0958710327263834,
      0.07991522876735153,
      0.06613592141871295,
      0.056026312439675534,
      0.050681934829863884
    ],
    [
      0.050681934829863884,
      0.050681934829863884,
      0.05602631243967555,
      0.06613592141871295,
      0.07991522876735153,
      0.09587103272638339,
      0.11227427435703995,
      0.12734740790612137,
      0.1394570254698197,
      0.14729086208503173,
      0.15,
      0.14729086208503173,
      0.13945702546981967,
      0.12734740790612137,
      0.11227427435703997,
      0.09587103272638339,
      0.07991522876735153,
      0.06613592141871293,
      0.056026312439675555
    ],
    [
      0.056026312439675534,
      0.05068193482986388,
      0.05068193482986389,
      0.05602631243967556,
      0.06613592141871295,
      0.07991522876735155,
      0.0958710327263834,
      0.11227427435703997,
      0.12734740790612137,
      0.1394570254698197,
      0.14729086208503173,
      0.15,
      0.14729086208503173,
      0.13945702546981964,
      0.1273474079061213,
      0.11227427435703993,
      0.09587103272638337,
      0.07991522876735146,
      0.06613592141871294
    ],
    [
      0.06613592141871294,
      0.05602631243967555,
      0.050681934829863884,
      0.050681934829863884,
      0.05602631243967555,
      0.06613592141871294,
      0.0799152287673515,
      0.09587103272638337,
      0.11227427435703993,
      0.12734740790612137,
      0.13945702546981967,
      0.14729086208503173,
      0.14999999999999997,
      0.14729086208503173,
      0.13945702546981964,
      0.12734740790612137,
      0.11227427435703997,
      0.09587103272638334,
      0.07991522876735153
    ],
    [
      0.07991522876735155,
      0.06613592141871295,
      0.056026312439675555,
      0.050681934829863884,
      0.050681934829863884,
      0.05602631243967554,
      0.06613592141871294,
      0.0799152287673515,
      0.09587103272638337,
      0.11227427435703995,
      0.12734740790612137,
      0.13945702546981964,
      0.14729086208503173,
      0.15,
      0.14729086208503173,
      0.13945702546981972,
      0.12734740790612137,
      0.11227427435703993,
      0.09587103272638342
    ],
    [
      0.09587103272638335,
      0.0799152287673515,
      0.06613592141871294,
      0.05602631243967554,
      0.050681934829863884,
      0.05068193482986389,
      0.056026312439675555,
      0.06613592141871295,
      0.07991522876735153,
      0.0958710327263834,
      0.11227427435703997,
      0.1273474079061213,
      0.13945702546981964,
      0.14729086208503173,
      0.14999999999999997,
      0.1472908620850317,
      0.13945702546981964,
      0.12734740790612128,
      0.11227427435703993
    ],
    [
      0.11227427435703993,
      0.09587103272638335,
      0.0799152287673515,
      0.06613592141871294,
      0.05602631243967554,
      0.050681934829863884,
      0.050681934829863884,
      0.056026312439675555,
      0.06613592141871295,
      0.07991522876735153,
      0.09587103272638339,
      0.11227427435703993,
      0.12734740790612137,
      0.13945702546981972,
      0.1472908620850317,
      0.15,
      0.14729086208503173,
      0.13945702546981964,
      0.1273474079061213
    ],
    [
      0.1273474079061213,
      0.11227427435703993,
      0.09587103272638335,
      0.0799152287673515,
      0.06613592141871294,
      0.05602631243967554,
      0.050681934829863884,
      0.050681934829863884,
      0.056026312439675555,
      0.06613592141871295,
      0.07991522876735153,
      0.09587103272638337,
      0.11227427435703997,
      0.12734740790612137,
      0.13945702546981964,
      0.14729086208503173,
      0.14999999999999997,
      0.1472908620850317,
      0.13945702546981967
    ],
    [
      0.1394570254698197,
      0.12734740790612137,
      0.11227427435704,
      0.0958710327263834,
      0.07991522876735158,
      0.06613592141871297,
      0.05602631243967557,
      0.05068193482986389,
      0.05068193482986388,
      0.056026312439675534,
      0.06613592141871293,
      0.07991522876735146,
      0.09587103272638334,
      0.11227427435703993,
      0.12734740790612128,
      0.13945702546981964,
      0.1472908620850317,
      0.15,
      0.14729086208503173
    ],
    [
      0.14729086208503173,
      0.13945702546981964,
      0.1273474079061213,
      0.11227427435703993,
      0.09587103272638337,
      0.0799152287673515,
      0.06613592141871294,
      0.05602631243967555,
      0.050681934829863884,
      0.050681934829863884,
      0.056026312439675555,
      0.06613592141871294,
      0.07991522876735153,
      0.09587103272638342,
      0.11227427435703993,
      0.1273474079061213,
      0.13945702546981967,
      0.14729086208503173,
      0.15
    ]
  ],
  "score": 1.6982029817457164e-16
}