{
  "k": 11,
  "M_approx": [
    [
      0.10526315789473686,
      0.10241143377371759,
      0.09416528996823118,
      0.08141832411170667,
      0.06555186774425262,
      0.04828529760671928,
      0.03148971449194898,
      0.016985180440750487,
      0.006343486778605839,
      0.000717826136698793,
      0.00071782613669881,
      0.0063434867786058185,
      0.016985180440750466,
      0.03148971449194899,
      0.048285297606719305,
      0.06555186774425253,
      0.08141832411170666,
      0.09416528996823126,
      0.10241143377371757
    ],
    [
      0.10241143377371759,
      0.10526315789473681,
      0.10241143377371756,
      0.09416528996823123,
      0.08141832411170669,
      0.06555186774425258,
      0.04828529760671934,
      0.03148971449194896,
      0.016985180440750484,
      0.006343486778605847,
      0.0007178261366988442,
      0.0007178261366988166,
      0.006343486778605844,
      0.016985180440750473,
      0.03148971449194893,
      0.048285297606719305,
      0.06555186774425253,
      0.08141832411170667,
      0.09416528996823119
    ],
    [
      0.09416528996823127,
      0.10241143377371761,
      0.10526315789473678,
      0.10241143377371757,
      0.09416528996823124,
      0.08141832411170676,
      0.06555186774425259,
      0.04828529760671934,
      0.03148971449194902,
      0.01698518044075051,
      0.006343486778605871,
      0.0007178261366988023,
      0.0007178261366988364,
      0.0063434867786058445,
      0.016985180440750453,
      0.03148971449194898,
      0.04828529760671934,
      0.06555186774425265,
      0.08141832411170666
    ],
    [
      0.08141832411170671,
      0.09416528996823127,
      0.1024114337737176,
      0.10526315789473682,
      0.10241143377371763,
      0.09416528996823129,
      0.0814183241117067,
      0.06555186774425259,
      0.04828529760671939,
      0.031489714491949004,
      0.016985180440750498,
      0.006343486778605832,
      0.0007178261366988246,
      0.0007178261366988418,
      0.006343486778605846,
      0.016985180440750463,
      0.03148971449194896,
      0.04828529760671938,
      0.06555186774425256
    ],
    [
      0.06555186774425262,
      0.0814183241117067,
      0.0941652899682312,
      0.10241143377371761,
      0.10526315789473692,
      0.10241143377371764,
      0.09416528996823126,
      0.0814183241117067,
      0.06555186774425263,
      0.04828529760671939,
      0.03148971449194902,
      0.016985180440750494,
      0.0063434867786058375,
      0.0007178261366988246,
      0.0007178261366988237,
      0.0063434867786058375,
      0.016985180440750477,
      0.03148971449194901,
      0.048285297606719346
    ],
    [
      0.048285297606719346,
      0.06555186774425262,
      0.08141832411170673,
      0.09416528996823127,
      0.10241143377371763,
      0.10526315789473685,
      0.10241143377371763,
      0.09416528996823124,
      0.08141832411170667,
      0.06555186774425253,
      0.0482852976067193,
      0.03148971449194899,
      0.016985180440750453,
      0.006343486778605803,
      0.0007178261366988042,
      0.000717826136698806,
      0.006343486778605839,
      0.016985180440750498,
      0.03148971449194897
    ],
    [
      0.031489714491948956,
      0.04828529760671938,
      0.06555186774425263,
      0.08141832411170664,
      0.09416528996823119,
      0.10241143377371764,
      0.10526315789473685,
      0.10241143377371763,
      0.09416528996823124,
      0.08141832411170663,
      0.06555186774425253,
      0.04828529760671939,
      0.03148971449194897,
      0.016985180440750446,
      0.006343486778605844,
      0.000717826136698819,
      0.0007178261366988205,
      0.00634348677860587,
      0.016985180440750484
    ],
    [
      0.01698518044075044,
      0.031489714491948984,
      0.048285297606719374,
      0.06555186774425255,
      0.08141832411170667,
      0.09416528996823126,
      0.10241143377371763,
      0.10526315789473682,
      0.1024114337737176,
      0.09416528996823127,
      0.08141832411170669,
      0.0655518677442526,
      0.04828529760671936,
      0.03148971449194896,
      0.01698518044075049,
      0.006343486778605834,
      0.0007178261366988164,
      0.0007178261366988256,
      0.006343486778605836
    ],
    [
      0.0063434867786058505,
      0.01698518044075047,
      0.03148971449194897,
      0.04828529760671933,
      0.06555186774425262,
      0.08141832411170664,
      0.09416528996823123,
      0.10241143377371763,
      0.10526315789473684,
      0.10241143377371764,
      0.09416528996823122,
      0.08141832411170666,
      0.06555186774425256,
      0.04828529760671929,
      0.03148971449194895,
      0.01698518044075047,
      0.006343486778605843,
      0.0007178261366988236,
      0.0007178261366988497
    ],
    [
      0.0007178261366988145,
      0.006343486778605829,
      0.01698518044075045,
      0.031489714491949,
      0.048285297606719346,
      0.06555186774425253,
      0.08141832411170667,
      0.09416528996823127,
      0.10241143377371764,
      0.10526315789473688,
      0.10241143377371766,
      0.09416528996823126,
      0.08141832411170669,
      0.06555186774425258,
      0.04828529760671936,
      0.031489714491949,
      0.016985180440750498,
      0.006343486778605819,
      0.0007178261366988332
    ],
    [
      0.0007178261366988003,
      0.0007178261366988468,
      0.006343486778605803,
      0.016985180440750487,
      0.03148971449194895,
      0.04828529760671937,
      0.06555186774425258,
      0.08141832411170667,
      0.09416528996823126,
      0.1024114337737176,
      0.10526315789473689,
      0.10241143377371768,
      0.09416528996823124,
      0.08141832411170669,
      0.0655518677442526,
      0.048285297606719374,
      0.03148971449194902,
      0.01698518044075045,
      0.0063434867786058505
    ],
    [
      0.006343486778605866,
      0.0007178261366989487,
      0.00071782613669883,
      0.006343486778605857,
      0.016985180440750466,
      0.03148971449194903,
      0.048285297606719325,
      0.06555186774425262,
      0.08141832411170676,
      0.09416528996823123,
      0.10241143377371768,
      0.10526315789473688,
      0.1024114337737176,
      0.09416528996823127,
      0.08141832411170669,
      0.06555186774425259,
      0.048285297606719325,
      0.03148971449194892,
      0.01698518044075047
    ],
    [
      0.016985180440750484,
      0.006343486778605868,
      0.0007178261366988027,
      0.000717826136698861,
      0.00634348677860584,
      0.016985180440750498,
      0.031489714491948935,
      0.04828529760671934,
      0.06555186774425262,
      0.0814183241117067,
      0.09416528996823129,
      0.10241143377371759,
      0.10526315789473684,
      0.10241143377371759,
      0.09416528996823123,
      0.0814183241117067,
      0.06555186774425259,
      0.04828529760671931,
      0.031489714491948984
    ],
    [
      0.031489714491948984,
      0.01698518044075048,
      0.0063434867786058245,
      0.0007178261366988537,
      0.0007178261366987981,
      0.006343486778605863,
      0.016985180440750463,
      0.03148971449194892,
      0.04828529760671933,
      0.0655518677442526,
      0.08141832411170673,
      0.09416528996823122,
      0.1024114337737176,
      0.10526315789473689,
      0.10241143377371763,
      0.09416528996823127,
      0.08141832411170673,
      0.06555186774425259,
      0.04828529760671939
    ],
    [
      0.048285297606719305,
      0.03148971449194897,
      0.016985180440750473,
      0.00634348677860585,
      0.0007178261366988134,
      0.0007178261366988339,
      0.006343486778605827,
      0.01698518044075048,
      0.03148971449194901,
      0.04828529760671937,
      0.06555186774425262,
      0.08141832411170667,
      0.09416528996823123,
      0.10241143377371764,
      0.10526315789473681,
      0.10241143377371759,
      0.09416528996823119,
      0.0814183241117066,
      0.06555186774425256
    ],
    [
      0.06555186774425255,
      0.04828529760671931,
      0.03148971449194898,
      0.01698518044075044,
      0.0063434867786058315,
      0.0007178261366988737,
      0.0007178261366988644,
      0.0063434867786058505,
      0.016985180440750473,
      0.03148971449194899,
      0.04828529760671935,
      0.06555186774425255,
      0.08141832411170663,
      0.09416528996823124,
      0.10241143377371757,
      0.10526315789473684,
      0.1024114337737176,
      0.09416528996823122,
      0.0814183241117067
    ],
    [
      0.08141832411170663,
      0.06555186774425252,
      0.04828529760671936,
      0.03148971449194895,
      0.01698518044075046,
      0.006343486778605862,
      0.0007178261366988242,
      0.0007178261366988194,
      0.00634348677860584,
      0.016985180440750494,
      0.031489714491948984,
      0.04828529760671934,
      0.06555186774425259,
      0.0814183241117067,
      0.09416528996823119,
      0.10241143377371761,
      0.10526315789473681,
      0.10241143377371759,
      0.09416528996823123
    ],
    [
      0.09416528996823124,
      0.08141832411170666,
      0.06555186774425266,
      0.048285297606719374,
      0.03148971449194903,
      0.016985180440750525,
      0.006343486778605844,
      0.0007178261366988123,
      0.000717826136698813,
      0.00634348677860586,
      0.01698518044075045,
      0.03148971449194892,
      0.04828529760671932,
      0.06555186774425256,
      0.0814183241117066,
      0.09416528996823122,
      0.10241143377371757,
      0.10526315789473685,
      0.10241143377371763
    ],
    [
      0.10241143377371761,
      0.09416528996823122,
      0.08141832411170664,
      0.06555186774425252,
      0.04828529760671934,
      0.03148971449194893,
      0.016985180440750463,
      0.006343486778605846,
      0.0007178261366988197,
      0.0007178261366988107,
      0.006343486778605821,
      0.01698518044075045,
      0.031489714491948984,
      0.04828529760671939,
      0.06555186774425258,
      0.08141832411170667,
      0.09416528996823123,
      0.10241143377371761,
      0.10526315789473684
    ]
  ],
  "A": [
    [
      0.46961366084882167,
      0.3835367666183419,
      0.016654063974208776,
      1.190132142167319e-15,
      1.583896196971361e-17,
      1.8056022427766213e-14,
      0.02001478775589457,
      0.04292059860760125,
      0.00045641969262994955,
      9.629948650732575e-05,
      0.3111235012900888
    ],
    [
      0.2222701650770427,
      0.4027772914126495,
      1.897042309144275e-13,
      5.448133235772243e-16,
      4.7477288504212854e-15,
      0.0068456547305826955,
      0.284542584180291,
      2.955482513072652e-14,
      0.05992564143756729,
      1.167710396245232e-12,
      0.17400840434509904
    ],
    [
      0.00011314896762404465,
      0.3785582348379705,
      2.0070564522935228e-14,
      5.822883907722967e-15,
      2.122915871503055e-15,
      0.04062008788444563,
      0.5106589158732231,
      7.146803525232025e-15,
      0.10130078891423328,
      0.01568445123649416,
      0.020086873921503382
    ],
    [
      0.18558966401583255,
      0.20664892406700952,
      0.0012288548576253923,
      0.0017003707485608536,
      0.0003378283747241578,
      0.002492031740590789,
      0.3687686962727049,
      0.00044623230263875864,
      0.09660355357683843,
      0.11589243293037842,
      6.108584555111166e-13
    ],
    [
      0.5057056923314601,
      0.02273140882375668,
      4.4202253715663513e-14,
      2.7009101990135356e-12,
      1.5112185816875264e-14,
      5.085482103532109e-14,
      0.08965872429489768,
      0.07650824135353346,
      0.051146298855878014,
      0.22839920248031403,
      1.1644144942695366e-14
    ],
    [
      0.2097241939410471,
      0.0005041809965596726,
      2.055138447338551e-15,
      0.08682623524155918,
      1.2578279435203168e-13,
      0.0010061652247180697,
      0.30720942451693767,
      1.2124368370640804e-15,
      0.11275788522354806,
      0.13305287671642263,
      8.870854901138584e-14
    ],
    [
      3.78076539302457e-07,
      0.0015234596168611086,
      2.3395435771553152e-05,
      0.15982096766676396,
      4.665115161527928e-06,
      0.04972458018664571,
      0.43293830634269365,
      0.0048822898026870945,
      0.13483047192728984,
      0.04027158350940684,
      0.0014702759284370142
    ],
    [
      0.02970180039136161,
      8.682835607725416e-16,
      4.3627523483728366e-16,
      0.19128337023465183,
      2.554654984246114e-14,
      0.15373074719208435,
      0.3433500518735281,
      0.1403256270395186,
      0.08598224245618036,
      2.1221498255884704e-14,
      1.0695122545426331e-15
    ],
    [
      0.2125067491240524,
      3.901062148920315e-06,
      2.572428353194667e-15,
      0.18447663867440167,
      0.012688530523610542,
      0.2665953031019015,
      0.11303521840547379,
      0.3336540184800862,
      2.958248895785658e-05,
      1.5281660923512413e-05,
      7.133169623434646e-14
    ],
    [
      0.2165231138782242,
      5.083488193562847e-06,
      2.7354514880683247e-13,
      0.14510098984567182,
      0.11157196126001055,
      0.20714519543897264,
      2.499931578504677e-13,
      0.3177646971009167,
      0.00651563827965207,
      1.2294394165199947e-06,
      4.8368088241645435e-14
    ],
    [
      0.07098847327872744,
      9.717733945940635e-05,
      0.005886950046938742,
      0.08235934432355996,
      0.2652529518589174,
      0.019639350424958978,
      2.017907918423515e-14,
      0.13765368776706086,
      0.08424248104799356,
      0.00010970029833579355,
      7.92462105178524e-14
    ],
    [
      2.0611565437077222e-14,
      0.0,
      0.0616156299921014,
      0.040250765531057685,
      0.3052967766349723,
      7.477689096623054e-13,
      0.0,
      0.12577407182079797,
      0.07660044918910174,
      0.0,
      0.0
    ],
    [
      6.863668324546912e-16,
      5.306622186319132e-15,
      0.15059614978205255,
      0.019410247815461412,
      0.24962692837436753,
      0.10609761885240222,
      0.0,
      0.2362784601427654,
      0.0050052185062884735,
      2.1358340092179101e-13,
      0.008973000537572736
    ],
    [
      8.77933451891563e-16,
      1.0782330925792044e-15,
      0.1960065411002721,
      0.000312829417201816,
      0.2443777357971667,
      0.041186139944786405,
      4.681003894886178e-14,
      0.1512731587637452,
      0.009705943865034776,
      7.561442065095929e-06,
      0.08995101443601483
    ],
    [
      0.04838223127805334,
      3.9208476093788973e-16,
      0.23868269256934493,
      6.857661519493229e-16,
      0.19461579620837258,
      0.0064684125318777074,
      0.0,
      0.08812255638548516,
      2.6345999822317383e-16,
      0.0,
      0.190842156476549
    ],
    [
      3.850585315313812e-17,
      0.005860882872074001,
      0.2895985453954249,
      9.008724248128334e-17,
      0.12799440836441317,
      0.0,
      0.1106791623090967,
      0.032188629907829405,
      0.0,
      0.0,
      0.23729332090042576
    ],
    [
      3.11289018058951e-13,
      0.04930775582465482,
      0.2987493800341243,
      5.172355962870179e-16,
      0.06577555952051457,
      0.003290889653722216,
      0.19406635455875335,
      1.1383659174089938e-16,
      1.9465834263622932e-17,
      1.972817023596128e-15,
      0.26688620717392175
    ],
    [
      0.0015647390002279645,
      0.11587016255661718,
      0.2815248331352563,
      0.0,
      0.007095589237683311,
      0.030161312303951318,
      0.284562929566331,
      2.2831680701876236e-05,
      5.749469082238007e-15,
      2.946246475936901e-13,
      0.25877595385756597
    ],
    [
      0.2611185387282165,
      0.25183960670881833,
      0.15001017720271942,
      1.2256767684522893e-17,
      4.2765197318226425e-16,
      4.208276143523477e-15,
      0.1342922915423211,
      0.004971441907230118,
      5.1012568012383457e-14,
      3.426471672561454e-16,
      0.3105105637742166
    ]
  ],
  "B": [
    [
      1.0463178392994525e-14,
      3.592507602745729e-17,
      0.07640206059304268,
      0.13111191053072904,
      0.012454653505672496,
      0.0024702777001353645,
      0.06366351575946823,
      0.01893493226352753,
      1.4781561729402607e-17,
      4.461586150208228e-14,
      0.0,
      0.0031994689411483875,
      0.0005653599511351397,
      4.925518113825883e-05,
      9.055703212552755e-05,
      0.0032102079613524825,
      0.023131556072599813,
      1.7378755528275108e-15,
      0.0006855786666302411
    ],
    [
      0.16672289915311647,
      0.14117456926424415,
      0.08862133178819016,
      0.04375133235258655,
      0.15250650458154794,
      0.12247747521415898,
      0.0009986276479751182,
      0.002314228484277156,
      1.7485564690627512e-15,
      0.00010167275032204176,
      3.1844581408049613e-16,
      1.1946776957591053e-16,
      5.036715316199093e-16,
      0.00031547384242829187,
      0.02801171280368062,
      0.07764570392027502,
      0.12389386507145886,
      0.16106451053040988,
      0.18195939917795742
    ],
    [
      0.10295255894287329,
      0.011650065685737088,
      5.2427703609376074e-17,
      3.620640299282446e-17,
      2.824255817961025e-14,
      0.0,
      0.0,
      5.210212108478521e-15,
      1.17979538098966e-14,
      0.00306331341133485,
      0.04223865998548761,
      0.10527671508698341,
      0.13234455682686683,
      0.12931009807194568,
      0.15792805572176016,
      0.21209768111752553,
      0.2544512333611053,
      0.2214353949609239,
      0.19917837466869795
    ],
    [
      1.6060325829371296e-13,
      0.0,
      0.002683383483533542,
      0.018076717406950785,
      0.31157129550141993,
      0.30475668791998045,
      0.10340585818899346,
      0.22168752103415582,
      0.3012980955058471,
      0.35003592695448327,
      0.3434441732810896,
      0.2887103202511309,
      0.1942570783328708,
      0.07169372524183273,
      0.006707442416580413,
      1.6967587899772055e-15,
      3.6865101409128654e-17,
      6.49926917217156e-15,
      3.390527269660572e-13
    ],
    [
      1.0704586788208018e-14,
      0.0,
      4.820444171607584e-06,
      0.0,
      1.32964202803982e-16,
      4.3394811202475777e-16,
      3.6344223896162625e-15,
      0.008498184035793567,
      0.09639066783400449,
      0.23490370738668098,
      0.2816299700338093,
      0.2558812616706606,
      0.25050940819988354,
      0.26919616541458624,
      0.23373814214465227,
      0.1559971000240467,
      0.10671432303158138,
      0.056359361053005375,
      0.0013868363646591627
    ],
    [
      0.003459743647043192,
      0.030618068468774157,
      2.39489216870905e-07,
      9.361099518376783e-14,
      1.5272303528075885e-12,
      0.09249697460362258,
      0.203162706381255,
      0.011592321095104167,
      0.0010139110094761112,
      0.11487866539976549,
      0.10212548919337616,
      0.0009757498993536963,
      1.6861104478897662e-14,
      0.10743908019931467,
      0.10170217293081815,
      0.005387158170477686,
      4.584275574077321e-17,
      6.195717897086344e-16,
      7.465258527120962e-06
    ],
    [
      0.047919932951657716,
      0.07800428688598066,
      0.13053686901380976,
      0.15114641868733927,
      0.047943728812297894,
      2.6305329701036847e-15,
      1.8485005726390875e-16,
      7.769596821551009e-13,
      6.48340953478328e-14,
      0.0011255819109226239,
      5.4045614183877485e-05,
      8.319253733495356e-16,
      8.130728363711539e-16,
      1.092928863550158e-15,
      2.980715082419766e-17,
      1.225405089439238e-16,
      0.0,
      8.955392869848005e-15,
      0.004390521720763933
    ],
    [
      1.6987100757267016e-15,
      0.0,
      2.1899583414190972e-13,
      0.0,
      3.2606465869773596e-15,
      2.9490063927739676e-14,
      0.022118782286151085,
      0.16267668805599847,
      0.14438992752359453,
      0.012284078583028274,
      3.0296583463535915e-14,
      0.07184255740608923,
      0.07917553619563952,
      0.008963038935193708,
      0.0004611952100589186,
      0.03862420632692036,
      0.00021932754647124552,
      2.1802907883091813e-16,
      0.00015343330547495405
    ],
    [
      3.817496483228143e-13,
      0.0,
      0.007941810232401323,
      0.07331399651222649,
      0.05801790102224066,
      0.25095185088186217,
      0.5396987064678574,
      0.4382976605078373,
      0.28332178260472446,
      0.08651339205699643,
      5.5602568701605936e-05,
      2.5419772814150076e-14,
      7.039014635713409e-15,
      1.9379826889897286e-13,
      1.5375465840892933e-14,
      6.262518506937903e-16,
      0.0,
      0.008348539374927785,
      0.055743600024431184
    ],
    [
      0.2516014972140737,
      0.31180258791248394,
      0.18127857496264982,
      0.07798420490495381,
      0.38630654393731817,
      0.37453220249851094,
      0.14295902358634308,
      0.1616765932722919,
      0.17519320260062912,
      0.18746735839472484,
      0.13783771844520257,
      0.04321662665768248,
      6.121314418077371e-14,
      2.5874004274423097e-16,
      8.433716030408497e-18,
      6.225037190746756e-16,
      0.010745914929343042,
      0.11997193540354954,
      0.17752223442600312
    ],
    [
      0.12413360349485861,
      0.14939568737888173,
      0.06962685203641535,
      9.284938624822046e-17,
      0.0006038613921043597,
      7.516936440272073e-17,
      0.0,
      2.4710396867751684e-05,
      1.9942713383011542e-15,
      6.591133686937437e-05,
      2.9959440991504937e-17,
      4.4693426746540566e-15,
      0.035732895501863156,
      0.0925913664729437,
      0.11201117938333956,
      0.09344927490556927,
      0.06039235633974192,
      0.09220764537584408,
      0.09271954368480526
    ]
  ],
  "M": [
    [
      0.10526315789473684,
      0.1024114337737176,
      0.09416528996823123,
      0.08141832411170669,
      0.0655518677442526,
      0.04828529760671935,
      0.031489714491948984,
      0.016985180440750477,
      0.006343486778605843,
      0.0007178261366988237,
      0.0007178261366988217,
      0.006343486778605825,
      0.016985180440750466,
      0.03148971449194899,
      0.04828529760671932,
      0.06555186774425256,
      0.08141832411170666,
      0.09416528996823126,
      0.1024114337737176
    ],
    [
      0.1024114337737176,
      0.10526315789473682,
      0.1024114337737176,
      0.09416528996823123,
      0.08141832411170669,
      0.06555186774425258,
      0.04828529760671935,
      0.031489714491948984,
      0.01698518044075047,
      0.006343486778605841,
      0.0007178261366988231,
      0.0007178261366988178,
      0.006343486778605835,
      0.01698518044075048,
      0.03148971449194895,
      0.04828529760671932,
      0.06555186774425256,
      0.0814183241117067,
      0.09416528996823122
    ],
    [
      0.09416528996823123,
      0.1024114337737176,
      0.10526315789473682,
      0.1024114337737176,
      0.09416528996823126,
      0.08141832411170669,
      0.0655518677442526,
      0.04828529760671934,
      0.031489714491948984,
      0.01698518044075047,
      0.006343486778605839,
      0.0007178261366988265,
      0.0007178261366988231,
      0.0063434867786058445,
      0.016985180440750453,
      0.031489714491948956,
      0.04828529760671932,
      0.06555186774425263,
      0.08141832411170666
    ],
    [
      0.08141832411170669,
      0.09416528996823123,
      0.1024114337737176,
      0.10526315789473684,
      0.10241143377371763,
      0.09416528996823126,
      0.08141832411170669,
      0.0655518677442526,
      0.04828529760671935,
      0.031489714491948984,
      0.016985180440750477,
      0.006343486778605851,
      0.0007178261366988231,
      0.0007178261366988251,
      0.006343486778605827,
      0.016985180440750456,
      0.031489714491948956,
      0.048285297606719374,
      0.06555186774425256
    ],
    [
      0.0655518677442526,
      0.08141832411170669,
      0.09416528996823126,
      0.10241143377371763,
      0.10526315789473689,
      0.1024114337737176,
      0.09416528996823126,
      0.0814183241117067,
      0.0655518677442526,
      0.04828529760671935,
      0.031489714491948984,
      0.01698518044075048,
      0.006343486778605835,
      0.0007178261366988193,
      0.0007178261366988203,
      0.006343486778605831,
      0.016985180440750466,
      0.03148971449194902,
      0.04828529760671934
    ],
    [
      0.04828529760671935,
      0.06555186774425258,
      0.08141832411170669,
      0.09416528996823126,
      0.1024114337737176,
      0.10526315789473684,
      0.1024114337737176,
      0.09416528996823123,
      0.08141832411170669,
      0.0655518677442526,
      0.04828529760671935,
      0.03148971449194899,
      0.016985180440750463,
      0.006343486778605827,
      0.0007178261366988261,
      0.0007178261366988203,
      0.006343486778605833,
      0.01698518044075049,
      0.031489714491948956
    ],
    [
      0.031489714491948984,
      0.04828529760671935,
      0.0655518677442526,
      0.08141832411170669,
      0.09416528996823126,
      0.1024114337737176,
      0.10526315789473684,
      0.1024114337737176,
      0.09416528996823126,
      0.08141832411170669,
      0.06555186774425258,
      0.048285297606719374,
      0.031489714491948956,
      0.016985180440750456,
      0.006343486778605841,
      0.0007178261366988251,
      0.0007178261366988203,
      0.006343486778605856,
      0.016985180440750463
    ],
    [
      0.016985180440750477,
      0.031489714491948984,
      0.04828529760671934,
      0.0655518677442526,
      0.0814183241117067,
      0.09416528996823123,
      0.1024114337737176,
      0.10526315789473684,
      0.1024114337737176,
      0.09416528996823126,
      0.08141832411170669,
      0.0655518677442526,
      0.04828529760671934,
      0.031489714491948956,
      0.01698518044075047,
      0.006343486778605841,
      0.0007178261366988241,
      0.000717826136698829,
      0.006343486778605835
    ],
    [
      0.006343486778605843,
      0.01698518044075047,
      0.031489714491948984,
      0.04828529760671935,
      0.0655518677442526,
      0.08141832411170669,
      0.09416528996823126,
      0.1024114337737176,
      0.10526315789473684,
      0.10241143377371763,
      0.09416528996823126,
      0.0814183241117067,
      0.06555186774425256,
      0.04828529760671934,
      0.031489714491948984,
      0.016985180440750477,
      0.006343486778605841,
      0.0007178261366988154,
      0.0007178261366988212
    ],
    [
      0.0007178261366988237,
      0.006343486778605841,
      0.01698518044075047,
      0.031489714491948984,
      0.04828529760671935,
      0.0655518677442526,
      0.08141832411170669,
      0.09416528996823126,
      0.10241143377371763,
      0.10526315789473684,
      0.1024114337737176,
      0.09416528996823126,
      0.08141832411170669,
      0.06555186774425258,
      0.048285297606719374,
      0.031489714491948984,
      0.016985180440750477,
      0.00634348677860582,
      0.0007178261366988237
    ],
    [
      0.0007178261366988217,
      0.0007178261366988231,
      0.006343486778605839,
      0.016985180440750477,
      0.031489714491948984,
      0.04828529760671935,
      0.06555186774425258,
      0.08141832411170669,
      0.09416528996823126,
      0.1024114337737176,
      0.10526315789473684,
      0.10241143377371763,
      0.09416528996823123,
      0.08141832411170669,
      0.0655518677442526,
      0.04828529760671935,
      0.031489714491948984,
      0.016985180440750442,
      0.006343486778605843
    ],
    [
      0.006343486778605825,
      0.0007178261366988178,
      0.0007178261366988265,
      0.006343486778605851,
      0.01698518044075048,
      0.03148971449194899,
      0.048285297606719374,
      0.0655518677442526,
      0.0814183241117067,
      0.09416528996823126,
      0.10241143377371763,
      0.10526315789473684,
      0.1024114337737176,
      0.09416528996823122,
      0.08141832411170666,
      0.06555186774425256,
      0.04828529760671934,
      0.031489714491948914,
      0.016985180440750463
    ],
    [
      0.016985180440750466,
      0.006343486778605835,
      0.0007178261366988231,
      0.0007178261366988231,
      0.006343486778605835,
      0.016985180440750463,
      0.031489714491948956,
      0.04828529760671934,
      0.06555186774425256,
      0.08141832411170669,
      0.09416528996823123,
      0.1024114337737176,
      0.10526315789473682,
      0.1024114337737176,
      0.09416528996823122,
      0.08141832411170669,
      0.0655518677442526,
      0.04828529760671931,
      0.031489714491948984
    ],
    [
      0.03148971449194899,
      0.01698518044075048,
      0.0063434867786058445,
      0.0007178261366988251,
      0.0007178261366988193,
      0.006343486778605827,
      0.016985180440750456,
      0.031489714491948956,
      0.04828529760671934,
      0.06555186774425258,
      0.08141832411170669,
      0.09416528996823122,
      0.1024114337737176,
      0.10526315789473684,
      0.1024114337737176,
      0.09416528996823129,
      0.0814183241117067,
      0.06555186774425256,
      0.04828529760671938
    ],
    [
      0.04828529760671932,
      0.03148971449194895,
      0.016985180440750453,
      0.006343486778605827,
      0.0007178261366988203,
      0.0007178261366988261,
      0.006343486778605841,
      0.01698518044075047,
      0.031489714491948984,
      0.048285297606719374,
      0.0655518677442526,
      0.08141832411170666,
      0.09416528996823122,
      0.1024114337737176,
      0.1052631578947368,
      0.10241143377371759,
      0.09416528996823122,
      0.08141832411170662,
      0.06555186774425256
    ],
    [
      0.06555186774425256,
      0.04828529760671932,
      0.031489714491948956,
      0.016985180440750456,
      0.006343486778605831,
      0.0007178261366988203,
      0.0007178261366988251,
      0.006343486778605841,
      0.016985180440750477,
      0.031489714491948984,
      0.04828529760671935,
      0.06555186774425256,
      0.08141832411170669,
      0.09416528996823129,
      0.10241143377371759,
      0.10526315789473684,
      0.1024114337737176,
      0.09416528996823122,
      0.08141832411170666
    ],
    [
      0.08141832411170666,
      0.06555186774425256,
      0.04828529760671932,
      0.031489714491948956,
      0.016985180440750466,
      0.006343486778605833,
      0.0007178261366988203,
      0.0007178261366988241,
      0.006343486778605841,
      0.016985180440750477,
      0.031489714491948984,
      0.04828529760671934,
      0.0655518677442526,
      0.0814183241117067,
      0.09416528996823122,
      0.1024114337737176,
      0.10526315789473682,
      0.10241143377371759,
      0.09416528996823123
    ],
    [
      0.09416528996823126,
      0.0814183241117067,
      0.06555186774425263,
      0.048285297606719374,
      0.03148971449194902,
      0.01698518044075049,
      0.006343486778605856,
      0.000717826136698829,
      0.0007178261366988154,
      0.00634348677860582,
      0.016985180440750442,
      0.031489714491948914,
      0.04828529760671931,
      0.06555186774425256,
      0.08141832411170662,
      0.09416528996823122,
      0.10241143377371759,
      0.10526315789473684,
      0.10241143377371763
    ],
    [
      0.1024114337737176,
      0.09416528996823122,
      0.08141832411170666,
      0.06555186774425256,
      0.04828529760671934,
      0.031489714491948956,
      0.016985180440750463,
      0.006343486778605835,
      0.0007178261366988212,
      0.0007178261366988237,
      0.006343486778605843,
      0.016985180440750463,
      0.031489714491948984,
      0.04828529760671938,
      0.06555186774425256,
      0.08141832411170666,
      0.09416528996823123,
      0.10241143377371763,
      0.10526315789473684
    ]
  ],
  "score": 1.7507582554751455e-16
}