{
  "k": 5,
  "M_approx": [
    [
      0.11421052631578944,
      0.1113873194359804,
      0.1032236370685489,
      0.09060414087058966,
      0.0748963490668101,
      0.05780244463065218,
      0.041174817347029505,
      0.026815328636343002,
      0.016280051910819836,
      0.010710647875331856,
      0.010710647875331863,
      0.01628005191081978,
      0.026815328636342964,
      0.04117481734702951,
      0.05780244463065213,
      0.07489634906681002,
      0.09060414087058956,
      0.10322363706854891,
      0.11138731943598038
    ],
    [
      0.11138731943598046,
      0.11421052631578946,
      0.11138731943598043,
      0.10322363706854895,
      0.0906041408705896,
      0.07489634906681,
      0.057802444630652094,
      0.04117481734702945,
      0.026815328636342964,
      0.01628005191081976,
      0.010710647875331842,
      0.010710647875331832,
      0.016280051910819774,
      0.026815328636343,
      0.04117481734702949,
      0.05780244463065216,
      0.07489634906681006,
      0.09060414087058967,
      0.10322363706854891
    ],
    [
      0.10322363706854892,
      0.1113873194359804,
      0.11421052631578946,
      0.11138731943598046,
      0.10322363706854895,
      0.0906041408705896,
      0.07489634906681006,
      0.05780244463065215,
      0.041174817347029505,
      0.026815328636342964,
      0.0162800519108198,
      0.010710647875331842,
      0.01071064787533184,
      0.016280051910819816,
      0.026815328636342985,
      0.041174817347029484,
      0.057802444630652136,
      0.07489634906681006,
      0.09060414087058956
    ],
    [
      0.0906041408705896,
      0.10322363706854891,
      0.11138731943598043,
      0.11421052631578946,
      0.11138731943598043,
      0.1032236370685489,
      0.09060414087058957,
      0.07489634906681002,
      0.05780244463065214,
      0.04117481734702946,
      0.02681532863634297,
      0.016280051910819777,
      0.010710647875331825,
      0.010710647875331849,
      0.01628005191081979,
      0.026815328636342964,
      0.04117481734702948,
      0.05780244463065218,
      0.07489634906681003
    ],
    [
      0.07489634906681009,
      0.09060414087058963,
      0.10322363706854898,
      0.11138731943598047,
      0.11421052631578953,
      0.11138731943598046,
      0.10322363706854895,
      0.09060414087058963,
      0.0748963490668101,
      0.0578024446306522,
      0.04117481734702954,
      0.026815328636343,
      0.01628005191081978,
      0.010710647875331838,
      0.010710647875331838,
      0.01628005191081977,
      0.02681532863634295,
      0.0411748173470295,
      0.05780244463065215
    ],
    [
      0.05780244463065218,
      0.07489634906681007,
      0.09060414087058964,
      0.10322363706854894,
      0.11138731943598046,
      0.11421052631578946,
      0.11138731943598042,
      0.1032236370685489,
      0.09060414087058959,
      0.07489634906681006,
      0.05780244463065217,
      0.0411748173470295,
      0.02681532863634295,
      0.01628005191081977,
      0.01071064787533185,
      0.010710647875331838,
      0.01628005191081978,
      0.026815328636342978,
      0.041174817347029484
    ],
    [
      0.041174817347029526,
      0.05780244463065219,
      0.07489634906681011,
      0.09060414087058961,
      0.10322363706854892,
      0.11138731943598042,
      0.11421052631578944,
      0.1113873194359804,
      0.10322363706854892,
      0.09060414087058961,
      0.07489634906681009,
      0.05780244463065218,
      0.04117481734702946,
      0.026815328636342933,
      0.016280051910819767,
      0.010710647875331816,
      0.01071064787533183,
      0.016280051910819795,
      0.026815328636342985
    ],
    [
      0.026815328636343,
      0.04117481734702952,
      0.05780244463065219,
      0.07489634906681007,
      0.09060414087058961,
      0.10322363706854891,
      0.11138731943598043,
      0.11421052631578943,
      0.11138731943598039,
      0.10322363706854888,
      0.0906041408705896,
      0.07489634906681006,
      0.05780244463065212,
      0.041174817347029456,
      0.02681532863634298,
      0.016280051910819795,
      0.010710647875331858,
      0.010710647875331844,
      0.016280051910819802
    ],
    [
      0.01628005191081981,
      0.02681532863634298,
      0.0411748173470295,
      0.057802444630652164,
      0.07489634906681004,
      0.0906041408705896,
      0.1032236370685489,
      0.11138731943598042,
      0.11421052631578947,
      0.11138731943598042,
      0.10322363706854895,
      0.09060414087058963,
      0.07489634906681004,
      0.05780244463065212,
      0.04117481734702948,
      0.02681532863634295,
      0.016280051910819777,
      0.010710647875331826,
      0.010710647875331845
    ],
    [
      0.010710647875331858,
      0.01628005191081978,
      0.026815328636342953,
      0.0411748173470295,
      0.05780244463065215,
      0.07489634906681006,
      0.0906041408705896,
      0.10322363706854892,
      0.11138731943598043,
      0.11421052631578944,
      0.11138731943598044,
      0.10322363706854895,
      0.0906041408705896,
      0.07489634906681004,
      0.05780244463065217,
      0.0411748173470295,
      0.02681532863634298,
      0.01628005191081977,
      0.010710647875331844
    ],
    [
      0.010710647875331847,
      0.010710647875331832,
      0.016280051910819767,
      0.026815328636342967,
      0.04117481734702946,
      0.05780244463065214,
      0.07489634906681004,
      0.09060414087058961,
      0.10322363706854894,
      0.11138731943598042,
      0.11421052631578948,
      0.11138731943598046,
      0.10322363706854892,
      0.0906041408705896,
      0.07489634906681006,
      0.05780244463065215,
      0.04117481734702949,
      0.026815328636342946,
      0.01628005191081979
    ],
    [
      0.016280051910819746,
      0.010710647875331797,
      0.010710647875331799,
      0.016280051910819764,
      0.026815328636342943,
      0.04117481734702948,
      0.057802444630652136,
      0.07489634906681006,
      0.09060414087058959,
      0.10322363706854891,
      0.11138731943598044,
      0.11421052631578946,
      0.11138731943598042,
      0.1032236370685489,
      0.09060414087058957,
      0.07489634906681003,
      0.05780244463065213,
      0.04117481734702942,
      0.026815328636342943
    ],
    [
      0.026815328636342943,
      0.016280051910819764,
      0.01071064787533183,
      0.010710647875331833,
      0.016280051910819788,
      0.026815328636342985,
      0.041174817347029484,
      0.05780244463065215,
      0.07489634906681003,
      0.09060414087058961,
      0.10322363706854891,
      0.1113873194359804,
      0.11421052631578946,
      0.11138731943598043,
      0.10322363706854888,
      0.09060414087058959,
      0.07489634906681004,
      0.057802444630652115,
      0.04117481734702949
    ],
    [
      0.04117481734702947,
      0.026815328636342957,
      0.016280051910819784,
      0.010710647875331833,
      0.010710647875331845,
      0.01628005191081979,
      0.026815328636342946,
      0.041174817347029456,
      0.057802444630652115,
      0.07489634906681004,
      0.09060414087058959,
      0.1032236370685489,
      0.11138731943598043,
      0.11421052631578947,
      0.1113873194359804,
      0.10322363706854894,
      0.09060414087058963,
      0.07489634906681004,
      0.057802444630652185
    ],
    [
      0.0578024446306521,
      0.04117481734702945,
      0.026815328636342957,
      0.016280051910819757,
      0.010710647875331826,
      0.010710647875331825,
      0.016280051910819746,
      0.02681532863634295,
      0.04117481734702947,
      0.05780244463065218,
      0.07489634906681007,
      0.0906041408705896,
      0.10322363706854891,
      0.11138731943598042,
      0.11421052631578939,
      0.11138731943598038,
      0.10322363706854888,
      0.09060414087058957,
      0.07489634906681004
    ],
    [
      0.07489634906680999,
      0.05780244463065209,
      0.04117481734702944,
      0.026815328636342933,
      0.016280051910819788,
      0.010710647875331847,
      0.01071064787533184,
      0.01628005191081978,
      0.026815328636342953,
      0.04117481734702952,
      0.05780244463065217,
      0.07489634906681006,
      0.09060414087058961,
      0.10322363706854897,
      0.1113873194359804,
      0.11421052631578946,
      0.11138731943598042,
      0.10322363706854888,
      0.09060414087058957
    ],
    [
      0.09060414087058957,
      0.07489634906681003,
      0.05780244463065215,
      0.04117481734702949,
      0.026815328636342988,
      0.016280051910819784,
      0.01071064787533182,
      0.01071064787533182,
      0.016280051910819764,
      0.026815328636342978,
      0.04117481734702948,
      0.057802444630652115,
      0.07489634906681006,
      0.09060414087058961,
      0.10322363706854885,
      0.1113873194359804,
      0.11421052631578944,
      0.1113873194359804,
      0.10322363706854891
    ],
    [
      0.10322363706854895,
      0.09060414087058964,
      0.07489634906681011,
      0.05780244463065221,
      0.04117481734702954,
      0.02681532863634298,
      0.01628005191081976,
      0.010710647875331828,
      0.010710647875331837,
      0.016280051910819788,
      0.02681532863634295,
      0.04117481734702943,
      0.0578024446306521,
      0.07489634906681003,
      0.09060414087058952,
      0.10322363706854887,
      0.1113873194359804,
      0.1142105263157895,
      0.11138731943598046
    ],
    [
      0.11138731943598039,
      0.10322363706854888,
      0.09060414087058956,
      0.07489634906681006,
      0.05780244463065215,
      0.041174817347029456,
      0.02681532863634293,
      0.016280051910819767,
      0.010710647875331845,
      0.010710647875331835,
      0.01628005191081979,
      0.026815328636342953,
      0.0411748173470295,
      0.0578024446306522,
      0.07489634906681004,
      0.0906041408705896,
      0.10322363706854891,
      0.11138731943598043,
      0.11421052631578943
    ]
  ],
  "A": [
    [
      9.786910711831236e-15,
      0.05201762916263369,
      0.3685289641442324,
      0.0406844373663847,
      0.1273299346577799
    ],
    [
      1.4958439624873265e-15,
      0.009967744926158465,
      0.3533270670007863,
      0.1066841472087171,
      0.11316740845849765
    ],
    [
      1.4564022648426292e-13,
      1.7899626429855544e-13,
      0.2995881428060684,
      0.19502787166898605,
      0.06530696256229289
    ],
    [
      0.014907639147046639,
      0.004456561662136912,
      0.22660702733359392,
      0.27714908521505394,
      0.01512424514438356
    ],
    [
      0.061290102170881114,
      2.2741696270448305e-14,
      0.1587232400888173,
      0.3209830216143574,
      1.0844471130738873e-13
    ],
    [
      0.12385728513518852,
      1.4278561162692883e-05,
      0.09401804998294422,
      0.33485626840298005,
      0.0035420060183249105
    ],
    [
      0.1994074785623527,
      5.68916172464238e-13,
      0.042736927983650884,
      0.31270635530644136,
      0.03165286902629502
    ],
    [
      0.2682039307535778,
      0.014475999669497487,
      6.2539699335098e-16,
      0.2716485114758972,
      0.060996198229561205
    ],
    [
      0.355504699706872,
      0.0007550560710405632,
      2.7459326824887937e-13,
      0.17445363626173233,
      0.14586164698871468
    ],
    [
      0.4045560749781742,
      0.01976886001677197,
      1.1431568528013895e-13,
      0.0919084632788517,
      0.19396945822200345
    ],
    [
      0.4100425789472692,
      0.06945697081842729,
      3.8415823141424537e-13,
      0.032958042839082664,
      0.2001064041143442
    ],
    [
      0.37136966377630504,
      0.14443491068132622,
      2.2365879507784192e-13,
      0.003990567708264895,
      0.1636074513521595
    ],
    [
      0.29272813989661656,
      0.23657765641814626,
      6.097142552917502e-14,
      0.008145113292931598,
      0.08842782780763417
    ],
    [
      0.21793801424943382,
      0.2915327083064531,
      0.031897257477847274,
      6.067251797731633e-13,
      0.04472468167336293
    ],
    [
      0.13974970353286767,
      0.32264419380144127,
      0.078360233694474,
      2.3460919151456377e-13,
      0.010260103325610524
    ],
    [
      0.07302920043173008,
      0.31850499435873797,
      0.14013109083376613,
      2.2029700768547504e-15,
      0.0
    ],
    [
      0.02446811510931964,
      0.2802406332625359,
      0.21002929606836887,
      0.0006861939050050646,
      0.014110033908603875
    ],
    [
      7.291600067537408e-14,
      0.21115398362750046,
      0.2810868335457975,
      0.0011290712437433748,
      0.05224031432106799
    ],
    [
      1.0515655206373009e-14,
      0.12159289528160222,
      0.34354647279903333,
      0.004180834794621334,
      0.10625981169193184
    ]
  ],
  "B": [
    [
      0.0,
      0.004737125178903178,
      0.019858840583634053,
      0.001695345784947218,
      3.642713769147144e-15,
      0.022013080962221727,
      0.04910444017218954,
      0.13810544388031912,
      0.20512647542446358,
      0.24290476609807532,
      0.24734645191676108,
      0.21797020730006555,
      0.15795940417372586,
      0.10812538499640839,
      0.042672814469307804,
      0.0052892443879823114,
      2.605185028138906e-05,
      0.02526655495095703,
      0.008923344110700353
    ],
    [
      0.11015033452062653,
      0.05800229350454051,
      0.012290455001663841,
      0.0014730766518924966,
      1.0215336626742134e-14,
      0.004084681967739382,
      0.022368848206587185,
      0.019448115033268102,
      0.03715830633218431,
      0.07358024807432695,
      0.12476705772690493,
      0.18517185022007498,
      0.24824882900909123,
      0.287976751287478,
      0.31749571466754223,
      0.3131423449644554,
      0.27538823671924334,
      0.20954766577430106,
      0.16153866058868924
    ],
    [
      0.28411194942408285,
      0.278185774256748,
      0.25554622163909513,
      0.18712718542681042,
      0.11617730093979084,
      0.05567685600752562,
      4.1323153843459795e-13,
      7.99211313506293e-14,
      1.713930371771389e-14,
      1.6581495722947903e-14,
      5.807042457045526e-13,
      4.0366244216882094e-14,
      4.273147304724788e-14,
      0.02572800290193464,
      0.05100215136756883,
      0.1005262724142504,
      0.16893387446431665,
      0.24717186208572356,
      0.2747542017721303
    ],
    [
      0.09284347737891059,
      0.14380590697780715,
      0.19142869956216205,
      0.25416290846052375,
      0.29836621327871304,
      0.3152843535531401,
      0.3122097250167442,
      0.2559002768796594,
      0.1941664269861656,
      0.13369799587176076,
      0.0810476763116959,
      0.04192094738539013,
      0.0205577972845711,
      1.7969889300015294e-14,
      5.310280548400852e-15,
      5.5797989194050266e-08,
      7.914444631223992e-14,
      0.0012284413099419103,
      0.04251207667146646
    ],
    [
      2.766666109915171e-17,
      1.8505307387185945e-13,
      0.00486895285546923,
      0.08815878376961842,
      0.15662292792038285,
      0.1904050969473316,
      0.21447561382049862,
      0.12088693091077403,
      0.05063705633453801,
      0.011338654041745501,
      0.007250315697179736,
      0.038815076201358684,
      0.1026124039721984,
      0.13126084826059184,
      0.17663796288108924,
      0.1693284571068429,
      0.11012392309517287,
      0.009294715794844508,
      2.7867244392120565e-13
    ]
  ],
  "M": [
    [
      0.11421052631578946,
      0.11138731943598042,
      0.10322363706854891,
      0.09060414087058961,
      0.07489634906681007,
      0.057802444630652164,
      0.04117481734702949,
      0.02681532863634297,
      0.016280051910819784,
      0.010710647875331835,
      0.010710647875331833,
      0.016280051910819767,
      0.026815328636342964,
      0.0411748173470295,
      0.05780244463065213,
      0.07489634906681003,
      0.09060414087058959,
      0.10322363706854894,
      0.11138731943598042
    ],
    [
      0.11138731943598042,
      0.11421052631578944,
      0.11138731943598042,
      0.10322363706854891,
      0.09060414087058961,
      0.07489634906681004,
      0.057802444630652164,
      0.04117481734702949,
      0.026815328636342964,
      0.016280051910819784,
      0.010710647875331835,
      0.01071064787533183,
      0.016280051910819777,
      0.026815328636342978,
      0.041174817347029456,
      0.05780244463065213,
      0.07489634906681003,
      0.09060414087058963,
      0.1032236370685489
    ],
    [
      0.10322363706854891,
      0.11138731943598042,
      0.11421052631578944,
      0.11138731943598042,
      0.10322363706854894,
      0.09060414087058961,
      0.07489634906681007,
      0.05780244463065215,
      0.04117481734702949,
      0.026815328636342964,
      0.01628005191081978,
      0.010710647875331838,
      0.010710647875331835,
      0.016280051910819784,
      0.02681532863634295,
      0.04117481734702946,
      0.05780244463065213,
      0.0748963490668101,
      0.09060414087058959
    ],
    [
      0.09060414087058961,
      0.10322363706854891,
      0.11138731943598042,
      0.11421052631578946,
      0.11138731943598044,
      0.10322363706854894,
      0.09060414087058961,
      0.07489634906681007,
      0.057802444630652164,
      0.04117481734702949,
      0.02681532863634297,
      0.01628005191081979,
      0.010710647875331835,
      0.010710647875331837,
      0.01628005191081977,
      0.02681532863634295,
      0.04117481734702946,
      0.057802444630652185,
      0.07489634906681003
    ],
    [
      0.07489634906681007,
      0.09060414087058961,
      0.10322363706854894,
      0.11138731943598044,
      0.11421052631578951,
      0.11138731943598042,
      0.10322363706854894,
      0.09060414087058963,
      0.07489634906681007,
      0.057802444630652164,
      0.04117481734702949,
      0.026815328636342978,
      0.016280051910819777,
      0.010710647875331832,
      0.010710647875331832,
      0.01628005191081977,
      0.026815328636342964,
      0.041174817347029526,
      0.05780244463065215
    ],
    [
      0.057802444630652164,
      0.07489634906681004,
      0.09060414087058961,
      0.10322363706854894,
      0.11138731943598042,
      0.11421052631578946,
      0.11138731943598042,
      0.10322363706854891,
      0.09060414087058961,
      0.07489634906681007,
      0.057802444630652164,
      0.0411748173470295,
      0.026815328636342957,
      0.01628005191081977,
      0.010710647875331838,
      0.010710647875331832,
      0.016280051910819774,
      0.026815328636342985,
      0.04117481734702946
    ],
    [
      0.04117481734702949,
      0.057802444630652164,
      0.07489634906681007,
      0.09060414087058961,
      0.10322363706854894,
      0.11138731943598042,
      0.11421052631578946,
      0.11138731943598042,
      0.10322363706854894,
      0.09060414087058961,
      0.07489634906681004,
      0.057802444630652185,
      0.04117481734702946,
      0.02681532863634295,
      0.016280051910819784,
      0.010710647875331837,
      0.010710647875331832,
      0.0162800519108198,
      0.026815328636342957
    ],
    [
      0.02681532863634297,
      0.04117481734702949,
      0.05780244463065215,
      0.07489634906681007,
      0.09060414087058963,
      0.10322363706854891,
      0.11138731943598042,
      0.11421052631578946,
      0.11138731943598042,
      0.10322363706854894,
      0.09060414087058961,
      0.07489634906681007,
      0.05780244463065215,
      0.04117481734702946,
      0.026815328636342964,
      0.016280051910819784,
      0.010710647875331837,
      0.01071064787533184,
      0.016280051910819777
    ],
    [
      0.016280051910819784,
      0.026815328636342964,
      0.04117481734702949,
      0.057802444630652164,
      0.07489634906681007,
      0.09060414087058961,
      0.10322363706854894,
      0.11138731943598042,
      0.11421052631578946,
      0.11138731943598044,
      0.10322363706854894,
      0.09060414087058963,
      0.07489634906681003,
      0.05780244463065215,
      0.04117481734702949,
      0.02681532863634297,
      0.016280051910819784,
      0.010710647875331828,
      0.010710647875331833
    ],
    [
      0.010710647875331835,
      0.016280051910819784,
      0.026815328636342964,
      0.04117481734702949,
      0.057802444630652164,
      0.07489634906681007,
      0.09060414087058961,
      0.10322363706854894,
      0.11138731943598044,
      0.11421052631578946,
      0.11138731943598042,
      0.10322363706854894,
      0.09060414087058961,
      0.07489634906681004,
      0.057802444630652185,
      0.04117481734702949,
      0.02681532863634297,
      0.016280051910819764,
      0.010710647875331835
    ],
    [
      0.010710647875331833,
      0.010710647875331835,
      0.01628005191081978,
      0.02681532863634297,
      0.04117481734702949,
      0.057802444630652164,
      0.07489634906681004,
      0.09060414087058961,
      0.10322363706854894,
      0.11138731943598042,
      0.11421052631578946,
      0.11138731943598044,
      0.10322363706854891,
      0.09060414087058961,
      0.07489634906681007,
      0.057802444630652164,
      0.04117481734702949,
      0.026815328636342936,
      0.016280051910819784
    ],
    [
      0.016280051910819767,
      0.01071064787533183,
      0.010710647875331838,
      0.01628005191081979,
      0.026815328636342978,
      0.0411748173470295,
      0.057802444630652185,
      0.07489634906681007,
      0.09060414087058963,
      0.10322363706854894,
      0.11138731943598044,
      0.11421052631578946,
      0.11138731943598042,
      0.1032236370685489,
      0.09060414087058959,
      0.07489634906681003,
      0.05780244463065215,
      0.04117481734702942,
      0.026815328636342957
    ],
    [
      0.026815328636342964,
      0.016280051910819777,
      0.010710647875331835,
      0.010710647875331835,
      0.016280051910819777,
      0.026815328636342957,
      0.04117481734702946,
      0.05780244463065215,
      0.07489634906681003,
      0.09060414087058961,
      0.10322363706854891,
      0.11138731943598042,
      0.11421052631578944,
      0.11138731943598042,
      0.1032236370685489,
      0.09060414087058961,
      0.07489634906681007,
      0.05780244463065212,
      0.04117481734702949
    ],
    [
      0.0411748173470295,
      0.026815328636342978,
      0.016280051910819784,
      0.010710647875331837,
      0.010710647875331832,
      0.01628005191081977,
      0.02681532863634295,
      0.04117481734702946,
      0.05780244463065215,
      0.07489634906681004,
      0.09060414087058961,
      0.1032236370685489,
      0.11138731943598042,
      0.11421052631578946,
      0.11138731943598042,
      0.10322363706854897,
      0.09060414087058963,
      0.07489634906681003,
      0.05780244463065219
    ],
    [
      0.05780244463065213,
      0.041174817347029456,
      0.02681532863634295,
      0.01628005191081977,
      0.010710647875331832,
      0.010710647875331838,
      0.016280051910819784,
      0.026815328636342964,
      0.04117481734702949,
      0.057802444630652185,
      0.07489634906681007,
      0.09060414087058959,
      0.1032236370685489,
      0.11138731943598042,
      0.11421052631578942,
      0.1113873194359804,
      0.1032236370685489,
      0.09060414087058954,
      0.07489634906681003
    ],
    [
      0.07489634906681003,
      0.05780244463065213,
      0.04117481734702946,
      0.02681532863634295,
      0.01628005191081977,
      0.010710647875331832,
      0.010710647875331837,
      0.016280051910819784,
      0.02681532863634297,
      0.04117481734702949,
      0.057802444630652164,
      0.07489634906681003,
      0.09060414087058961,
      0.10322363706854897,
      0.1113873194359804,
      0.11421052631578946,
      0.11138731943598042,
      0.1032236370685489,
      0.09060414087058959
    ],
    [
      0.09060414087058959,
      0.07489634906681003,
      0.05780244463065213,
      0.04117481734702946,
      0.026815328636342964,
      0.016280051910819774,
      0.010710647875331832,
      0.010710647875331837,
      0.016280051910819784,
      0.02681532863634297,
      0.04117481734702949,
      0.05780244463065215,
      0.07489634906681007,
      0.09060414087058963,
      0.1032236370685489,
      0.11138731943598042,
      0.11421052631578944,
      0.1113873194359804,
      0.10322363706854891
    ],
    [
      0.10322363706854894,
      0.09060414087058963,
      0.0748963490668101,
      0.057802444630652185,
      0.041174817347029526,
      0.026815328636342985,
      0.0162800519108198,
      0.01071064787533184,
      0.010710647875331828,
      0.016280051910819764,
      0.026815328636342936,
      0.04117481734702942,
      0.05780244463065212,
      0.07489634906681003,
      0.09060414087058954,
      0.1032236370685489,
      0.1113873194359804,
      0.11421052631578946,
      0.11138731943598044
    ],
    [
      0.11138731943598042,
      0.1032236370685489,
      0.09060414087058959,
      0.07489634906681003,
      0.05780244463065215,
      0.04117481734702946,
      0.026815328636342957,
      0.016280051910819777,
      0.010710647875331833,
      0.010710647875331835,
      0.016280051910819784,
      0.026815328636342957,
      0.04117481734702949,
      0.05780244463065219,
      0.07489634906681003,
      0.09060414087058959,
      0.10322363706854891,
      0.11138731943598044,
      0.11421052631578946
    ]
  ],
  "score": 1.515600510590263e-16
}