{
  "k": 11,
  "M_approx": [
    [
      0.1052631578947368,
      0.10241143377371759,
      0.09416528996823126,
      0.08141832411170666,
      0.0655518677442526,
      0.048285297606719305,
      0.03148971449194898,
      0.016985180440750453,
      0.006343486778605834,
      0.0007178261366987918,
      0.000717826136698826,
      0.0063434867786058245,
      0.01698518044075045,
      0.031489714491948984,
      0.0482852976067193,
      0.06555186774425256,
      0.08141832411170666,
      0.09416528996823126,
      0.10241143377371761
    ],
    [
      0.10241143377371759,
      0.10526315789473681,
      0.1024114337737176,
      0.09416528996823123,
      0.08141832411170663,
      0.06555186774425256,
      0.04828529760671937,
      0.03148971449194896,
      0.016985180440750477,
      0.006343486778605833,
      0.0007178261366988567,
      0.0007178261366988684,
      0.006343486778605814,
      0.016985180440750508,
      0.03148971449194897,
      0.04828529760671933,
      0.06555186774425253,
      0.08141832411170669,
      0.09416528996823119
    ],
    [
      0.09416528996823122,
      0.10241143377371759,
      0.10526315789473681,
      0.10241143377371759,
      0.09416528996823126,
      0.0814183241117067,
      0.06555186774425259,
      0.04828529760671934,
      0.03148971449194899,
      0.016985180440750515,
      0.006343486778605824,
      0.0007178261366988301,
      0.0007178261366988312,
      0.0063434867786058445,
      0.016985180440750446,
      0.03148971449194893,
      0.048285297606719305,
      0.06555186774425263,
      0.08141832411170667
    ],
    [
      0.08141832411170667,
      0.09416528996823123,
      0.10241143377371759,
      0.10526315789473686,
      0.10241143377371766,
      0.09416528996823129,
      0.08141832411170669,
      0.0655518677442526,
      0.04828529760671935,
      0.031489714491948984,
      0.016985180440750442,
      0.00634348677860584,
      0.000717826136698809,
      0.0007178261366988443,
      0.00634348677860583,
      0.016985180440750435,
      0.03148971449194894,
      0.04828529760671938,
      0.06555186774425258
    ],
    [
      0.06555186774425259,
      0.08141832411170667,
      0.09416528996823124,
      0.1024114337737176,
      0.10526315789473689,
      0.10241143377371763,
      0.09416528996823126,
      0.08141832411170676,
      0.06555186774425263,
      0.04828529760671936,
      0.03148971449194899,
      0.016985180440750487,
      0.00634348677860581,
      0.0007178261366988361,
      0.0007178261366988424,
      0.006343486778605844,
      0.016985180440750477,
      0.031489714491949004,
      0.048285297606719374
    ],
    [
      0.04828529760671939,
      0.06555186774425258,
      0.0814183241117067,
      0.09416528996823124,
      0.10241143377371763,
      0.10526315789473684,
      0.1024114337737176,
      0.09416528996823126,
      0.08141832411170667,
      0.06555186774425259,
      0.04828529760671935,
      0.03148971449194898,
      0.016985180440750473,
      0.006343486778605811,
      0.0007178261366988239,
      0.0007178261366988086,
      0.006343486778605836,
      0.016985180440750498,
      0.031489714491948984
    ],
    [
      0.031489714491949,
      0.04828529760671935,
      0.0655518677442526,
      0.0814183241117067,
      0.09416528996823126,
      0.10241143377371763,
      0.10526315789473686,
      0.10241143377371759,
      0.09416528996823124,
      0.0814183241117067,
      0.06555186774425256,
      0.04828529760671939,
      0.031489714491948984,
      0.01698518044075044,
      0.006343486778605833,
      0.0007178261366988061,
      0.0007178261366988159,
      0.00634348677860587,
      0.01698518044075048
    ],
    [
      0.016985180440750473,
      0.03148971449194896,
      0.04828529760671933,
      0.06555186774425256,
      0.08141832411170671,
      0.09416528996823123,
      0.10241143377371764,
      0.10526315789473684,
      0.1024114337737176,
      0.09416528996823122,
      0.08141832411170669,
      0.06555186774425259,
      0.048285297606719325,
      0.03148971449194894,
      0.016985180440750466,
      0.006343486778605835,
      0.0007178261366988205,
      0.0007178261366988398,
      0.0063434867786058245
    ],
    [
      0.006343486778605878,
      0.01698518044075048,
      0.03148971449194898,
      0.048285297606719346,
      0.0655518677442526,
      0.08141832411170666,
      0.09416528996823123,
      0.10241143377371756,
      0.10526315789473681,
      0.10241143377371761,
      0.09416528996823124,
      0.08141832411170667,
      0.0655518677442526,
      0.04828529760671932,
      0.03148971449194897,
      0.016985180440750473,
      0.00634348677860586,
      0.0007178261366988746,
      0.0007178261366988385
    ],
    [
      0.0007178261366988207,
      0.0063434867786058375,
      0.01698518044075048,
      0.03148971449194896,
      0.04828529760671939,
      0.06555186774425256,
      0.08141832411170667,
      0.09416528996823124,
      0.10241143377371763,
      0.10526315789473684,
      0.10241143377371761,
      0.09416528996823127,
      0.08141832411170669,
      0.06555186774425258,
      0.04828529760671935,
      0.03148971449194899,
      0.016985180440750487,
      0.00634348677860581,
      0.0007178261366988222
    ],
    [
      0.0007178261366988554,
      0.0007178261366988238,
      0.006343486778605858,
      0.01698518044075048,
      0.03148971449194894,
      0.04828529760671936,
      0.06555186774425262,
      0.08141832411170667,
      0.09416528996823126,
      0.10241143377371761,
      0.10526315789473688,
      0.10241143377371764,
      0.09416528996823124,
      0.0814183241117067,
      0.06555186774425258,
      0.048285297606719374,
      0.031489714491949,
      0.016985180440750418,
      0.006343486778605824
    ],
    [
      0.006343486778605837,
      0.0007178261366988304,
      0.0007178261366988755,
      0.006343486778605825,
      0.016985180440750477,
      0.03148971449194896,
      0.04828529760671934,
      0.06555186774425262,
      0.08141832411170671,
      0.09416528996823129,
      0.10241143377371763,
      0.10526315789473685,
      0.10241143377371764,
      0.09416528996823122,
      0.08141832411170662,
      0.06555186774425256,
      0.04828529760671935,
      0.03148971449194891,
      0.01698518044075048
    ],
    [
      0.016985180440750484,
      0.006343486778605839,
      0.0007178261366988508,
      0.0007178261366988257,
      0.006343486778605828,
      0.01698518044075048,
      0.031489714491948984,
      0.04828529760671935,
      0.0655518677442526,
      0.08141832411170669,
      0.09416528996823124,
      0.1024114337737176,
      0.10526315789473684,
      0.10241143377371761,
      0.0941652899682312,
      0.0814183241117067,
      0.06555186774425262,
      0.04828529760671932,
      0.03148971449194899
    ],
    [
      0.03148971449194896,
      0.016985180440750484,
      0.006343486778605872,
      0.0007178261366988185,
      0.0007178261366988439,
      0.006343486778605827,
      0.016985180440750442,
      0.03148971449194897,
      0.04828529760671937,
      0.06555186774425259,
      0.0814183241117067,
      0.09416528996823124,
      0.10241143377371761,
      0.10526315789473688,
      0.10241143377371763,
      0.09416528996823129,
      0.08141832411170671,
      0.06555186774425258,
      0.04828529760671939
    ],
    [
      0.04828529760671929,
      0.03148971449194895,
      0.016985180440750466,
      0.006343486778605823,
      0.0007178261366988347,
      0.0007178261366988073,
      0.006343486778605809,
      0.016985180440750453,
      0.031489714491948984,
      0.048285297606719374,
      0.06555186774425262,
      0.08141832411170666,
      0.09416528996823123,
      0.10241143377371764,
      0.10526315789473681,
      0.10241143377371761,
      0.09416528996823122,
      0.08141832411170664,
      0.06555186774425256
    ],
    [
      0.06555186774425256,
      0.04828529760671931,
      0.03148971449194897,
      0.016985180440750466,
      0.006343486778605834,
      0.0007178261366988411,
      0.0007178261366988119,
      0.00634348677860584,
      0.016985180440750494,
      0.03148971449194903,
      0.048285297606719374,
      0.0655518677442526,
      0.0814183241117067,
      0.09416528996823131,
      0.10241143377371761,
      0.10526315789473686,
      0.10241143377371761,
      0.09416528996823122,
      0.08141832411170667
    ],
    [
      0.08141832411170666,
      0.06555186774425253,
      0.04828529760671934,
      0.03148971449194896,
      0.016985180440750473,
      0.0063434867786058315,
      0.0007178261366988066,
      0.0007178261366988232,
      0.0063434867786058375,
      0.016985180440750473,
      0.03148971449194899,
      0.048285297606719325,
      0.0655518677442526,
      0.08141832411170674,
      0.09416528996823122,
      0.10241143377371761,
      0.10526315789473684,
      0.10241143377371759,
      0.09416528996823123
    ],
    [
      0.09416528996823126,
      0.08141832411170669,
      0.06555186774425263,
      0.04828529760671935,
      0.03148971449194902,
      0.016985180440750456,
      0.006343486778605823,
      0.0007178261366988521,
      0.0007178261366988228,
      0.0063434867786058185,
      0.016985180440750463,
      0.03148971449194889,
      0.04828529760671932,
      0.06555186774425259,
      0.08141832411170656,
      0.0941652899682312,
      0.1024114337737176,
      0.10526315789473682,
      0.10241143377371763
    ],
    [
      0.1024114337737176,
      0.09416528996823122,
      0.08141832411170669,
      0.06555186774425258,
      0.048285297606719374,
      0.03148971449194894,
      0.01698518044075047,
      0.006343486778605826,
      0.0007178261366988145,
      0.0007178261366988175,
      0.006343486778605864,
      0.01698518044075046,
      0.03148971449194901,
      0.0482852976067194,
      0.06555186774425255,
      0.08141832411170666,
      0.09416528996823124,
      0.10241143377371763,
      0.10526315789473682
    ]
  ],
  "A": [
    [
      1.0246936122081057e-13,
      0.22430151268705412,
      0.006155192565915825,
      5.576170745908012e-05,
      0.0018102224384323826,
      0.1676066110575279,
      0.11333735173397537,
      3.858708850854031e-18,
      0.09495400859012702,
      0.004503504056910207,
      0.3818128292813719
    ],
    [
      0.0,
      0.05294028693217253,
      0.0,
      0.0,
      1.375179486016687e-13,
      0.02211618108006932,
      0.18632779550162376,
      0.0,
      0.2648512118362434,
      0.06306992583099141,
      0.5040165100646244
    ],
    [
      8.804390013338053e-15,
      0.2777291203008235,
      0.0023200517481471983,
      0.0014361025760221188,
      0.16403482080580728,
      0.0019496137101012163,
      0.1057421102054768,
      0.0,
      0.17318768457786335,
      0.0,
      0.1647107302901638
    ],
    [
      9.181507424715208e-15,
      0.3545745929780932,
      2.0319867202402778e-16,
      0.028587228858842625,
      0.23158001301102635,
      3.15595420028196e-16,
      0.03737392979602937,
      4.583381026061259e-15,
      0.1419496741210797,
      1.95999051924432e-14,
      6.154834598279054e-17
    ],
    [
      6.980962585901977e-19,
      0.2575848606255233,
      2.123894326489747e-16,
      0.07654453416996063,
      0.19200810915930627,
      3.094228649033568e-16,
      5.946397570861387e-15,
      1.3559074826356686e-13,
      0.19277680235661163,
      0.0712245240304156,
      0.033462407857462365
    ],
    [
      1.4135723216329413e-12,
      0.006462973302046206,
      9.843151637249048e-17,
      0.1368439876150753,
      0.0624712182923903,
      0.0,
      0.00032879181148739653,
      0.010261600329812763,
      0.30316679520500295,
      0.183117066217658,
      0.26255527657318306
    ],
    [
      0.03517642151222866,
      0.006298100705854465,
      0.0,
      0.1427485639743513,
      0.13896942941992083,
      0.0,
      7.284378322417586e-05,
      0.11640229010172813,
      0.13740978360025222,
      0.0027848843838467886,
      0.29517728401507
    ],
    [
      0.3485499173885996,
      0.0008003504170803233,
      0.005617734689486138,
      0.11783215262103656,
      0.16113207222542775,
      0.00013301403478813479,
      1.324827369386812e-05,
      0.003287079450114518,
      0.04706204144154343,
      1.5672174849336909e-13,
      0.16790582771366036
    ],
    [
      0.41771728688005705,
      0.0,
      0.06494723523983069,
      0.11808315583233152,
      0.1559782272704842,
      1.28105007762536e-17,
      0.0,
      1.1576570304058584e-12,
      6.430878864743417e-14,
      1.2504044769332746e-15,
      0.062450714174767094
    ],
    [
      0.23769353157167208,
      4.489691937247266e-14,
      0.16862649667671908,
      0.14390656156788562,
      0.12158330351721663,
      0.0023402958732428253,
      1.1853077031436385e-13,
      0.10657690578921424,
      2.992113341149078e-14,
      0.0018431935788894172,
      4.478066914397125e-13
    ],
    [
      0.02002456473431522,
      0.0,
      0.25686039516996373,
      0.169916019337638,
      0.06603681623478838,
      0.03174536286329564,
      1.1426119846613317e-16,
      0.22177337077366424,
      0.00032780158786329555,
      4.719865583160987e-17,
      0.0
    ],
    [
      1.2177466518291383e-13,
      0.0,
      0.2969427208902694,
      0.164538076164617,
      6.795736719326669e-15,
      0.07599368436505918,
      0.00951632777588922,
      0.21266620913562412,
      0.0,
      0.037371952653881504,
      0.0
    ],
    [
      0.02448499151855754,
      0.0,
      0.33863160091493927,
      0.11747145897641853,
      1.3866468609947083e-14,
      0.03196450932949115,
      0.08668953581296623,
      0.2154104899045037,
      0.0,
      0.0033737508343157406,
      0.0
    ],
    [
      0.20903103546422033,
      0.004390247977152489,
      0.3303840188306549,
      0.04837367404095973,
      0.0,
      4.992397392249895e-17,
      0.16350584694455378,
      0.11570852332727088,
      0.0,
      2.2404615796166645e-13,
      0.0
    ],
    [
      0.2785273817087308,
      0.04933469504653282,
      0.3114524985099683,
      0.0007171743199919947,
      2.3919664132475437e-05,
      3.5543581251755523e-13,
      0.20375265226556036,
      0.051322317698768695,
      0.004919401726825633,
      1.9124618572598036e-05,
      0.0020414281342857185
    ],
    [
      0.03337746383513284,
      0.12648950936758438,
      0.33321149052058807,
      9.995325832657572e-17,
      0.0,
      8.308437913133613e-14,
      0.20931150272714577,
      0.12461955309099701,
      0.05963038919521209,
      2.55919739647237e-16,
      1.0823095195474905e-16
    ],
    [
      0.0070664810002051,
      0.27474691627502723,
      0.24560635136122003,
      8.97130315829359e-16,
      3.3874721356775655e-15,
      0.12969311809148407,
      0.1320812505587183,
      0.07069156409444576,
      4.598046224313445e-16,
      1.5493831324639094e-05,
      1.4959085054521805e-13
    ],
    [
      1.8985181514903047e-13,
      0.36178244620701083,
      0.1655009030107516,
      4.759321313204767e-16,
      1.5448569664258627e-15,
      0.2031716154691243,
      0.0797226389014654,
      0.00854025938333254,
      6.181477431754384e-14,
      0.029174564040648752,
      0.015376019443302054
    ],
    [
      5.5289223680337605e-15,
      0.32877812070215545,
      0.06657701646710291,
      6.697789410115682e-16,
      9.862565675664858e-14,
      0.22635232501179378,
      0.07774058341161595,
      2.2973787820772117e-15,
      0.010773264644927326,
      1.4867967338558721e-13,
      0.2070436692825098
    ]
  ],
  "B": [
    [
      0.0018332623954255437,
      0.02536455794063736,
      0.026670396181512054,
      0.0007409877240461943,
      2.923039678947574e-14,
      0.0007420285234046913,
      0.021506311571246026,
      0.058089314632459796,
      0.09597964844148325,
      0.12550068464092157,
      0.10891956196575246,
      0.10967524812022794,
      0.12519732904490163,
      0.07549335833864318,
      0.04462347338750843,
      0.015446282012242041,
      0.00027505343769853994,
      0.0,
      0.0
    ],
    [
      0.1990582938148475,
      0.20624898197259264,
      0.17505759413547323,
      0.1145852090773207,
      2.0959963556656697e-14,
      0.0036763761814487517,
      1.6941622475699703e-16,
      0.0008335922429206797,
      6.6594274076357035e-16,
      1.2224821037190336e-15,
      4.7979204276883915e-17,
      6.300123812198428e-16,
      2.6164011403968743e-14,
      5.2942570236561565e-18,
      0.002267312725095733,
      0.023889106302757125,
      0.05709962608316161,
      0.09905049468170253,
      0.11786164991714902
    ],
    [
      0.0003780523598748126,
      1.6288582923656798e-16,
      0.0,
      8.48031211630054e-14,
      6.283610640961248e-16,
      1.0959105005264517e-13,
      2.836775677715509e-17,
      2.7041591583110147e-08,
      0.00011863015992530962,
      0.010781891030319228,
      0.0952804303228555,
      0.14477143574046755,
      0.15763380325855256,
      0.23728094996159146,
      0.19537489872297897,
      0.16217782615868193,
      0.09590234564800763,
      0.008600032622545545,
      3.4148068507554054e-16
    ],
    [
      3.4249696920842873e-13,
      3.6992466525668276e-13,
      0.0,
      0.0012378473247875764,
      0.014839189927246933,
      0.12759501334386952,
      0.25819196311999404,
      0.3974527135058995,
      0.39220575222147636,
      0.28410636309548093,
      0.3140724470635287,
      0.2218993246834484,
      0.02511002868415064,
      4.430547632385236e-16,
      0.0012220697435390254,
      5.183270115823418e-16,
      4.5372402105348535e-15,
      1.0001309728946809e-16,
      0.0
    ],
    [
      0.00018406335698298738,
      0.0025499370380763237,
      0.08726853212109156,
      0.253592674208334,
      0.37519041806274317,
      0.38289709574582964,
      0.31970518703163403,
      0.18986737906711176,
      0.12085149461574436,
      0.10090638033070644,
      0.03457431154853467,
      1.1041636571766044e-12,
      1.0375905162891966e-13,
      5.780804395617262e-17,
      4.9847564946663614e-05,
      7.568045146529682e-16,
      7.197404357970963e-16,
      8.582429954493815e-15,
      3.540742692315579e-16
    ],
    [
      0.017729161539088035,
      5.354300816973961e-14,
      0.0,
      1.5820066220031255e-13,
      0.13094971289537927,
      0.04105933030999446,
      0.0043455144284247306,
      3.0712236155743987e-13,
      2.106027780573469e-14,
      2.427130476533266e-16,
      0.0,
      0.03245705640137433,
      0.09199419592336654,
      0.11730944297968221,
      0.17834559684209228,
      0.19905055251524248,
      0.20154278651516827,
      0.18273287086413886,
      0.179343728454695
    ],
    [
      0.18413829589586497,
      0.06591639782807295,
      4.120587057743722e-15,
      1.7352801561268598e-13,
      1.8699852912652366e-15,
      1.3602901853273967e-14,
      5.79198984020206e-17,
      0.00020580279001349087,
      0.000271197017995093,
      6.046736447130017e-16,
      2.9309928000782077e-16,
      0.0,
      2.478711787776041e-13,
      0.019206600446228274,
      0.1466498257825037,
      0.2278248592885187,
      0.3008417331452928,
      0.35223774546476466,
      0.2901682454402431
    ],
    [
      3.148839905603432e-16,
      1.8057632928051852e-15,
      0.0,
      1.462047067475952e-13,
      7.955811780055164e-13,
      7.761076381527132e-13,
      1.580846156690864e-14,
      0.0007231820304225958,
      0.07922150437889089,
      0.19024438268452956,
      0.10352552501543683,
      0.10954685593080651,
      0.19831687432654974,
      0.0686939690251253,
      0.0387856014437201,
      0.0,
      0.0020410177007411097,
      0.040470374503951835,
      0.002797123324693393
    ],
    [
      0.02756408910010617,
      0.12666863779142395,
      0.14181653396527355,
      0.04136517145072841,
      0.10638010021576176,
      0.0038241589563678315,
      4.900841095137838e-17,
      0.06986309563649722,
      0.06394023565449432,
      6.619187977577381e-17,
      2.1086741718152512e-13,
      0.0,
      4.9267619499948627e-14,
      0.0,
      8.591574057229069e-05,
      5.703571831885576e-16,
      1.5223368185823355e-13,
      1.1292100714195792e-12,
      0.09099276657736288
    ],
    [
      0.08379551973842057,
      0.002422781863475838,
      0.019207616560555633,
      0.16428934869931952,
      0.12287871525397623,
      0.1973465702591592,
      0.14643754669681944,
      4.762026483484859e-13,
      3.079214252686893e-13,
      0.10057863070253763,
      0.011381433023431111,
      2.75440413165983e-16,
      0.061687752309218725,
      2.416143975139631e-16,
      0.00013377555954452715,
      0.0026678263382838726,
      0.0319718698764667,
      0.08270272504576368,
      3.3826015651962824e-17
    ],
    [
      0.08846076663702693,
      0.09595136797321417,
      0.10787767780179008,
      0.1324991978715819,
      0.08451581601708481,
      0.1011667198371868,
      0.07728593297202699,
      0.025602160444263812,
      3.27341303775364e-14,
      6.314514042260901e-17,
      0.0,
      0.0,
      0.0008299024179029767,
      0.02145171799193096,
      0.00013735252390808815,
      4.980901831772987e-16,
      1.222608315720003e-13,
      0.002550455938712698,
      0.011494282270028919
    ]
  ],
  "M": [
    [
      0.10526315789473684,
      0.1024114337737176,
      0.09416528996823123,
      0.08141832411170669,
      0.0655518677442526,
      0.04828529760671935,
      0.031489714491948984,
      0.016985180440750477,
      0.006343486778605843,
      0.0007178261366988237,
      0.0007178261366988217,
      0.006343486778605825,
      0.016985180440750466,
      0.03148971449194899,
      0.04828529760671932,
      0.06555186774425256,
      0.08141832411170666,
      0.09416528996823126,
      0.1024114337737176
    ],
    [
      0.1024114337737176,
      0.10526315789473682,
      0.1024114337737176,
      0.09416528996823123,
      0.08141832411170669,
      0.06555186774425258,
      0.04828529760671935,
      0.031489714491948984,
      0.01698518044075047,
      0.006343486778605841,
      0.0007178261366988231,
      0.0007178261366988178,
      0.006343486778605835,
      0.01698518044075048,
      0.03148971449194895,
      0.04828529760671932,
      0.06555186774425256,
      0.0814183241117067,
      0.09416528996823122
    ],
    [
      0.09416528996823123,
      0.1024114337737176,
      0.10526315789473682,
      0.1024114337737176,
      0.09416528996823126,
      0.08141832411170669,
      0.0655518677442526,
      0.04828529760671934,
      0.031489714491948984,
      0.01698518044075047,
      0.006343486778605839,
      0.0007178261366988265,
      0.0007178261366988231,
      0.0063434867786058445,
      0.016985180440750453,
      0.031489714491948956,
      0.04828529760671932,
      0.06555186774425263,
      0.08141832411170666
    ],
    [
      0.08141832411170669,
      0.09416528996823123,
      0.1024114337737176,
      0.10526315789473684,
      0.10241143377371763,
      0.09416528996823126,
      0.08141832411170669,
      0.0655518677442526,
      0.04828529760671935,
      0.031489714491948984,
      0.016985180440750477,
      0.006343486778605851,
      0.0007178261366988231,
      0.0007178261366988251,
      0.006343486778605827,
      0.016985180440750456,
      0.031489714491948956,
      0.048285297606719374,
      0.06555186774425256
    ],
    [
      0.0655518677442526,
      0.08141832411170669,
      0.09416528996823126,
      0.10241143377371763,
      0.10526315789473689,
      0.1024114337737176,
      0.09416528996823126,
      0.0814183241117067,
      0.0655518677442526,
      0.04828529760671935,
      0.031489714491948984,
      0.01698518044075048,
      0.006343486778605835,
      0.0007178261366988193,
      0.0007178261366988203,
      0.006343486778605831,
      0.016985180440750466,
      0.03148971449194902,
      0.04828529760671934
    ],
    [
      0.04828529760671935,
      0.06555186774425258,
      0.08141832411170669,
      0.09416528996823126,
      0.1024114337737176,
      0.10526315789473684,
      0.1024114337737176,
      0.09416528996823123,
      0.08141832411170669,
      0.0655518677442526,
      0.04828529760671935,
      0.03148971449194899,
      0.016985180440750463,
      0.006343486778605827,
      0.0007178261366988261,
      0.0007178261366988203,
      0.006343486778605833,
      0.01698518044075049,
      0.031489714491948956
    ],
    [
      0.031489714491948984,
      0.04828529760671935,
      0.0655518677442526,
      0.08141832411170669,
      0.09416528996823126,
      0.1024114337737176,
      0.10526315789473684,
      0.1024114337737176,
      0.09416528996823126,
      0.08141832411170669,
      0.06555186774425258,
      0.048285297606719374,
      0.031489714491948956,
      0.016985180440750456,
      0.006343486778605841,
      0.0007178261366988251,
      0.0007178261366988203,
      0.006343486778605856,
      0.016985180440750463
    ],
    [
      0.016985180440750477,
      0.031489714491948984,
      0.04828529760671934,
      0.0655518677442526,
      0.0814183241117067,
      0.09416528996823123,
      0.1024114337737176,
      0.10526315789473684,
      0.1024114337737176,
      0.09416528996823126,
      0.08141832411170669,
      0.0655518677442526,
      0.04828529760671934,
      0.031489714491948956,
      0.01698518044075047,
      0.006343486778605841,
      0.0007178261366988241,
      0.000717826136698829,
      0.006343486778605835
    ],
    [
      0.006343486778605843,
      0.01698518044075047,
      0.031489714491948984,
      0.04828529760671935,
      0.0655518677442526,
      0.08141832411170669,
      0.09416528996823126,
      0.1024114337737176,
      0.10526315789473684,
      0.10241143377371763,
      0.09416528996823126,
      0.0814183241117067,
      0.06555186774425256,
      0.04828529760671934,
      0.031489714491948984,
      0.016985180440750477,
      0.006343486778605841,
      0.0007178261366988154,
      0.0007178261366988212
    ],
    [
      0.0007178261366988237,
      0.006343486778605841,
      0.01698518044075047,
      0.031489714491948984,
      0.04828529760671935,
      0.0655518677442526,
      0.08141832411170669,
      0.09416528996823126,
      0.10241143377371763,
      0.10526315789473684,
      0.1024114337737176,
      0.09416528996823126,
      0.08141832411170669,
      0.06555186774425258,
      0.048285297606719374,
      0.031489714491948984,
      0.016985180440750477,
      0.00634348677860582,
      0.0007178261366988237
    ],
    [
      0.0007178261366988217,
      0.0007178261366988231,
      0.006343486778605839,
      0.016985180440750477,
      0.031489714491948984,
      0.04828529760671935,
      0.06555186774425258,
      0.08141832411170669,
      0.09416528996823126,
      0.1024114337737176,
      0.10526315789473684,
      0.10241143377371763,
      0.09416528996823123,
      0.08141832411170669,
      0.0655518677442526,
      0.04828529760671935,
      0.031489714491948984,
      0.016985180440750442,
      0.006343486778605843
    ],
    [
      0.006343486778605825,
      0.0007178261366988178,
      0.0007178261366988265,
      0.006343486778605851,
      0.01698518044075048,
      0.03148971449194899,
      0.048285297606719374,
      0.0655518677442526,
      0.0814183241117067,
      0.09416528996823126,
      0.10241143377371763,
      0.10526315789473684,
      0.1024114337737176,
      0.09416528996823122,
      0.08141832411170666,
      0.06555186774425256,
      0.04828529760671934,
      0.031489714491948914,
      0.016985180440750463
    ],
    [
      0.016985180440750466,
      0.006343486778605835,
      0.0007178261366988231,
      0.0007178261366988231,
      0.006343486778605835,
      0.016985180440750463,
      0.031489714491948956,
      0.04828529760671934,
      0.06555186774425256,
      0.08141832411170669,
      0.09416528996823123,
      0.1024114337737176,
      0.10526315789473682,
      0.1024114337737176,
      0.09416528996823122,
      0.08141832411170669,
      0.0655518677442526,
      0.04828529760671931,
      0.031489714491948984
    ],
    [
      0.03148971449194899,
      0.01698518044075048,
      0.0063434867786058445,
      0.0007178261366988251,
      0.0007178261366988193,
      0.006343486778605827,
      0.016985180440750456,
      0.031489714491948956,
      0.04828529760671934,
      0.06555186774425258,
      0.08141832411170669,
      0.09416528996823122,
      0.1024114337737176,
      0.10526315789473684,
      0.1024114337737176,
      0.09416528996823129,
      0.0814183241117067,
      0.06555186774425256,
      0.04828529760671938
    ],
    [
      0.04828529760671932,
      0.03148971449194895,
      0.016985180440750453,
      0.006343486778605827,
      0.0007178261366988203,
      0.0007178261366988261,
      0.006343486778605841,
      0.01698518044075047,
      0.031489714491948984,
      0.048285297606719374,
      0.0655518677442526,
      0.08141832411170666,
      0.09416528996823122,
      0.1024114337737176,
      0.1052631578947368,
      0.10241143377371759,
      0.09416528996823122,
      0.08141832411170662,
      0.06555186774425256
    ],
    [
      0.06555186774425256,
      0.04828529760671932,
      0.031489714491948956,
      0.016985180440750456,
      0.006343486778605831,
      0.0007178261366988203,
      0.0007178261366988251,
      0.006343486778605841,
      0.016985180440750477,
      0.031489714491948984,
      0.04828529760671935,
      0.06555186774425256,
      0.08141832411170669,
      0.09416528996823129,
      0.10241143377371759,
      0.10526315789473684,
      0.1024114337737176,
      0.09416528996823122,
      0.08141832411170666
    ],
    [
      0.08141832411170666,
      0.06555186774425256,
      0.04828529760671932,
      0.031489714491948956,
      0.016985180440750466,
      0.006343486778605833,
      0.0007178261366988203,
      0.0007178261366988241,
      0.006343486778605841,
      0.016985180440750477,
      0.031489714491948984,
      0.04828529760671934,
      0.0655518677442526,
      0.0814183241117067,
      0.09416528996823122,
      0.1024114337737176,
      0.10526315789473682,
      0.10241143377371759,
      0.09416528996823123
    ],
    [
      0.09416528996823126,
      0.0814183241117067,
      0.06555186774425263,
      0.048285297606719374,
      0.03148971449194902,
      0.01698518044075049,
      0.006343486778605856,
      0.000717826136698829,
      0.0007178261366988154,
      0.00634348677860582,
      0.016985180440750442,
      0.031489714491948914,
      0.04828529760671931,
      0.06555186774425256,
      0.08141832411170662,
      0.09416528996823122,
      0.10241143377371759,
      0.10526315789473684,
      0.10241143377371763
    ],
    [
      0.1024114337737176,
      0.09416528996823122,
      0.08141832411170666,
      0.06555186774425256,
      0.04828529760671934,
      0.031489714491948956,
      0.016985180440750463,
      0.006343486778605835,
      0.0007178261366988212,
      0.0007178261366988237,
      0.006343486778605843,
      0.016985180440750463,
      0.031489714491948984,
      0.04828529760671938,
      0.06555186774425256,
      0.08141832411170666,
      0.09416528996823123,
      0.10241143377371763,
      0.10526315789473684
    ]
  ],
  "score": 1.4400772697858122e-16
}