{
  "k": 3,
  "M_approx": [
    [
      0.14999999999999997,
      0.1472908620850317,
      0.1394570254698197,
      0.12734740790612134,
      0.11227427435703996,
      0.09587103272638339,
      0.07991522876735156,
      0.06613592141871297,
      0.056026312439675555,
      0.05068193482986388,
      0.05068193482986391,
      0.05602631243967554,
      0.06613592141871294,
      0.07991522876735153,
      0.09587103272638335,
      0.11227427435703989,
      0.1273474079061213,
      0.1394570254698197,
      0.1472908620850317
    ],
    [
      0.14729086208503173,
      0.14999999999999997,
      0.14729086208503173,
      0.1394570254698197,
      0.12734740790612137,
      0.11227427435703996,
      0.0958710327263834,
      0.07991522876735155,
      0.06613592141871294,
      0.05602631243967554,
      0.05068193482986389,
      0.05068193482986387,
      0.056026312439675534,
      0.06613592141871294,
      0.07991522876735149,
      0.09587103272638332,
      0.11227427435703993,
      0.12734740790612137,
      0.13945702546981964
    ],
    [
      0.13945702546981967,
      0.1472908620850317,
      0.15,
      0.14729086208503175,
      0.1394570254698197,
      0.12734740790612134,
      0.11227427435704,
      0.09587103272638342,
      0.07991522876735155,
      0.06613592141871297,
      0.05602631243967556,
      0.0506819348298639,
      0.05068193482986388,
      0.05602631243967555,
      0.06613592141871291,
      0.07991522876735146,
      0.09587103272638334,
      0.11227427435703996,
      0.12734740790612128
    ],
    [
      0.12734740790612137,
      0.13945702546981967,
      0.14729086208503173,
      0.15000000000000002,
      0.14729086208503175,
      0.13945702546981967,
      0.12734740790612137,
      0.11227427435703999,
      0.0958710327263834,
      0.07991522876735153,
      0.06613592141871295,
      0.05602631243967557,
      0.050681934829863884,
      0.050681934829863884,
      0.056026312439675534,
      0.06613592141871291,
      0.07991522876735152,
      0.09587103272638342,
      0.11227427435703993
    ],
    [
      0.11227427435704,
      0.12734740790612137,
      0.1394570254698197,
      0.14729086208503178,
      0.15000000000000005,
      0.14729086208503173,
      0.1394570254698197,
      0.12734740790612137,
      0.11227427435703996,
      0.09587103272638338,
      0.0799152287673515,
      0.06613592141871295,
      0.05602631243967552,
      0.05068193482986388,
      0.05068193482986387,
      0.05602631243967554,
      0.06613592141871295,
      0.07991522876735159,
      0.09587103272638338
    ],
    [
      0.09587103272638342,
      0.11227427435703997,
      0.12734740790612134,
      0.1394570254698197,
      0.14729086208503175,
      0.15,
      0.14729086208503173,
      0.13945702546981967,
      0.12734740790612134,
      0.11227427435703997,
      0.09587103272638334,
      0.07991522876735153,
      0.06613592141871291,
      0.056026312439675534,
      0.05068193482986386,
      0.050681934829863884,
      0.05602631243967555,
      0.06613592141871298,
      0.0799152287673515
    ],
    [
      0.07991522876735155,
      0.09587103272638339,
      0.11227427435703995,
      0.12734740790612137,
      0.1394570254698197,
      0.14729086208503173,
      0.15,
      0.14729086208503175,
      0.1394570254698197,
      0.12734740790612137,
      0.11227427435703992,
      0.09587103272638342,
      0.0799152287673515,
      0.06613592141871295,
      0.05602631243967555,
      0.050681934829863905,
      0.0506819348298639,
      0.056026312439675575,
      0.06613592141871294
    ],
    [
      0.06613592141871294,
      0.07991522876735152,
      0.09587103272638337,
      0.11227427435703996,
      0.12734740790612137,
      0.13945702546981967,
      0.14729086208503175,
      0.15000000000000002,
      0.14729086208503178,
      0.13945702546981975,
      0.12734740790612134,
      0.11227427435704002,
      0.09587103272638338,
      0.07991522876735153,
      0.06613592141871295,
      0.05602631243967557,
      0.050681934829863884,
      0.05068193482986387,
      0.05602631243967551
    ],
    [
      0.056026312439675575,
      0.066135921418713,
      0.07991522876735153,
      0.09587103272638342,
      0.11227427435703999,
      0.12734740790612134,
      0.1394570254698197,
      0.14729086208503175,
      0.15000000000000002,
      0.14729086208503178,
      0.13945702546981964,
      0.1273474079061214,
      0.11227427435703995,
      0.09587103272638339,
      0.07991522876735155,
      0.06613592141871298,
      0.05602631243967559,
      0.05068193482986389,
      0.0506819348298639
    ],
    [
      0.05068193482986392,
      0.056026312439675596,
      0.06613592141871295,
      0.07991522876735155,
      0.09587103272638339,
      0.11227427435703992,
      0.1273474079061213,
      0.13945702546981967,
      0.14729086208503173,
      0.15000000000000005,
      0.1472908620850317,
      0.13945702546981972,
      0.12734740790612134,
      0.11227427435703999,
      0.09587103272638343,
      0.0799152287673516,
      0.06613592141871302,
      0.056026312439675575,
      0.05068193482986393
    ],
    [
      0.05068193482986386,
      0.050681934829863884,
      0.05602631243967552,
      0.06613592141871295,
      0.07991522876735153,
      0.09587103272638338,
      0.11227427435703995,
      0.12734740790612137,
      0.13945702546981972,
      0.1472908620850318,
      0.15000000000000002,
      0.1472908620850318,
      0.1394570254698197,
      0.12734740790612137,
      0.11227427435703999,
      0.09587103272638342,
      0.07991522876735156,
      0.06613592141871291,
      0.05602631243967555
    ],
    [
      0.05602631243967553,
      0.050681934829863884,
      0.05068193482986388,
      0.05602631243967556,
      0.06613592141871297,
      0.07991522876735152,
      0.09587103272638338,
      0.11227427435703995,
      0.12734740790612137,
      0.13945702546981972,
      0.14729086208503173,
      0.15000000000000002,
      0.1472908620850317,
      0.13945702546981967,
      0.12734740790612134,
      0.11227427435703996,
      0.0958710327263834,
      0.07991522876735148,
      0.06613592141871294
    ],
    [
      0.06613592141871293,
      0.056026312439675555,
      0.05068193482986387,
      0.050681934829863884,
      0.05602631243967555,
      0.06613592141871293,
      0.0799152287673515,
      0.09587103272638335,
      0.11227427435703995,
      0.12734740790612137,
      0.13945702546981967,
      0.14729086208503175,
      0.14999999999999997,
      0.14729086208503175,
      0.1394570254698197,
      0.12734740790612134,
      0.11227427435704,
      0.09587103272638335,
      0.07991522876735155
    ],
    [
      0.0799152287673515,
      0.06613592141871295,
      0.05602631243967554,
      0.05068193482986388,
      0.05068193482986388,
      0.05602631243967553,
      0.06613592141871291,
      0.07991522876735149,
      0.09587103272638337,
      0.11227427435703997,
      0.12734740790612137,
      0.1394570254698197,
      0.14729086208503173,
      0.15000000000000002,
      0.14729086208503175,
      0.1394570254698197,
      0.1273474079061214,
      0.11227427435703993,
      0.0958710327263834
    ],
    [
      0.09587103272638334,
      0.07991522876735152,
      0.06613592141871295,
      0.05602631243967554,
      0.05068193482986389,
      0.05068193482986389,
      0.056026312439675555,
      0.06613592141871294,
      0.07991522876735153,
      0.0958710327263834,
      0.11227427435703999,
      0.12734740790612134,
      0.13945702546981967,
      0.14729086208503173,
      0.15,
      0.1472908620850317,
      0.13945702546981967,
      0.12734740790612128,
      0.11227427435703995
    ],
    [
      0.11227427435703993,
      0.09587103272638338,
      0.07991522876735153,
      0.06613592141871295,
      0.05602631243967555,
      0.05068193482986389,
      0.05068193482986389,
      0.05602631243967555,
      0.06613592141871295,
      0.07991522876735155,
      0.09587103272638343,
      0.11227427435703997,
      0.12734740790612137,
      0.13945702546981972,
      0.14729086208503175,
      0.15,
      0.14729086208503175,
      0.13945702546981967,
      0.12734740790612137
    ],
    [
      0.1273474079061213,
      0.11227427435703993,
      0.09587103272638338,
      0.07991522876735149,
      0.06613592141871293,
      0.05602631243967551,
      0.050681934829863856,
      0.05068193482986385,
      0.05602631243967552,
      0.06613592141871294,
      0.07991522876735156,
      0.09587103272638339,
      0.11227427435703997,
      0.1273474079061214,
      0.1394570254698197,
      0.14729086208503173,
      0.15000000000000002,
      0.14729086208503175,
      0.13945702546981967
    ],
    [
      0.1394570254698197,
      0.12734740790612134,
      0.11227427435704002,
      0.09587103272638342,
      0.07991522876735158,
      0.066135921418713,
      0.056026312439675596,
      0.050681934829863905,
      0.050681934829863884,
      0.05602631243967554,
      0.06613592141871297,
      0.07991522876735149,
      0.09587103272638335,
      0.11227427435703995,
      0.1273474079061213,
      0.1394570254698196,
      0.14729086208503173,
      0.15,
      0.14729086208503173
    ],
    [
      0.1472908620850317,
      0.13945702546981964,
      0.12734740790612134,
      0.11227427435703993,
      0.09587103272638337,
      0.07991522876735153,
      0.06613592141871297,
      0.056026312439675555,
      0.05068193482986389,
      0.0506819348298639,
      0.0560263124396756,
      0.06613592141871297,
      0.07991522876735155,
      0.09587103272638342,
      0.11227427435703996,
      0.1273474079061213,
      0.13945702546981967,
      0.14729086208503173,
      0.14999999999999997
    ]
  ],
  "A": [
    [
      0.45759820775475735,
      0.14876101844575984,
      0.08353146711289038
    ],
    [
      0.43992246948429475,
      0.23256323361702724,
      0.03824179195211122
    ],
    [
      0.3996634774733479,
      0.319588690691811,
      0.009354507756147752
    ],
    [
      0.3411839181889275,
      0.4004068310569613,
      2.984828894969857e-14
    ],
    [
      0.27082095928335576,
      0.46625975518126,
      0.01119197474927601
    ],
    [
      0.19619951914784997,
      0.5100112769224405,
      0.04171760787842433
    ],
    [
      0.1254059886920357,
      0.5269202400250392,
      0.08826897338393133
    ],
    [
      0.06611194541560508,
      0.5151542959672942,
      0.14580150849441637
    ],
    [
      0.024742818949436425,
      0.47598846735529454,
      0.20808067032139702
    ],
    [
      0.005781596054273911,
      0.4136669794395969,
      0.2683575453201568
    ],
    [
      0.011283019444495333,
      0.33494333245338787,
      0.32010019879249785
    ],
    [
      0.040650924532391525,
      0.24834845507086362,
      0.35770151136470074
    ],
    [
      0.0907028431116899,
      0.16326624591438518,
      0.3770867973750886
    ],
    [
      0.15601487316878712,
      0.08891668253255575,
      0.3761553602907315
    ],
    [
      0.22950944282643393,
      0.03335669377013747,
      0.3550081357724549
    ],
    [
      0.30322227507647836,
      0.0026070665115890588,
      0.3159367537298114
    ],
    [
      0.36916544077218855,
      1.6256090681777983e-15,
      0.2631752046620783
    ],
    [
      0.42019297469679323,
      0.02581801034471121,
      0.20244102109052947
    ],
    [
      0.45077525177579314,
      0.07726331551716101,
      0.14031569419309872
    ]
  ],
  "B": [
    [
      0.29142215256597037,
      0.2800775699384868,
      0.2541590889454886,
      0.21647537916923612,
      0.17111005528698978,
      0.1229791540569179,
      0.07729840545517967,
      0.03901802740261917,
      0.01228629284249686,
      5.52659194711705e-16,
      0.0034905593460907904,
      0.022379714614009578,
      0.054620532735035705,
      0.09671922079791821,
      0.14411373272259398,
      0.1916681377404009,
      0.23422917818503922,
      0.2671847049217461,
      0.2869634752709148
    ],
    [
      0.06972622313388613,
      0.1096361484280655,
      0.15128580128210684,
      0.1901617955483243,
      0.22205131402476974,
      0.2434986325676584,
      0.2521796014234328,
      0.24715350291745933,
      0.22896499281081387,
      0.1995850783973644,
      0.1621975292801506,
      0.12085386653362028,
      0.0800343175293843,
      0.04416231378261429,
      0.017125143510760454,
      0.0018527036377001275,
      4.0794604743893346e-16,
      0.011767801784465124,
      0.03588088507148915
    ],
    [
      0.07509985801550967,
      0.03373917695512387,
      0.007767755447132039,
      5.125090260684353e-14,
      0.011277667445716968,
      0.04037864752535091,
      0.08414939749909421,
      0.13784667743412832,
      0.19565155385034666,
      0.2512999714529799,
      0.29876156072061666,
      0.3328931220136729,
      0.34999597106030517,
      0.3482167487882653,
      0.3277482615382067,
      0.29080858750497646,
      0.24140071354817444,
      0.1848787494531741,
      0.1273677270583057
    ]
  ],
  "M": [
    [
      0.15,
      0.14729086208503173,
      0.13945702546981967,
      0.12734740790612137,
      0.11227427435703997,
      0.09587103272638339,
      0.07991522876735153,
      0.06613592141871295,
      0.056026312439675555,
      0.050681934829863884,
      0.050681934829863884,
      0.056026312439675534,
      0.06613592141871294,
      0.07991522876735155,
      0.09587103272638335,
      0.11227427435703993,
      0.1273474079061213,
      0.1394570254698197,
      0.14729086208503173
    ],
    [
      0.14729086208503173,
      0.14999999999999997,
      0.14729086208503173,
      0.13945702546981967,
      0.12734740790612137,
      0.11227427435703995,
      0.09587103272638339,
      0.07991522876735153,
      0.06613592141871295,
      0.056026312439675555,
      0.050681934829863884,
      0.05068193482986388,
      0.05602631243967555,
      0.06613592141871295,
      0.0799152287673515,
      0.09587103272638335,
      0.11227427435703993,
      0.12734740790612137,
      0.13945702546981964
    ],
    [
      0.13945702546981967,
      0.14729086208503173,
      0.14999999999999997,
      0.14729086208503173,
      0.1394570254698197,
      0.12734740790612137,
      0.11227427435703997,
      0.09587103272638337,
      0.07991522876735153,
      0.06613592141871295,
      0.05602631243967555,
      0.05068193482986389,
      0.050681934829863884,
      0.056026312439675555,
      0.06613592141871294,
      0.0799152287673515,
      0.09587103272638335,
      0.11227427435704,
      0.1273474079061213
    ],
    [
      0.12734740790612137,
      0.13945702546981967,
      0.14729086208503173,
      0.15,
      0.14729086208503173,
      0.1394570254698197,
      0.12734740790612137,
      0.11227427435703997,
      0.09587103272638339,
      0.07991522876735153,
      0.06613592141871295,
      0.05602631243967556,
      0.050681934829863884,
      0.050681934829863884,
      0.05602631243967554,
      0.06613592141871294,
      0.0799152287673515,
      0.0958710327263834,
      0.11227427435703993
    ],
    [
      0.11227427435703997,
      0.12734740790612137,
      0.1394570254698197,
      0.14729086208503173,
      0.15000000000000005,
      0.14729086208503173,
      0.1394570254698197,
      0.12734740790612137,
      0.11227427435703997,
      0.09587103272638339,
      0.07991522876735153,
      0.06613592141871295,
      0.05602631243967555,
      0.050681934829863884,
      0.050681934829863884,
      0.05602631243967554,
      0.06613592141871294,
      0.07991522876735158,
      0.09587103272638337
    ],
    [
      0.09587103272638339,
      0.11227427435703995,
      0.12734740790612137,
      0.1394570254698197,
      0.14729086208503173,
      0.15,
      0.14729086208503173,
      0.13945702546981967,
      0.12734740790612137,
      0.11227427435703997,
      0.09587103272638339,
      0.07991522876735155,
      0.06613592141871294,
      0.05602631243967554,
      0.05068193482986389,
      0.050681934829863884,
      0.05602631243967554,
      0.06613592141871297,
      0.0799152287673515
    ],
    [
      0.07991522876735153,
      0.09587103272638339,
      0.11227427435703997,
      0.12734740790612137,
      0.1394570254698197,
      0.14729086208503173,
      0.15,
      0.14729086208503173,
      0.1394570254698197,
      0.12734740790612137,
      0.11227427435703995,
      0.0958710327263834,
      0.0799152287673515,
      0.06613592141871294,
      0.056026312439675555,
      0.050681934829863884,
      0.050681934829863884,
      0.05602631243967557,
      0.06613592141871294
    ],
    [
      0.06613592141871295,
      0.07991522876735153,
      0.09587103272638337,
      0.11227427435703997,
      0.12734740790612137,
      0.13945702546981967,
      0.14729086208503173,
      0.15,
      0.14729086208503173,
      0.1394570254698197,
      0.12734740790612137,
      0.11227427435703997,
      0.09587103272638337,
      0.0799152287673515,
      0.06613592141871295,
      0.056026312439675555,
      0.050681934829863884,
      0.05068193482986389,
      0.05602631243967555
    ],
    [
      0.056026312439675555,
      0.06613592141871295,
      0.07991522876735153,
      0.09587103272638339,
      0.11227427435703997,
      0.12734740790612137,
      0.1394570254698197,
      0.14729086208503173,
      0.15,
      0.14729086208503173,
      0.1394570254698197,
      0.12734740790612137,
      0.11227427435703993,
      0.09587103272638337,
      0.07991522876735153,
      0.06613592141871295,
      0.056026312439675555,
      0.05068193482986388,
      0.050681934829863884
    ],
    [
      0.050681934829863884,
      0.056026312439675555,
      0.06613592141871295,
      0.07991522876735153,
      0.09587103272638339,
      0.11227427435703997,
      0.12734740790612137,
      0.1394570254698197,
      0.14729086208503173,
      0.15,
      0.14729086208503173,
      0.1394570254698197,
      0.12734740790612137,
      0.11227427435703995,
      0.0958710327263834,
      0.07991522876735153,
      0.06613592141871295,
      0.056026312439675534,
      0.050681934829863884
    ],
    [
      0.050681934829863884,
      0.050681934829863884,
      0.05602631243967555,
      0.06613592141871295,
      0.07991522876735153,
      0.09587103272638339,
      0.11227427435703995,
      0.12734740790612137,
      0.1394570254698197,
      0.14729086208503173,
      0.15,
      0.14729086208503173,
      0.13945702546981967,
      0.12734740790612137,
      0.11227427435703997,
      0.09587103272638339,
      0.07991522876735153,
      0.06613592141871293,
      0.056026312439675555
    ],
    [
      0.056026312439675534,
      0.05068193482986388,
      0.05068193482986389,
      0.05602631243967556,
      0.06613592141871295,
      0.07991522876735155,
      0.0958710327263834,
      0.11227427435703997,
      0.12734740790612137,
      0.1394570254698197,
      0.14729086208503173,
      0.15,
      0.14729086208503173,
      0.13945702546981964,
      0.1273474079061213,
      0.11227427435703993,
      0.09587103272638337,
      0.07991522876735146,
      0.06613592141871294
    ],
    [
      0.06613592141871294,
      0.05602631243967555,
      0.050681934829863884,
      0.050681934829863884,
      0.05602631243967555,
      0.06613592141871294,
      0.0799152287673515,
      0.09587103272638337,
      0.11227427435703993,
      0.12734740790612137,
      0.13945702546981967,
      0.14729086208503173,
      0.14999999999999997,
      0.14729086208503173,
      0.13945702546981964,
      0.12734740790612137,
      0.11227427435703997,
      0.09587103272638334,
      0.07991522876735153
    ],
    [
      0.07991522876735155,
      0.06613592141871295,
      0.056026312439675555,
      0.050681934829863884,
      0.050681934829863884,
      0.05602631243967554,
      0.06613592141871294,
      0.0799152287673515,
      0.09587103272638337,
      0.11227427435703995,
      0.12734740790612137,
      0.13945702546981964,
      0.14729086208503173,
      0.15,
      0.14729086208503173,
      0.13945702546981972,
      0.12734740790612137,
      0.11227427435703993,
      0.09587103272638342
    ],
    [
      0.09587103272638335,
      0.0799152287673515,
      0.06613592141871294,
      0.05602631243967554,
      0.050681934829863884,
      0.05068193482986389,
      0.056026312439675555,
      0.06613592141871295,
      0.07991522876735153,
      0.0958710327263834,
      0.11227427435703997,
      0.1273474079061213,
      0.13945702546981964,
      0.14729086208503173,
      0.14999999999999997,
      0.1472908620850317,
      0.13945702546981964,
      0.12734740790612128,
      0.11227427435703993
    ],
    [
      0.11227427435703993,
      0.09587103272638335,
      0.0799152287673515,
      0.06613592141871294,
      0.05602631243967554,
      0.050681934829863884,
      0.050681934829863884,
      0.056026312439675555,
      0.06613592141871295,
      0.07991522876735153,
      0.09587103272638339,
      0.11227427435703993,
      0.12734740790612137,
      0.13945702546981972,
      0.1472908620850317,
      0.15,
      0.14729086208503173,
      0.13945702546981964,
      0.1273474079061213
    ],
    [
      0.1273474079061213,
      0.11227427435703993,
      0.09587103272638335,
      0.0799152287673515,
      0.06613592141871294,
      0.05602631243967554,
      0.050681934829863884,
      0.050681934829863884,
      0.056026312439675555,
      0.06613592141871295,
      0.07991522876735153,
      0.09587103272638337,
      0.11227427435703997,
      0.12734740790612137,
      0.13945702546981964,
      0.14729086208503173,
      0.14999999999999997,
      0.1472908620850317,
      0.13945702546981967
    ],
    [
      0.1394570254698197,
      0.12734740790612137,
      0.11227427435704,
      0.0958710327263834,
      0.07991522876735158,
      0.06613592141871297,
      0.05602631243967557,
      0.05068193482986389,
      0.05068193482986388,
      0.056026312439675534,
      0.06613592141871293,
      0.07991522876735146,
      0.09587103272638334,
      0.11227427435703993,
      0.12734740790612128,
      0.13945702546981964,
      0.1472908620850317,
      0.15,
      0.14729086208503173
    ],
    [
      0.14729086208503173,
      0.13945702546981964,
      0.1273474079061213,
      0.11227427435703993,
      0.09587103272638337,
      0.0799152287673515,
      0.06613592141871294,
      0.05602631243967555,
      0.050681934829863884,
      0.050681934829863884,
      0.056026312439675555,
      0.06613592141871294,
      0.07991522876735153,
      0.09587103272638342,
      0.11227427435703993,
      0.1273474079061213,
      0.13945702546981967,
      0.14729086208503173,
      0.15
    ]
  ],
  "score": 1.6434222403990805e-16
}