{
  "k": 6,
  "M_approx": [
    [
      0.1142105263157895,
      0.11138731943598046,
      0.10322363706854895,
      0.09060414087058961,
      0.07489634906681009,
      0.05780244463065219,
      0.04117481734702946,
      0.02681532863634298,
      0.016280051910819767,
      0.010710647875331812,
      0.01071064787533185,
      0.01628005191081978,
      0.026815328636342974,
      0.0411748173470295,
      0.057802444630652136,
      0.07489634906681004,
      0.0906041408705896,
      0.10322363706854895,
      0.11138731943598042
    ],
    [
      0.11138731943598044,
      0.11421052631578947,
      0.11138731943598044,
      0.1032236370685489,
      0.09060414087058961,
      0.07489634906681009,
      0.05780244463065211,
      0.04117481734702951,
      0.026815328636342933,
      0.016280051910819757,
      0.01071064787533186,
      0.010710647875331832,
      0.01628005191081978,
      0.026815328636342964,
      0.04117481734702944,
      0.057802444630652136,
      0.07489634906681003,
      0.0906041408705896,
      0.10322363706854888
    ],
    [
      0.10322363706854897,
      0.11138731943598043,
      0.11421052631578946,
      0.11138731943598039,
      0.10322363706854895,
      0.09060414087058964,
      0.07489634906681006,
      0.05780244463065218,
      0.04117481734702947,
      0.026815328636342933,
      0.016280051910819757,
      0.010710647875331866,
      0.010710647875331858,
      0.016280051910819784,
      0.026815328636342978,
      0.041174817347029456,
      0.057802444630652136,
      0.07489634906681007,
      0.0906041408705896
    ],
    [
      0.09060414087058966,
      0.10322363706854892,
      0.11138731943598046,
      0.11421052631578944,
      0.11138731943598047,
      0.10322363706854897,
      0.09060414087058961,
      0.07489634906681009,
      0.05780244463065216,
      0.041174817347029484,
      0.02681532863634298,
      0.016280051910819836,
      0.010710647875331866,
      0.010710647875331837,
      0.01628005191081978,
      0.026815328636342936,
      0.041174817347029456,
      0.05780244463065216,
      0.07489634906681003
    ],
    [
      0.07489634906681009,
      0.0906041408705896,
      0.10322363706854892,
      0.11138731943598039,
      0.11421052631578954,
      0.1113873194359805,
      0.10322363706854895,
      0.09060414087058964,
      0.07489634906681009,
      0.05780244463065217,
      0.0411748173470295,
      0.026815328636342985,
      0.016280051910819788,
      0.010710647875331842,
      0.010710647875331842,
      0.01628005191081978,
      0.026815328636342967,
      0.04117481734702951,
      0.05780244463065212
    ],
    [
      0.05780244463065218,
      0.07489634906681004,
      0.09060414087058961,
      0.1032236370685489,
      0.11138731943598047,
      0.11421052631578947,
      0.11138731943598039,
      0.10322363706854887,
      0.0906041408705896,
      0.07489634906681004,
      0.05780244463065216,
      0.0411748173470295,
      0.02681532863634296,
      0.01628005191081978,
      0.010710647875331838,
      0.010710647875331845,
      0.01628005191081979,
      0.02681532863634301,
      0.04117481734702947
    ],
    [
      0.041174817347029484,
      0.05780244463065213,
      0.07489634906681006,
      0.0906041408705896,
      0.10322363706854898,
      0.11138731943598044,
      0.11421052631578946,
      0.11138731943598039,
      0.10322363706854895,
      0.09060414087058961,
      0.07489634906681007,
      0.05780244463065218,
      0.041174817347029484,
      0.026815328636342957,
      0.016280051910819774,
      0.010710647875331832,
      0.010710647875331835,
      0.01628005191081981,
      0.026815328636342936
    ],
    [
      0.026815328636342967,
      0.04117481734702948,
      0.05780244463065218,
      0.07489634906681007,
      0.09060414087058968,
      0.10322363706854894,
      0.11138731943598044,
      0.11421052631578943,
      0.11138731943598047,
      0.10322363706854895,
      0.09060414087058963,
      0.07489634906681007,
      0.05780244463065216,
      0.04117481734702946,
      0.02681532863634296,
      0.016280051910819774,
      0.010710647875331835,
      0.01071064787533185,
      0.016280051910819767
    ],
    [
      0.0162800519108198,
      0.026815328636342967,
      0.0411748173470295,
      0.05780244463065217,
      0.07489634906681011,
      0.0906041408705896,
      0.10322363706854894,
      0.11138731943598039,
      0.11421052631578947,
      0.11138731943598043,
      0.1032236370685489,
      0.09060414087058961,
      0.07489634906681003,
      0.05780244463065211,
      0.041174817347029484,
      0.026815328636342953,
      0.01628005191081978,
      0.010710647875331838,
      0.010710647875331849
    ],
    [
      0.01071064787533184,
      0.01628005191081977,
      0.026815328636342967,
      0.0411748173470295,
      0.0578024446306522,
      0.07489634906681006,
      0.09060414087058966,
      0.10322363706854894,
      0.11138731943598047,
      0.1142105263157895,
      0.11138731943598044,
      0.10322363706854898,
      0.09060414087058963,
      0.07489634906681003,
      0.05780244463065218,
      0.04117481734702947,
      0.026815328636342964,
      0.01628005191081975,
      0.01071064787533185
    ],
    [
      0.01071064787533185,
      0.010710647875331818,
      0.01628005191081977,
      0.02681532863634296,
      0.041174817347029505,
      0.05780244463065216,
      0.0748963490668101,
      0.09060414087058961,
      0.10322363706854892,
      0.11138731943598043,
      0.11421052631578943,
      0.11138731943598039,
      0.10322363706854891,
      0.09060414087058957,
      0.07489634906681009,
      0.057802444630652164,
      0.04117481734702952,
      0.026815328636342946,
      0.01628005191081982
    ],
    [
      0.01628005191081978,
      0.010710647875331826,
      0.010710647875331852,
      0.016280051910819816,
      0.026815328636343002,
      0.04117481734702952,
      0.05780244463065221,
      0.07489634906681013,
      0.09060414087058964,
      0.10322363706854897,
      0.11138731943598049,
      0.11421052631578946,
      0.11138731943598042,
      0.10322363706854887,
      0.09060414087058959,
      0.07489634906681003,
      0.05780244463065215,
      0.041174817347029415,
      0.026815328636342964
    ],
    [
      0.02681532863634297,
      0.016280051910819777,
      0.010710647875331854,
      0.01071064787533186,
      0.01628005191081977,
      0.026815328636342957,
      0.04117481734702947,
      0.05780244463065217,
      0.07489634906681006,
      0.09060414087058963,
      0.10322363706854898,
      0.1113873194359804,
      0.11421052631578947,
      0.11138731943598042,
      0.1032236370685489,
      0.09060414087058963,
      0.07489634906681009,
      0.05780244463065211,
      0.041174817347029484
    ],
    [
      0.041174817347029484,
      0.026815328636342953,
      0.016280051910819788,
      0.010710647875331865,
      0.010710647875331845,
      0.016280051910819795,
      0.02681532863634298,
      0.041174817347029526,
      0.05780244463065218,
      0.07489634906681007,
      0.09060414087058964,
      0.10322363706854888,
      0.11138731943598042,
      0.11421052631578946,
      0.11138731943598043,
      0.10322363706854894,
      0.09060414087058964,
      0.07489634906681003,
      0.05780244463065217
    ],
    [
      0.057802444630652115,
      0.04117481734702944,
      0.026815328636342943,
      0.016280051910819795,
      0.010710647875331838,
      0.010710647875331823,
      0.0162800519108198,
      0.026815328636342988,
      0.04117481734702953,
      0.0578024446306522,
      0.07489634906681011,
      0.09060414087058961,
      0.10322363706854894,
      0.11138731943598043,
      0.11421052631578944,
      0.1113873194359804,
      0.10322363706854888,
      0.09060414087058954,
      0.07489634906681003
    ],
    [
      0.07489634906681,
      0.05780244463065208,
      0.04117481734702942,
      0.026815328636342953,
      0.016280051910819788,
      0.010710647875331807,
      0.010710647875331865,
      0.01628005191081977,
      0.026815328636343023,
      0.04117481734702949,
      0.05780244463065213,
      0.07489634906681003,
      0.0906041408705896,
      0.10322363706854892,
      0.11138731943598046,
      0.11421052631578944,
      0.1113873194359804,
      0.1032236370685489,
      0.0906041408705896
    ],
    [
      0.09060414087058956,
      0.07489634906681002,
      0.05780244463065214,
      0.04117481734702951,
      0.02681532863634299,
      0.016280051910819746,
      0.01071064787533184,
      0.010710647875331802,
      0.016280051910819833,
      0.026815328636342967,
      0.04117481734702949,
      0.05780244463065217,
      0.07489634906681006,
      0.0906041408705896,
      0.10322363706854891,
      0.11138731943598035,
      0.11421052631578937,
      0.11138731943598038,
      0.1032236370685489
    ],
    [
      0.10322363706854892,
      0.0906041408705896,
      0.07489634906681006,
      0.057802444630652185,
      0.04117481734702953,
      0.026815328636342978,
      0.016280051910819802,
      0.010710647875331835,
      0.010710647875331866,
      0.01628005191081975,
      0.026815328636342926,
      0.04117481734702945,
      0.05780244463065213,
      0.07489634906681004,
      0.09060414087058959,
      0.10322363706854888,
      0.11138731943598038,
      0.11421052631578947,
      0.11138731943598043
    ],
    [
      0.11138731943598043,
      0.1032236370685489,
      0.09060414087058957,
      0.07489634906681003,
      0.057802444630652164,
      0.04117481734702949,
      0.026815328636342957,
      0.01628005191081978,
      0.010710647875331852,
      0.010710647875331818,
      0.016280051910819777,
      0.026815328636342967,
      0.041174817347029505,
      0.05780244463065219,
      0.07489634906681007,
      0.0906041408705896,
      0.10322363706854891,
      0.11138731943598043,
      0.11421052631578947
    ]
  ],
  "A": [
    [
      3.8429958807186267e-13,
      0.27392498603615767,
      1.0867391425973446e-15,
      0.1337586174680163,
      0.1402002006547711,
      0.02820491972045446
    ],
    [
      4.0233963844707396e-13,
      0.32277494074331564,
      8.142714036751252e-17,
      0.055108966275552125,
      0.11561317359703084,
      0.05410774130494686
    ],
    [
      0.004953047227657981,
      0.3201350572889394,
      9.605897112946331e-14,
      0.07394001259867297,
      0.025499549805010274,
      0.09034479381406117
    ],
    [
      0.05900151203081056,
      0.2923903134848068,
      3.1607510440266467e-13,
      0.03082964865968321,
      0.004620484697755166,
      0.1271105339109859
    ],
    [
      0.1365436906625266,
      0.23101358342453257,
      4.3519674713987494e-14,
      4.997495949803664e-15,
      2.3465256091261664e-15,
      0.16301875271312335
    ],
    [
      0.22473728019796121,
      0.14019950515698945,
      9.277113906159355e-05,
      2.4437633006374835e-16,
      0.0,
      0.19473004584434236
    ],
    [
      0.26380884425092926,
      0.06656754607790939,
      0.04511653338624707,
      2.3276845438572064e-15,
      5.053931229542578e-15,
      0.2097953766216916
    ],
    [
      0.24952437259846333,
      0.01809687147110191,
      0.13019226348650312,
      1.5517896959048035e-15,
      0.0,
      0.2065821826927456
    ],
    [
      0.18343180939101697,
      4.0031029927759927e-05,
      0.24610068599710533,
      9.066361845395123e-14,
      1.6872429385009362e-13,
      0.18543866347761934
    ],
    [
      0.0953204988491903,
      0.002203077360276912,
      0.3630723111729365,
      5.516978933441084e-13,
      0.011168482529863338,
      0.15167245696479065
    ],
    [
      0.03223857705453036,
      0.0042143497911741445,
      0.4399110510110949,
      2.54337720218396e-13,
      0.05080462980596735,
      0.11394173351584155
    ],
    [
      1.6812721686906201e-16,
      0.004951667468154432,
      0.468081795669381,
      0.004565194597575662,
      0.11112274442391261,
      0.07654226249334477
    ],
    [
      1.0648057068373942e-16,
      1.1378929905662826e-16,
      0.44242247072184704,
      0.03036160698234839,
      0.17332591749071016,
      0.04453759090838102
    ],
    [
      2.802120281151072e-18,
      0.0,
      0.38534295515588723,
      0.0972401826083388,
      0.19994797387083257,
      0.018801197719257774
    ],
    [
      0.009307196732732932,
      0.0023164285552642657,
      0.29755292269754996,
      0.1905303172780238,
      0.19755345917491435,
      0.0028045363501211533
    ],
    [
      0.048097169531643794,
      1.3684964456332808e-16,
      0.17562735608629082,
      0.28542632724299677,
      0.18647086739613317,
      1.6768097085548113e-15
    ],
    [
      0.06554478024972724,
      0.036281686248734485,
      0.08040960654974214,
      0.315265564350368,
      0.1817668655414726,
      0.00023679351490805156
    ],
    [
      0.03484871928266827,
      0.12131963141158511,
      0.041647295019674714,
      0.2745744218290921,
      0.17312088677642348,
      1.1400833072661702e-13
    ],
    [
      0.016504984039870555,
      0.19705326854903296,
      0.007751377317270137,
      0.22477386382935366,
      0.1523969385223855,
      0.011223673158637933
    ]
  ],
  "B": [
    [
      0.08677329444762481,
      0.12945638792383102,
      0.14210361925350085,
      0.12246414145731312,
      0.07305894841139557,
      0.03914190897964486,
      0.01891497088242913,
      0.02770751203425818,
      0.05651747411178812,
      0.09991825873656579,
      0.15589657393748677,
      0.17104515607812745,
      0.1192296167755307,
      0.061888995199743974,
      0.022154784206801302,
      0.005785297877013023,
      5.659709462882785e-16,
      0.012688094231472448,
      0.04271847964779296
    ],
    [
      0.27263886940480253,
      0.304314501031741,
      0.3053897722686088,
      0.2753482650440828,
      0.21762385425785913,
      0.15659687752354848,
      0.09639416648142472,
      0.04950745035950569,
      0.017361178932827997,
      0.0023920152528967855,
      0.007443995047531917,
      0.010464463062241101,
      5.150594954385005e-18,
      0.0025432204855799375,
      0.025503585095267553,
      0.06705279298939848,
      0.11607684811788728,
      0.17056219630755132,
      0.2247152764264844
    ],
    [
      0.0011317865409204706,
      0.0002785257937618852,
      5.378939820957712e-15,
      1.7096100666965518e-16,
      0.00042414380998902326,
      0.016019952355218584,
      0.043068007359315756,
      0.08350812917628958,
      0.12997363469735665,
      0.17657480674976753,
      0.21925898594905588,
      0.23584830898301626,
      0.21546402649717003,
      0.18101260341188147,
      0.14249986960911162,
      0.10463780985471013,
      0.06613311608230692,
      0.03385095677541772,
      0.01138001584941811
    ],
    [
      0.16708502147440296,
      0.13814176352443855,
      0.10570336697590524,
      0.07331191297323673,
      0.044465526883184704,
      0.02107195585089639,
      0.005833369868122008,
      9.593155651243495e-13,
      0.004449737667573559,
      0.018770747281966593,
      0.04132900001947443,
      0.07112535297694046,
      0.10567870981787467,
      0.1395402898344728,
      0.16852414206866853,
      0.18944506959722512,
      0.20048033297696438,
      0.20021236234506468,
      0.18866275135391922
    ],
    [
      0.1224510983254257,
      0.0648774042414565,
      0.02236012373302053,
      7.401120301765945e-14,
      7.068489876110534e-13,
      1.1883729053535816e-12,
      0.0030673623219014206,
      0.0015074047325156063,
      8.005280689585153e-14,
      3.3348284557781796e-13,
      0.0,
      0.02653013871955008,
      0.0904413150340439,
      0.1535237894725184,
      0.19946083417153496,
      0.22246047396782395,
      0.22818668983952717,
      0.2119491527491551,
      0.17537079688166057
    ],
    [
      0.00039701561256201844,
      0.016114124715828074,
      0.08140841826678535,
      0.19050829228629687,
      0.33100928914581246,
      0.4285809560662299,
      0.48075791288447206,
      0.46242509005850024,
      0.3874926985735964,
      0.26749467823337236,
      0.11145012157588681,
      0.006396556393054583,
      8.74315639077402e-17,
      0.010260031767543526,
      0.011004116158478966,
      6.7255049159800235e-18,
      7.734330653377018e-16,
      0.0002463150205303818,
      0.0003510301825996125
    ]
  ],
  "M": [
    [
      0.11421052631578946,
      0.11138731943598042,
      0.10322363706854891,
      0.09060414087058961,
      0.07489634906681007,
      0.057802444630652164,
      0.04117481734702949,
      0.02681532863634297,
      0.016280051910819784,
      0.010710647875331835,
      0.010710647875331833,
      0.016280051910819767,
      0.026815328636342964,
      0.0411748173470295,
      0.05780244463065213,
      0.07489634906681003,
      0.09060414087058959,
      0.10322363706854894,
      0.11138731943598042
    ],
    [
      0.11138731943598042,
      0.11421052631578944,
      0.11138731943598042,
      0.10322363706854891,
      0.09060414087058961,
      0.07489634906681004,
      0.057802444630652164,
      0.04117481734702949,
      0.026815328636342964,
      0.016280051910819784,
      0.010710647875331835,
      0.01071064787533183,
      0.016280051910819777,
      0.026815328636342978,
      0.041174817347029456,
      0.05780244463065213,
      0.07489634906681003,
      0.09060414087058963,
      0.1032236370685489
    ],
    [
      0.10322363706854891,
      0.11138731943598042,
      0.11421052631578944,
      0.11138731943598042,
      0.10322363706854894,
      0.09060414087058961,
      0.07489634906681007,
      0.05780244463065215,
      0.04117481734702949,
      0.026815328636342964,
      0.01628005191081978,
      0.010710647875331838,
      0.010710647875331835,
      0.016280051910819784,
      0.02681532863634295,
      0.04117481734702946,
      0.05780244463065213,
      0.0748963490668101,
      0.09060414087058959
    ],
    [
      0.09060414087058961,
      0.10322363706854891,
      0.11138731943598042,
      0.11421052631578946,
      0.11138731943598044,
      0.10322363706854894,
      0.09060414087058961,
      0.07489634906681007,
      0.057802444630652164,
      0.04117481734702949,
      0.02681532863634297,
      0.01628005191081979,
      0.010710647875331835,
      0.010710647875331837,
      0.01628005191081977,
      0.02681532863634295,
      0.04117481734702946,
      0.057802444630652185,
      0.07489634906681003
    ],
    [
      0.07489634906681007,
      0.09060414087058961,
      0.10322363706854894,
      0.11138731943598044,
      0.11421052631578951,
      0.11138731943598042,
      0.10322363706854894,
      0.09060414087058963,
      0.07489634906681007,
      0.057802444630652164,
      0.04117481734702949,
      0.026815328636342978,
      0.016280051910819777,
      0.010710647875331832,
      0.010710647875331832,
      0.01628005191081977,
      0.026815328636342964,
      0.041174817347029526,
      0.05780244463065215
    ],
    [
      0.057802444630652164,
      0.07489634906681004,
      0.09060414087058961,
      0.10322363706854894,
      0.11138731943598042,
      0.11421052631578946,
      0.11138731943598042,
      0.10322363706854891,
      0.09060414087058961,
      0.07489634906681007,
      0.057802444630652164,
      0.0411748173470295,
      0.026815328636342957,
      0.01628005191081977,
      0.010710647875331838,
      0.010710647875331832,
      0.016280051910819774,
      0.026815328636342985,
      0.04117481734702946
    ],
    [
      0.04117481734702949,
      0.057802444630652164,
      0.07489634906681007,
      0.09060414087058961,
      0.10322363706854894,
      0.11138731943598042,
      0.11421052631578946,
      0.11138731943598042,
      0.10322363706854894,
      0.09060414087058961,
      0.07489634906681004,
      0.057802444630652185,
      0.04117481734702946,
      0.02681532863634295,
      0.016280051910819784,
      0.010710647875331837,
      0.010710647875331832,
      0.0162800519108198,
      0.026815328636342957
    ],
    [
      0.02681532863634297,
      0.04117481734702949,
      0.05780244463065215,
      0.07489634906681007,
      0.09060414087058963,
      0.10322363706854891,
      0.11138731943598042,
      0.11421052631578946,
      0.11138731943598042,
      0.10322363706854894,
      0.09060414087058961,
      0.07489634906681007,
      0.05780244463065215,
      0.04117481734702946,
      0.026815328636342964,
      0.016280051910819784,
      0.010710647875331837,
      0.01071064787533184,
      0.016280051910819777
    ],
    [
      0.016280051910819784,
      0.026815328636342964,
      0.04117481734702949,
      0.057802444630652164,
      0.07489634906681007,
      0.09060414087058961,
      0.10322363706854894,
      0.11138731943598042,
      0.11421052631578946,
      0.11138731943598044,
      0.10322363706854894,
      0.09060414087058963,
      0.07489634906681003,
      0.05780244463065215,
      0.04117481734702949,
      0.02681532863634297,
      0.016280051910819784,
      0.010710647875331828,
      0.010710647875331833
    ],
    [
      0.010710647875331835,
      0.016280051910819784,
      0.026815328636342964,
      0.04117481734702949,
      0.057802444630652164,
      0.07489634906681007,
      0.09060414087058961,
      0.10322363706854894,
      0.11138731943598044,
      0.11421052631578946,
      0.11138731943598042,
      0.10322363706854894,
      0.09060414087058961,
      0.07489634906681004,
      0.057802444630652185,
      0.04117481734702949,
      0.02681532863634297,
      0.016280051910819764,
      0.010710647875331835
    ],
    [
      0.010710647875331833,
      0.010710647875331835,
      0.01628005191081978,
      0.02681532863634297,
      0.04117481734702949,
      0.057802444630652164,
      0.07489634906681004,
      0.09060414087058961,
      0.10322363706854894,
      0.11138731943598042,
      0.11421052631578946,
      0.11138731943598044,
      0.10322363706854891,
      0.09060414087058961,
      0.07489634906681007,
      0.057802444630652164,
      0.04117481734702949,
      0.026815328636342936,
      0.016280051910819784
    ],
    [
      0.016280051910819767,
      0.01071064787533183,
      0.010710647875331838,
      0.01628005191081979,
      0.026815328636342978,
      0.0411748173470295,
      0.057802444630652185,
      0.07489634906681007,
      0.09060414087058963,
      0.10322363706854894,
      0.11138731943598044,
      0.11421052631578946,
      0.11138731943598042,
      0.1032236370685489,
      0.09060414087058959,
      0.07489634906681003,
      0.05780244463065215,
      0.04117481734702942,
      0.026815328636342957
    ],
    [
      0.026815328636342964,
      0.016280051910819777,
      0.010710647875331835,
      0.010710647875331835,
      0.016280051910819777,
      0.026815328636342957,
      0.04117481734702946,
      0.05780244463065215,
      0.07489634906681003,
      0.09060414087058961,
      0.10322363706854891,
      0.11138731943598042,
      0.11421052631578944,
      0.11138731943598042,
      0.1032236370685489,
      0.09060414087058961,
      0.07489634906681007,
      0.05780244463065212,
      0.04117481734702949
    ],
    [
      0.0411748173470295,
      0.026815328636342978,
      0.016280051910819784,
      0.010710647875331837,
      0.010710647875331832,
      0.01628005191081977,
      0.02681532863634295,
      0.04117481734702946,
      0.05780244463065215,
      0.07489634906681004,
      0.09060414087058961,
      0.1032236370685489,
      0.11138731943598042,
      0.11421052631578946,
      0.11138731943598042,
      0.10322363706854897,
      0.09060414087058963,
      0.07489634906681003,
      0.05780244463065219
    ],
    [
      0.05780244463065213,
      0.041174817347029456,
      0.02681532863634295,
      0.01628005191081977,
      0.010710647875331832,
      0.010710647875331838,
      0.016280051910819784,
      0.026815328636342964,
      0.04117481734702949,
      0.057802444630652185,
      0.07489634906681007,
      0.09060414087058959,
      0.1032236370685489,
      0.11138731943598042,
      0.11421052631578942,
      0.1113873194359804,
      0.1032236370685489,
      0.09060414087058954,
      0.07489634906681003
    ],
    [
      0.07489634906681003,
      0.05780244463065213,
      0.04117481734702946,
      0.02681532863634295,
      0.01628005191081977,
      0.010710647875331832,
      0.010710647875331837,
      0.016280051910819784,
      0.02681532863634297,
      0.04117481734702949,
      0.057802444630652164,
      0.07489634906681003,
      0.09060414087058961,
      0.10322363706854897,
      0.1113873194359804,
      0.11421052631578946,
      0.11138731943598042,
      0.1032236370685489,
      0.09060414087058959
    ],
    [
      0.09060414087058959,
      0.07489634906681003,
      0.05780244463065213,
      0.04117481734702946,
      0.026815328636342964,
      0.016280051910819774,
      0.010710647875331832,
      0.010710647875331837,
      0.016280051910819784,
      0.02681532863634297,
      0.04117481734702949,
      0.05780244463065215,
      0.07489634906681007,
      0.09060414087058963,
      0.1032236370685489,
      0.11138731943598042,
      0.11421052631578944,
      0.1113873194359804,
      0.10322363706854891
    ],
    [
      0.10322363706854894,
      0.09060414087058963,
      0.0748963490668101,
      0.057802444630652185,
      0.041174817347029526,
      0.026815328636342985,
      0.0162800519108198,
      0.01071064787533184,
      0.010710647875331828,
      0.016280051910819764,
      0.026815328636342936,
      0.04117481734702942,
      0.05780244463065212,
      0.07489634906681003,
      0.09060414087058954,
      0.1032236370685489,
      0.1113873194359804,
      0.11421052631578946,
      0.11138731943598044
    ],
    [
      0.11138731943598042,
      0.1032236370685489,
      0.09060414087058959,
      0.07489634906681003,
      0.05780244463065215,
      0.04117481734702946,
      0.026815328636342957,
      0.016280051910819777,
      0.010710647875331833,
      0.010710647875331835,
      0.016280051910819784,
      0.026815328636342957,
      0.04117481734702949,
      0.05780244463065219,
      0.07489634906681003,
      0.09060414087058959,
      0.10322363706854891,
      0.11138731943598044,
      0.11421052631578946
    ]
  ],
  "score": 1.7297019080200322e-16
}