{
  "k": 5,
  "M_approx": [
    [
      0.10900000000000001,
      0.1065772975566101,
      0.09954634122155992,
      0.08859536998847743,
      0.0747963412215599,
      0.05950000000000002,
      0.04420365877844011,
      0.030404630011522583,
      0.01945365877844008,
      0.012422702443389892,
      0.00999999999999999,
      0.012422702443389893,
      0.01945365877844008,
      0.030404630011522576,
      0.04420365877844009,
      0.059499999999999977,
      0.0747963412215599,
      0.08859536998847743,
      0.0995463412215599,
      0.10657729755661008
    ],
    [
      0.10657729755661012,
      0.10899999999999996,
      0.10657729755661006,
      0.09954634122155988,
      0.08859536998847742,
      0.0747963412215599,
      0.05950000000000001,
      0.044203658778440104,
      0.030404630011522556,
      0.01945365877844009,
      0.012422702443389867,
      0.009999999999999988,
      0.012422702443389872,
      0.01945365877844009,
      0.030404630011522556,
      0.04420365877844008,
      0.05949999999999998,
      0.07479634122155991,
      0.08859536998847742,
      0.09954634122155988
    ],
    [
      0.09954634122155989,
      0.10657729755661002,
      0.10899999999999997,
      0.10657729755661008,
      0.0995463412215599,
      0.0885953699884774,
      0.0747963412215599,
      0.0595,
      0.04420365877844008,
      0.030404630011522576,
      0.019453658778440085,
      0.01242270244338992,
      0.010000000000000012,
      0.012422702443389914,
      0.01945365877844011,
      0.030404630011522583,
      0.04420365877844008,
      0.05950000000000001,
      0.07479634122155988,
      0.08859536998847738
    ],
    [
      0.08859536998847747,
      0.09954634122155988,
      0.1065772975566101,
      0.10900000000000004,
      0.10657729755661015,
      0.0995463412215599,
      0.0885953699884774,
      0.07479634122155988,
      0.05949999999999996,
      0.044203658778440076,
      0.030404630011522552,
      0.019453658778440117,
      0.012422702443389904,
      0.010000000000000009,
      0.012422702443389909,
      0.019453658778440113,
      0.030404630011522563,
      0.044203658778440125,
      0.059500000000000004,
      0.07479634122155988
    ],
    [
      0.07479634122155991,
      0.08859536998847736,
      0.09954634122155988,
      0.1065772975566101,
      0.10900000000000003,
      0.10657729755661012,
      0.09954634122155989,
      0.08859536998847742,
      0.07479634122155988,
      0.059500000000000004,
      0.04420365877844011,
      0.030404630011522625,
      0.01945365877844012,
      0.012422702443389904,
      0.010000000000000004,
      0.012422702443389885,
      0.01945365877844006,
      0.03040463001152256,
      0.04420365877844007,
      0.05949999999999995
    ],
    [
      0.05950000000000004,
      0.07479634122155991,
      0.08859536998847745,
      0.09954634122155992,
      0.10657729755661013,
      0.10900000000000001,
      0.10657729755661009,
      0.09954634122155989,
      0.08859536998847739,
      0.07479634122155987,
      0.05949999999999998,
      0.04420365877844012,
      0.03040463001152257,
      0.019453658778440082,
      0.012422702443389892,
      0.00999999999999998,
      0.012422702443389878,
      0.0194536587784401,
      0.030404630011522576,
      0.0442036587784401
    ],
    [
      0.044203658778440125,
      0.059500000000000004,
      0.07479634122155988,
      0.0885953699884774,
      0.09954634122155989,
      0.10657729755661009,
      0.10899999999999997,
      0.10657729755661008,
      0.09954634122155988,
      0.0885953699884774,
      0.0747963412215599,
      0.05950000000000002,
      0.04420365877844009,
      0.03040463001152256,
      0.0194536587784401,
      0.012422702443389874,
      0.009999999999999988,
      0.012422702443389892,
      0.019453658778440096,
      0.03040463001152257
    ],
    [
      0.030404630011522594,
      0.044203658778440104,
      0.05949999999999996,
      0.07479634122155986,
      0.08859536998847738,
      0.09954634122155986,
      0.10657729755661005,
      0.10899999999999996,
      0.10657729755661006,
      0.09954634122155986,
      0.08859536998847742,
      0.07479634122155991,
      0.0595,
      0.04420365877844009,
      0.030404630011522594,
      0.0194536587784401,
      0.012422702443389916,
      0.01000000000000002,
      0.012422702443389916,
      0.019453658778440117
    ],
    [
      0.019453658778440103,
      0.030404630011522594,
      0.044203658778440076,
      0.05949999999999998,
      0.07479634122155988,
      0.0885953699884774,
      0.09954634122155986,
      0.10657729755661008,
      0.10899999999999999,
      0.10657729755661009,
      0.0995463412215599,
      0.08859536998847743,
      0.0747963412215599,
      0.05949999999999997,
      0.04420365877844009,
      0.030404630011522552,
      0.019453658778440082,
      0.012422702443389876,
      0.00999999999999998,
      0.012422702443389883
    ],
    [
      0.012422702443389918,
      0.01945365877844014,
      0.030404630011522576,
      0.04420365877844012,
      0.059500000000000004,
      0.07479634122155991,
      0.08859536998847742,
      0.09954634122155989,
      0.10657729755661009,
      0.10900000000000001,
      0.10657729755661013,
      0.09954634122155993,
      0.08859536998847746,
      0.07479634122155991,
      0.05950000000000002,
      0.04420365877844012,
      0.030404630011522594,
      0.01945365877844011,
      0.012422702443389902,
      0.010000000000000012
    ],
    [
      0.010000000000000009,
      0.012422702443389912,
      0.019453658778440075,
      0.030404630011522573,
      0.04420365877844009,
      0.0595,
      0.0747963412215599,
      0.08859536998847743,
      0.0995463412215599,
      0.1065772975566101,
      0.109,
      0.10657729755661012,
      0.0995463412215599,
      0.08859536998847742,
      0.07479634122155988,
      0.05950000000000002,
      0.04420365877844011,
      0.030404630011522604,
      0.019453658778440124,
      0.012422702443389923
    ],
    [
      0.01242270244338988,
      0.010000000000000007,
      0.01242270244338989,
      0.019453658778440124,
      0.030404630011522608,
      0.04420365877844013,
      0.05950000000000004,
      0.07479634122155993,
      0.08859536998847746,
      0.09954634122155992,
      0.10657729755661013,
      0.10900000000000003,
      0.10657729755661015,
      0.0995463412215599,
      0.0885953699884774,
      0.0747963412215599,
      0.05949999999999997,
      0.04420365877844008,
      0.030404630011522552,
      0.019453658778440082
    ],
    [
      0.01945365877844009,
      0.012422702443389892,
      0.00999999999999998,
      0.012422702443389902,
      0.019453658778440106,
      0.03040463001152258,
      0.04420365877844012,
      0.059500000000000004,
      0.07479634122155988,
      0.08859536998847742,
      0.09954634122155989,
      0.10657729755661008,
      0.10900000000000003,
      0.1065772975566101,
      0.09954634122155988,
      0.08859536998847745,
      0.07479634122155988,
      0.05950000000000001,
      0.0442036587784401,
      0.030404630011522573
    ],
    [
      0.030404630011522566,
      0.0194536587784401,
      0.012422702443389888,
      0.01000000000000001,
      0.012422702443389905,
      0.019453658778440103,
      0.030404630011522594,
      0.0442036587784401,
      0.059499999999999977,
      0.07479634122155988,
      0.08859536998847738,
      0.09954634122155986,
      0.1065772975566101,
      0.109,
      0.10657729755661006,
      0.0995463412215599,
      0.0885953699884774,
      0.0747963412215599,
      0.05949999999999999,
      0.0442036587784401
    ],
    [
      0.044203658778440076,
      0.030404630011522583,
      0.019453658778440092,
      0.012422702443389905,
      0.010000000000000007,
      0.012422702443389914,
      0.019453658778440137,
      0.030404630011522604,
      0.044203658778440104,
      0.05949999999999999,
      0.07479634122155988,
      0.08859536998847739,
      0.09954634122155988,
      0.10657729755661008,
      0.10899999999999994,
      0.10657729755661008,
      0.09954634122155985,
      0.08859536998847739,
      0.07479634122155987,
      0.05949999999999998
    ],
    [
      0.059499999999999977,
      0.04420365877844011,
      0.03040463001152257,
      0.019453658778440103,
      0.012422702443389888,
      0.01,
      0.012422702443389912,
      0.01945365877844011,
      0.030404630011522566,
      0.0442036587784401,
      0.05949999999999999,
      0.07479634122155988,
      0.0885953699884774,
      0.09954634122155989,
      0.10657729755661006,
      0.10899999999999999,
      0.10657729755661009,
      0.09954634122155988,
      0.0885953699884774,
      0.07479634122155988
    ],
    [
      0.07479634122155987,
      0.05950000000000001,
      0.044203658778440076,
      0.030404630011522563,
      0.01945365877844008,
      0.012422702443389892,
      0.010000000000000018,
      0.012422702443389909,
      0.0194536587784401,
      0.03040463001152259,
      0.04420365877844011,
      0.05949999999999999,
      0.0747963412215599,
      0.08859536998847743,
      0.09954634122155989,
      0.10657729755661009,
      0.10900000000000003,
      0.10657729755661012,
      0.09954634122155989,
      0.08859536998847742
    ],
    [
      0.08859536998847739,
      0.07479634122155993,
      0.0595,
      0.04420365877844011,
      0.030404630011522573,
      0.019453658778440117,
      0.01242270244338992,
      0.010000000000000014,
      0.012422702443389893,
      0.019453658778440117,
      0.030404630011522597,
      0.0442036587784401,
      0.05949999999999998,
      0.07479634122155988,
      0.0885953699884774,
      0.09954634122155986,
      0.1065772975566101,
      0.10899999999999999,
      0.10657729755661008,
      0.09954634122155986
    ],
    [
      0.09954634122155986,
      0.0885953699884774,
      0.07479634122155988,
      0.05949999999999998,
      0.044203658778440076,
      0.03040463001152258,
      0.019453658778440106,
      0.0124227024433899,
      0.009999999999999986,
      0.012422702443389905,
      0.019453658778440124,
      0.03040463001152258,
      0.04420365877844008,
      0.059500000000000004,
      0.07479634122155988,
      0.08859536998847738,
      0.09954634122155989,
      0.10657729755661006,
      0.10899999999999997,
      0.10657729755661005
    ],
    [
      0.10657729755661006,
      0.09954634122155988,
      0.08859536998847742,
      0.07479634122155988,
      0.059499999999999977,
      0.04420365877844011,
      0.03040463001152258,
      0.019453658778440096,
      0.012422702443389878,
      0.010000000000000002,
      0.012422702443389909,
      0.019453658778440103,
      0.030404630011522552,
      0.044203658778440104,
      0.059499999999999977,
      0.07479634122155986,
      0.08859536998847743,
      0.09954634122155988,
      0.10657729755661006,
      0.10899999999999996
    ]
  ],
  "A": [
    [
      0.24236072874143177,
      0.0036800733342999903,
      0.2626678713694586,
      0.001138832238206677,
      0.10910033298342317
    ],
    [
      0.2843597968107245,
      2.2786806612893213e-16,
      0.17365993887841089,
      1.9681512859359985e-15,
      0.18332313484028528
    ],
    [
      0.30815120494764137,
      0.0024415945664872153,
      0.09161344242904156,
      0.018150745381721668,
      0.23060683845061813
    ],
    [
      0.30713499906482983,
      0.0006403800835015517,
      0.03757138699422568,
      0.06495983653799019,
      0.22668228830350484
    ],
    [
      0.28362696050369485,
      2.688107595514196e-05,
      0.010071875262551096,
      0.130061769686529,
      0.18212539700612662
    ],
    [
      0.24380377452542717,
      0.00984894191442238,
      4.3782126529669295e-14,
      0.19697057020796907,
      0.11911954272460502
    ],
    [
      0.1943017560419768,
      0.03563643829913549,
      6.86111897763093e-14,
      0.25199149244695734,
      0.056423604102384305
    ],
    [
      0.14271835105009437,
      0.08138891536736136,
      0.0016884735803642992,
      0.2825577099006994,
      0.01282912069188215
    ],
    [
      0.09571136925614634,
      0.14644099926731663,
      6.796982476561485e-16,
      0.2814798597494731,
      0.0
    ],
    [
      0.0555070462542501,
      0.21879419731959807,
      0.002335631157770818,
      0.25506141648245595,
      0.008269924099252254
    ],
    [
      0.02475575831815546,
      0.28831947630628746,
      0.012381763583092611,
      0.2092419054573459,
      0.030919795610057917
    ],
    [
      0.004932193844581761,
      0.34457109262307756,
      0.03383274658106274,
      0.15251328079946966,
      0.05867162558443505
    ],
    [
      1.77237030878996e-13,
      0.3868391025314227,
      0.058425260894741336,
      0.08514900728048574,
      0.09811251092443697
    ],
    [
      1.5838550866061087e-13,
      0.38623119421736835,
      0.11556315445583129,
      0.0409917273838088,
      0.09736401180711803
    ],
    [
      0.0022905534658310424,
      0.3365443280105809,
      0.20770104352027494,
      0.03125728110677151,
      0.04435174434084756
    ],
    [
      0.023014764567312242,
      0.28144426145185925,
      0.2759573237299472,
      0.01418766915984206,
      0.01953046437003207
    ],
    [
      0.055752552776983454,
      0.21591374644291633,
      0.32702900528193213,
      0.0029133688893921723,
      0.005135652709009882
    ],
    [
      0.09673905450643307,
      0.14503915420208055,
      0.35762365237094135,
      7.0956074217985246e-15,
      1.219485242858988e-14
    ],
    [
      0.1428560320765277,
      0.07787713421400234,
      0.36202349483363755,
      0.0034003354485283095,
      0.00873641304879844
    ],
    [
      0.19283127357988464,
      0.028687886408023933,
      0.3299210786802121,
      0.0043213552736017374,
      0.04539831259624091
    ]
  ],
  "B": [
    [
      0.20325337449070424,
      0.2820915142496519,
      0.32593559928745636,
      0.32012922238067537,
      0.2778181699086448,
      0.2010941586896036,
      0.11089708135952708,
      0.04402153555564743,
      0.0041784594380480265,
      1.0515768940801204e-14,
      0.018278625222872474,
      0.020052094186573655,
      0.0020303574692968353,
      2.810071412310622e-16,
      0.014089527680356404,
      0.01043080930615225,
      2.384432724261656e-05,
      0.007997310385600061,
      0.047950924107650846,
      0.11061181647328526
    ],
    [
      6.136060079687508e-15,
      0.001605797277733015,
      0.0037257754512749256,
      0.001158075417253684,
      0.00021463748889241345,
      0.0,
      0.0070064101619916695,
      0.03402356968021775,
      0.0770406207513538,
      0.13412694582682141,
      0.19313322263975757,
      0.23037120064718658,
      0.2406940642850349,
      0.2394855296811747,
      0.22683005072172222,
      0.1883112013766,
      0.13282739603355156,
      0.07742748636657978,
      0.03446369930959631,
      0.005557911985021104
    ],
    [
      0.192752437535935,
      0.1321897225095814,
      0.07669770942972569,
      0.03653755594688426,
      0.009780203481547326,
      1.0718975728261287e-13,
      0.0018970217343186656,
      0.0022555792876635503,
      0.0023616328211972897,
      1.4413200162413214e-14,
      0.001746231899510827,
      0.024749464955380947,
      0.06821003440635004,
      0.11202156872837646,
      0.15192821654197294,
      0.1991612600142801,
      0.24413882338186033,
      0.2712245959601424,
      0.2710670394827121,
      0.24617986881342535
    ],
    [
      5.260324226240033e-15,
      0.011262299093079525,
      0.044274251139234215,
      0.10192702274061835,
      0.17114742095541105,
      0.24637063828511618,
      0.31230015565223784,
      0.34596255183543717,
      0.3457375903392061,
      0.30885198556810367,
      0.24695993141443837,
      0.18807870594848425,
      0.1398129644924104,
      0.08678951220584356,
      0.03424014602328442,
      0.0065006514824585354,
      5.803088479219076e-15,
      0.0011322673033257009,
      0.0012919319753002087,
      0.0036307672200964576
    ],
    [
      0.08349645983045072,
      0.03179334239319656,
      0.0031365230507750808,
      0.0118334811457547,
      0.043074880379845575,
      0.09607760161905665,
      0.15074961391722885,
      0.17070404201069503,
      0.15713413993520747,
      0.10611676914308915,
      0.037757077251202996,
      2.789755260272314e-13,
      3.605928836390671e-13,
      3.3949121911535324e-14,
      7.794970670049934e-05,
      0.036281420391041486,
      0.09325656852040844,
      0.13866979162595022,
      0.15211702259027535,
      0.13823245284996036
    ]
  ],
  "M": [
    [
      0.109,
      0.1065772975566101,
      0.09954634122155989,
      0.08859536998847743,
      0.0747963412215599,
      0.05950000000000001,
      0.044203658778440125,
      0.030404630011522583,
      0.019453658778440103,
      0.0124227024433899,
      0.01,
      0.01242270244338989,
      0.019453658778440096,
      0.030404630011522576,
      0.0442036587784401,
      0.05949999999999999,
      0.07479634122155988,
      0.0885953699884774,
      0.09954634122155989,
      0.10657729755661008
    ],
    [
      0.1065772975566101,
      0.109,
      0.10657729755661008,
      0.0995463412215599,
      0.08859536998847743,
      0.07479634122155993,
      0.059500000000000025,
      0.044203658778440104,
      0.030404630011522583,
      0.01945365877844011,
      0.0124227024433899,
      0.01,
      0.012422702443389895,
      0.019453658778440096,
      0.030404630011522576,
      0.044203658778440104,
      0.05949999999999999,
      0.07479634122155988,
      0.0885953699884774,
      0.09954634122155989
    ],
    [
      0.09954634122155989,
      0.10657729755661008,
      0.10899999999999997,
      0.10657729755661008,
      0.0995463412215599,
      0.08859536998847743,
      0.0747963412215599,
      0.05949999999999999,
      0.044203658778440104,
      0.030404630011522583,
      0.019453658778440103,
      0.012422702443389905,
      0.01,
      0.012422702443389898,
      0.019453658778440096,
      0.030404630011522576,
      0.0442036587784401,
      0.05949999999999999,
      0.07479634122155988,
      0.08859536998847738
    ],
    [
      0.08859536998847743,
      0.0995463412215599,
      0.10657729755661008,
      0.109,
      0.1065772975566101,
      0.0995463412215599,
      0.08859536998847743,
      0.07479634122155988,
      0.05949999999999999,
      0.044203658778440104,
      0.030404630011522583,
      0.019453658778440117,
      0.012422702443389902,
      0.01,
      0.012422702443389895,
      0.019453658778440103,
      0.030404630011522576,
      0.044203658778440104,
      0.05949999999999999,
      0.07479634122155988
    ],
    [
      0.0747963412215599,
      0.08859536998847743,
      0.0995463412215599,
      0.1065772975566101,
      0.109,
      0.1065772975566101,
      0.0995463412215599,
      0.08859536998847743,
      0.0747963412215599,
      0.059500000000000025,
      0.044203658778440104,
      0.030404630011522604,
      0.01945365877844011,
      0.012422702443389898,
      0.01,
      0.012422702443389895,
      0.01945365877844009,
      0.030404630011522576,
      0.044203658778440104,
      0.059499999999999977
    ],
    [
      0.05950000000000001,
      0.07479634122155993,
      0.08859536998847743,
      0.0995463412215599,
      0.1065772975566101,
      0.109,
      0.10657729755661008,
      0.09954634122155989,
      0.0885953699884774,
      0.0747963412215599,
      0.05949999999999999,
      0.04420365877844013,
      0.030404630011522576,
      0.019453658778440103,
      0.012422702443389898,
      0.01,
      0.012422702443389895,
      0.019453658778440096,
      0.030404630011522583,
      0.044203658778440104
    ],
    [
      0.044203658778440125,
      0.059500000000000025,
      0.0747963412215599,
      0.08859536998847743,
      0.0995463412215599,
      0.10657729755661008,
      0.109,
      0.10657729755661008,
      0.09954634122155989,
      0.0885953699884774,
      0.07479634122155988,
      0.05950000000000001,
      0.044203658778440104,
      0.030404630011522576,
      0.019453658778440096,
      0.012422702443389895,
      0.01,
      0.012422702443389902,
      0.01945365877844011,
      0.030404630011522576
    ],
    [
      0.030404630011522583,
      0.044203658778440104,
      0.05949999999999999,
      0.07479634122155988,
      0.08859536998847743,
      0.09954634122155989,
      0.10657729755661008,
      0.10899999999999997,
      0.10657729755661008,
      0.09954634122155989,
      0.0885953699884774,
      0.0747963412215599,
      0.05950000000000001,
      0.044203658778440104,
      0.030404630011522583,
      0.019453658778440103,
      0.012422702443389902,
      0.01,
      0.012422702443389898,
      0.019453658778440096
    ],
    [
      0.019453658778440103,
      0.030404630011522583,
      0.044203658778440104,
      0.05949999999999999,
      0.0747963412215599,
      0.0885953699884774,
      0.09954634122155989,
      0.10657729755661008,
      0.10899999999999997,
      0.1065772975566101,
      0.09954634122155989,
      0.08859536998847743,
      0.0747963412215599,
      0.05949999999999999,
      0.044203658778440104,
      0.030404630011522583,
      0.01945365877844011,
      0.012422702443389902,
      0.01,
      0.012422702443389895
    ],
    [
      0.0124227024433899,
      0.01945365877844011,
      0.030404630011522583,
      0.044203658778440104,
      0.059500000000000025,
      0.0747963412215599,
      0.0885953699884774,
      0.09954634122155989,
      0.1065772975566101,
      0.109,
      0.1065772975566101,
      0.0995463412215599,
      0.08859536998847743,
      0.0747963412215599,
      0.05950000000000001,
      0.044203658778440125,
      0.03040463001152259,
      0.019453658778440103,
      0.012422702443389898,
      0.01
    ],
    [
      0.01,
      0.0124227024433899,
      0.019453658778440103,
      0.030404630011522583,
      0.044203658778440104,
      0.05949999999999999,
      0.07479634122155988,
      0.0885953699884774,
      0.09954634122155989,
      0.1065772975566101,
      0.109,
      0.1065772975566101,
      0.0995463412215599,
      0.08859536998847743,
      0.0747963412215599,
      0.05950000000000001,
      0.044203658778440125,
      0.030404630011522583,
      0.019453658778440103,
      0.0124227024433899
    ],
    [
      0.01242270244338989,
      0.01,
      0.012422702443389905,
      0.019453658778440117,
      0.030404630011522604,
      0.04420365877844013,
      0.05950000000000001,
      0.0747963412215599,
      0.08859536998847743,
      0.0995463412215599,
      0.1065772975566101,
      0.109,
      0.1065772975566101,
      0.09954634122155989,
      0.0885953699884774,
      0.07479634122155988,
      0.05949999999999999,
      0.04420365877844008,
      0.030404630011522563,
      0.01945365877844009
    ],
    [
      0.019453658778440096,
      0.012422702443389895,
      0.01,
      0.012422702443389902,
      0.01945365877844011,
      0.030404630011522576,
      0.044203658778440104,
      0.05950000000000001,
      0.0747963412215599,
      0.08859536998847743,
      0.0995463412215599,
      0.1065772975566101,
      0.109,
      0.1065772975566101,
      0.09954634122155989,
      0.0885953699884774,
      0.0747963412215599,
      0.05950000000000001,
      0.044203658778440104,
      0.030404630011522583
    ],
    [
      0.030404630011522576,
      0.019453658778440096,
      0.012422702443389898,
      0.01,
      0.012422702443389898,
      0.019453658778440103,
      0.030404630011522576,
      0.044203658778440104,
      0.05949999999999999,
      0.0747963412215599,
      0.08859536998847743,
      0.09954634122155989,
      0.1065772975566101,
      0.109,
      0.10657729755661008,
      0.0995463412215599,
      0.08859536998847743,
      0.0747963412215599,
      0.05950000000000001,
      0.044203658778440104
    ],
    [
      0.0442036587784401,
      0.030404630011522576,
      0.019453658778440096,
      0.012422702443389895,
      0.01,
      0.012422702443389898,
      0.019453658778440096,
      0.030404630011522583,
      0.044203658778440104,
      0.05950000000000001,
      0.0747963412215599,
      0.0885953699884774,
      0.09954634122155989,
      0.10657729755661008,
      0.10899999999999997,
      0.10657729755661008,
      0.09954634122155989,
      0.0885953699884774,
      0.0747963412215599,
      0.05949999999999999
    ],
    [
      0.05949999999999999,
      0.044203658778440104,
      0.030404630011522576,
      0.019453658778440103,
      0.012422702443389895,
      0.01,
      0.012422702443389895,
      0.019453658778440103,
      0.030404630011522583,
      0.044203658778440125,
      0.05950000000000001,
      0.07479634122155988,
      0.0885953699884774,
      0.0995463412215599,
      0.10657729755661008,
      0.109,
      0.10657729755661008,
      0.0995463412215599,
      0.08859536998847743,
      0.0747963412215599
    ],
    [
      0.07479634122155988,
      0.05949999999999999,
      0.0442036587784401,
      0.030404630011522576,
      0.01945365877844009,
      0.012422702443389895,
      0.01,
      0.012422702443389902,
      0.01945365877844011,
      0.03040463001152259,
      0.044203658778440125,
      0.05949999999999999,
      0.0747963412215599,
      0.08859536998847743,
      0.09954634122155989,
      0.10657729755661008,
      0.109,
      0.1065772975566101,
      0.0995463412215599,
      0.0885953699884774
    ],
    [
      0.0885953699884774,
      0.07479634122155988,
      0.05949999999999999,
      0.044203658778440104,
      0.030404630011522576,
      0.019453658778440096,
      0.012422702443389902,
      0.01,
      0.012422702443389902,
      0.019453658778440103,
      0.030404630011522583,
      0.04420365877844008,
      0.05950000000000001,
      0.0747963412215599,
      0.0885953699884774,
      0.0995463412215599,
      0.1065772975566101,
      0.109,
      0.10657729755661008,
      0.09954634122155986
    ],
    [
      0.09954634122155989,
      0.0885953699884774,
      0.07479634122155988,
      0.05949999999999999,
      0.044203658778440104,
      0.030404630011522583,
      0.01945365877844011,
      0.012422702443389898,
      0.01,
      0.012422702443389898,
      0.019453658778440103,
      0.030404630011522563,
      0.044203658778440104,
      0.05950000000000001,
      0.0747963412215599,
      0.08859536998847743,
      0.0995463412215599,
      0.10657729755661008,
      0.109,
      0.10657729755661008
    ],
    [
      0.10657729755661008,
      0.09954634122155989,
      0.08859536998847738,
      0.07479634122155988,
      0.059499999999999977,
      0.044203658778440104,
      0.030404630011522576,
      0.019453658778440096,
      0.012422702443389895,
      0.01,
      0.0124227024433899,
      0.01945365877844009,
      0.030404630011522583,
      0.044203658778440104,
      0.05949999999999999,
      0.0747963412215599,
      0.0885953699884774,
      0.09954634122155986,
      0.10657729755661008,
      0.10899999999999997
    ]
  ],
  "score": 1.4315805485498602e-16
}