{
  "k": 13,
  "M_approx": [
    [
      0.10000000000000002,
      0.09755282581475766,
      0.09045084971874733,
      0.0793892626146237,
      0.0654508497187474,
      0.05,
      0.03454915028125258,
      0.02061073738537634,
      0.009549150281252604,
      0.0024471741852423365,
      1.0743520517648242e-16,
      0.002447174185242342,
      0.009549150281252609,
      0.020610737385376332,
      0.03454915028125263,
      0.05000000000000001,
      0.06545084971874736,
      0.07938926261462365,
      0.09045084971874741,
      0.09755282581475766
    ],
    [
      0.09755282581475767,
      0.1,
      0.09755282581475766,
      0.09045084971874742,
      0.0793892626146237,
      0.0654508497187474,
      0.04999999999999999,
      0.03454915028125264,
      0.020610737385376356,
      0.009549150281252665,
      0.0024471741852424337,
      3.397987418389823e-17,
      0.0024471741852423352,
      0.009549150281252595,
      0.020610737385376325,
      0.0345491502812526,
      0.049999999999999954,
      0.06545084971874734,
      0.07938926261462367,
      0.09045084971874737
    ],
    [
      0.09045084971874734,
      0.09755282581475767,
      0.10000000000000002,
      0.09755282581475762,
      0.09045084971874741,
      0.07938926261462369,
      0.06545084971874739,
      0.04999999999999997,
      0.03454915028125267,
      0.020610737385376356,
      0.009549150281252616,
      0.0024471741852423604,
      1.4990969432937673e-16,
      0.002447174185242284,
      0.009549150281252675,
      0.020610737385376363,
      0.034549150281252605,
      0.05,
      0.06545084971874739,
      0.0793892626146236
    ],
    [
      0.07938926261462369,
      0.09045084971874737,
      0.0975528258147576,
      0.10000000000000002,
      0.09755282581475776,
      0.09045084971874742,
      0.07938926261462367,
      0.06545084971874734,
      0.04999999999999993,
      0.034549150281252605,
      0.02061073738537636,
      0.009549150281252649,
      0.0024471741852423495,
      1.021159456086188e-16,
      0.002447174185242367,
      0.009549150281252614,
      0.02061073738537635,
      0.03454915028125261,
      0.04999999999999993,
      0.06545084971874739
    ],
    [
      0.06545084971874736,
      0.0793892626146237,
      0.09045084971874738,
      0.09755282581475769,
      0.1,
      0.09755282581475776,
      0.09045084971874741,
      0.07938926261462369,
      0.0654508497187474,
      0.049999999999999996,
      0.03454915028125262,
      0.020610737385376346,
      0.009549150281252692,
      0.0024471741852423222,
      4.966682279057833e-17,
      0.0024471741852423335,
      0.009549150281252607,
      0.020610737385376315,
      0.03454915028125264,
      0.05000000000000002
    ],
    [
      0.049999999999999996,
      0.06545084971874737,
      0.07938926261462365,
      0.09045084971874741,
      0.09755282581475772,
      0.10000000000000003,
      0.09755282581475766,
      0.09045084971874737,
      0.07938926261462365,
      0.06545084971874736,
      0.050000000000000024,
      0.034549150281252654,
      0.020610737385376384,
      0.009549150281252618,
      0.002447174185242346,
      4.563514706444238e-17,
      0.00244717418524238,
      0.009549150281252665,
      0.0206107373853764,
      0.03454915028125261
    ],
    [
      0.034549150281252626,
      0.05000000000000002,
      0.06545084971874734,
      0.07938926261462369,
      0.09045084971874738,
      0.09755282581475766,
      0.09999999999999998,
      0.09755282581475763,
      0.0904508497187474,
      0.07938926261462367,
      0.06545084971874736,
      0.05,
      0.03454915028125261,
      0.020610737385376353,
      0.009549150281252613,
      0.0024471741852423617,
      1.2664564874434842e-16,
      0.002447174185242396,
      0.00954915028125267,
      0.020610737385376353
    ],
    [
      0.02061073738537632,
      0.034549150281252626,
      0.049999999999999996,
      0.06545084971874733,
      0.07938926261462365,
      0.09045084971874737,
      0.09755282581475767,
      0.09999999999999999,
      0.09755282581475766,
      0.0904508497187474,
      0.07938926261462365,
      0.06545084971874737,
      0.049999999999999996,
      0.03454915028125261,
      0.02061073738537635,
      0.009549150281252647,
      0.0024471741852423604,
      1.5833986746210362e-17,
      0.0024471741852423556,
      0.009549150281252606
    ],
    [
      0.00954915028125271,
      0.020610737385376346,
      0.03454915028125266,
      0.049999999999999996,
      0.06545084971874739,
      0.07938926261462365,
      0.0904508497187473,
      0.09755282581475774,
      0.09999999999999994,
      0.09755282581475767,
      0.09045084971874741,
      0.07938926261462365,
      0.06545084971874736,
      0.049999999999999954,
      0.03454915028125267,
      0.020610737385376374,
      0.009549150281252625,
      0.0024471741852423383,
      1.6378794780532062e-16,
      0.0024471741852423808
    ],
    [
      0.0024471741852423795,
      0.009549150281252632,
      0.020610737385376374,
      0.034549150281252626,
      0.050000000000000024,
      0.06545084971874737,
      0.07938926261462366,
      0.09045084971874738,
      0.09755282581475766,
      0.10000000000000002,
      0.09755282581475772,
      0.09045084971874742,
      0.07938926261462367,
      0.0654508497187474,
      0.05000000000000006,
      0.03454915028125264,
      0.020610737385376318,
      0.00954915028125262,
      0.0024471741852423877,
      6.643432696694618e-17
    ],
    [
      3.09672120415385e-17,
      0.0024471741852423548,
      0.009549150281252671,
      0.02061073738537637,
      0.034549150281252626,
      0.05000000000000002,
      0.06545084971874737,
      0.07938926261462362,
      0.09045084971874735,
      0.09755282581475769,
      0.09999999999999999,
      0.09755282581475774,
      0.0904508497187474,
      0.07938926261462372,
      0.06545084971874743,
      0.04999999999999999,
      0.034549150281252605,
      0.020610737385376325,
      0.00954915028125264,
      0.0024471741852423747
    ],
    [
      0.002447174185242348,
      3.6306690806201094e-17,
      0.002447174185242313,
      0.009549150281252661,
      0.02061073738537639,
      0.034549150281252695,
      0.05000000000000008,
      0.06545084971874723,
      0.07938926261462369,
      0.09045084971874737,
      0.09755282581475766,
      0.10000000000000007,
      0.09755282581475773,
      0.09045084971874742,
      0.07938926261462367,
      0.06545084971874734,
      0.049999999999999954,
      0.03454915028125263,
      0.02061073738537633,
      0.009549150281252678
    ],
    [
      0.009549150281252592,
      0.002447174185242346,
      2.69107445305395e-16,
      0.002447174185242412,
      0.00954915028125267,
      0.020610737385376308,
      0.034549150281252605,
      0.050000000000000044,
      0.06545084971874733,
      0.07938926261462372,
      0.09045084971874734,
      0.09755282581475767,
      0.1,
      0.09755282581475766,
      0.09045084971874734,
      0.07938926261462365,
      0.06545084971874746,
      0.05000000000000001,
      0.034549150281252605,
      0.020610737385376367
    ],
    [
      0.020610737385376356,
      0.009549150281252609,
      0.002447174185242366,
      3.503938389283445e-17,
      0.002447174185242391,
      0.009549150281252618,
      0.02061073738537634,
      0.03454915028125263,
      0.04999999999999998,
      0.06545084971874737,
      0.07938926261462366,
      0.09045084971874738,
      0.09755282581475773,
      0.10000000000000003,
      0.09755282581475769,
      0.09045084971874738,
      0.07938926261462367,
      0.06545084971874739,
      0.05000000000000001,
      0.03454915028125262
    ],
    [
      0.03454915028125266,
      0.020610737385376304,
      0.009549150281252626,
      0.002447174185242353,
      5.866459517498832e-17,
      0.002447174185242287,
      0.009549150281252573,
      0.020610737385376412,
      0.034549150281252626,
      0.04999999999999999,
      0.06545084971874743,
      0.07938926261462365,
      0.09045084971874738,
      0.09755282581475767,
      0.09999999999999996,
      0.09755282581475766,
      0.09045084971874733,
      0.07938926261462363,
      0.06545084971874743,
      0.04999999999999999
    ],
    [
      0.04999999999999998,
      0.03454915028125259,
      0.02061073738537635,
      0.009549150281252677,
      0.002447174185242322,
      5.1231776340211295e-17,
      0.0024471741852423318,
      0.00954915028125266,
      0.020610737385376315,
      0.03454915028125257,
      0.05000000000000002,
      0.06545084971874733,
      0.07938926261462363,
      0.09045084971874734,
      0.09755282581475769,
      0.10000000000000002,
      0.09755282581475769,
      0.09045084971874737,
      0.0793892626146237,
      0.06545084971874737
    ],
    [
      0.06545084971874734,
      0.05,
      0.03454915028125259,
      0.020610737385376342,
      0.009549150281252567,
      0.0024471741852424363,
      1.2455664140817426e-16,
      0.002447174185242344,
      0.009549150281252665,
      0.02061073738537634,
      0.03454915028125262,
      0.04999999999999995,
      0.06545084971874737,
      0.07938926261462372,
      0.09045084971874742,
      0.0975528258147577,
      0.10000000000000002,
      0.09755282581475767,
      0.09045084971874735,
      0.07938926261462369
    ],
    [
      0.07938926261462367,
      0.06545084971874734,
      0.04999999999999997,
      0.03454915028125264,
      0.02061073738537638,
      0.009549150281252616,
      0.002447174185242276,
      9.424189766392993e-17,
      0.002447174185242353,
      0.009549150281252618,
      0.020610737385376342,
      0.034549150281252605,
      0.05000000000000001,
      0.06545084971874736,
      0.07938926261462367,
      0.0904508497187474,
      0.09755282581475767,
      0.09999999999999996,
      0.0975528258147577,
      0.0904508497187473
    ],
    [
      0.09045084971874738,
      0.07938926261462369,
      0.06545084971874737,
      0.05000000000000002,
      0.03454915028125265,
      0.02061073738537634,
      0.00954915028125266,
      0.0024471741852423196,
      1.9266777119015594e-16,
      0.0024471741852423955,
      0.009549150281252581,
      0.020610737385376367,
      0.03454915028125263,
      0.04999999999999998,
      0.06545084971874734,
      0.07938926261462363,
      0.09045084971874738,
      0.09755282581475766,
      0.09999999999999995,
      0.09755282581475769
    ],
    [
      0.09755282581475763,
      0.09045084971874738,
      0.07938926261462367,
      0.06545084971874736,
      0.04999999999999995,
      0.03454915028125263,
      0.020610737385376388,
      0.009549150281252675,
      0.0024471741852424215,
      1.1259594371185824e-16,
      0.0024471741852423443,
      0.009549150281252618,
      0.020610737385376315,
      0.03454915028125264,
      0.04999999999999999,
      0.06545084971874737,
      0.07938926261462369,
      0.09045084971874733,
      0.09755282581475762,
      0.09999999999999998
    ]
  ],
  "A": [
    [
      0.10655530278684665,
      7.765281998890902e-17,
      0.12263585824354736,
      0.0,
      0.2799917999646107,
      0.08716198131506424,
      0.0,
      0.07532365274165764,
      0.04509992431469672,
      0.0,
      0.0,
      8.853989351231385e-17,
      0.23001533295552318
    ],
    [
      0.2543316114855768,
      0.0,
      0.03363718747612622,
      0.0,
      0.21851755242938176,
      0.091332528264226,
      0.0,
      0.13138826757834174,
      1.5515249635907596e-16,
      0.0,
      3.695356428973004e-18,
      0.01825616434424667,
      0.20974250527726712
    ],
    [
      0.5675452070479121,
      0.0,
      4.3334300684138975e-17,
      2.0575083526978937e-15,
      0.047454677714060145,
      0.046285329975382004,
      0.0,
      0.18945348640340895,
      8.727327920197867e-16,
      0.0,
      0.05912716029282125,
      0.037300743548167675,
      0.07401376545751763
    ],
    [
      0.14449380135197978,
      0.0,
      0.0,
      6.983888584864862e-16,
      8.579519710994389e-16,
      0.10235003046015273,
      3.682298725639433e-16,
      0.2221598878005444,
      0.17598500243720772,
      0.0,
      1.7183407394724987e-16,
      0.1537581636945283,
      0.13650142434973297
    ],
    [
      0.4276574984482152,
      0.0,
      0.0,
      0.13360839005420025,
      5.865690994643278e-16,
      0.04639331252528827,
      1.4300189225784213e-17,
      0.1791078837936298,
      0.05805271587362225,
      0.0,
      1.3943263076600627e-16,
      0.09018525760096922,
      6.983354098211796e-17
    ],
    [
      0.4262932995398847,
      0.0,
      0.0,
      0.18103409533434758,
      0.0,
      0.05302856499537458,
      0.06496455712709419,
      0.09416258693612783,
      0.0,
      0.0,
      0.0,
      0.06352030215881448,
      2.775883254039189e-15
    ],
    [
      0.32298687402672477,
      0.0,
      0.043293074612459896,
      0.22247408863819906,
      0.0,
      0.05950662430017056,
      0.12482692332877289,
      4.393053379857038e-15,
      0.0,
      5.24763582572876e-16,
      0.0,
      0.05083769040622024,
      0.002129420717488381
    ],
    [
      0.3072407048545364,
      0.0,
      6.318232637061986e-17,
      0.211972137794165,
      0.0,
      0.028638157206560332,
      0.07868484131390545,
      2.9718161848463117e-17,
      0.0,
      0.119139861389712,
      0.0,
      0.05752309812657969,
      0.0
    ],
    [
      0.20120600653349485,
      0.0,
      0.0,
      0.19245604381984646,
      0.0,
      0.0,
      0.0260975313625818,
      0.0,
      0.058052715873626475,
      0.22661748305037172,
      0.0,
      0.0787778976521554,
      6.738936704774383e-15
    ],
    [
      4.816793800232057e-14,
      0.018861581127519563,
      0.0,
      0.13347448685807087,
      0.0,
      0.0,
      1.957338400279206e-16,
      0.0,
      0.12820874044607056,
      0.30597211979193467,
      0.0,
      0.11141072369178373,
      0.04711050594900145
    ],
    [
      0.0,
      0.13831721790305848,
      0.0,
      0.13955783121364548,
      0.0,
      0.0,
      0.027070371999383978,
      0.0,
      0.04417772120050049,
      0.24510418477110094,
      1.7164741245060068e-16,
      0.07996256746617111,
      0.0
    ],
    [
      0.0,
      0.2076112473366679,
      0.0,
      0.09356565745640166,
      0.0,
      4.946246722208218e-18,
      0.04289520197801131,
      0.0,
      0.0,
      0.22775305633526038,
      0.02003830396212038,
      0.05784390869294728,
      0.0
    ],
    [
      0.0,
      0.21996068702746968,
      8.466153902075945e-15,
      0.0,
      0.0,
      0.0,
      0.04592544531948643,
      0.0,
      0.0,
      0.2556171838281611,
      0.058153423079476435,
      0.04721987580260931,
      0.047110505949015884
    ],
    [
      0.0,
      0.2796416100445729,
      0.07698840607675174,
      0.0,
      2.4121484119974583e-17,
      0.0,
      0.06724843149125616,
      2.1033674103680775e-16,
      0.0,
      0.15510698824811278,
      0.07292882796001873,
      0.02475520675526851,
      0.0
    ],
    [
      0.0,
      0.2856197197397362,
      0.13074892194039073,
      0.0,
      0.052728657731153594,
      0.0,
      0.05794489430865046,
      7.691590425748997e-19,
      0.0,
      0.10458391994810827,
      0.07215162076959214,
      1.6199314207658413e-16,
      3.054259752058908e-16
    ],
    [
      0.0,
      0.30159195172744074,
      0.12750269227997227,
      0.0,
      0.10868092573321775,
      0.0,
      3.2532930488658964e-16,
      0.0660109578344188,
      0.0,
      0.0772978017124575,
      0.04499681463500634,
      0.0,
      0.0
    ],
    [
      0.0,
      0.29813954415210664,
      0.1675190130824746,
      0.0,
      0.1263477769032007,
      0.014713659957436061,
      0.0,
      0.09090593802542121,
      0.022774486225078387,
      8.579372463648407e-16,
      0.03998135865124793,
      0.0,
      0.0
    ],
    [
      2.216835257976692e-16,
      0.1381308809413409,
      0.3166905111008403,
      0.0,
      0.14357282885887934,
      0.0,
      0.0,
      0.023296592709172663,
      0.17470389281706805,
      0.0,
      0.0783614819286822,
      0.0,
      0.021451879608990376
    ],
    [
      2.7075850479104563e-17,
      0.03539899531040818,
      0.34659360486944213,
      0.0,
      0.1897371811614221,
      0.01471365995743588,
      0.0,
      0.0,
      0.2191367750676364,
      0.0,
      0.0755448409452977,
      0.0,
      0.08370765899581677
    ],
    [
      0.0,
      0.0,
      0.25430117122310597,
      0.0,
      0.2603219453614948,
      0.05741436427701512,
      0.0,
      0.02329659270918043,
      0.15172373288000132,
      0.0,
      0.03180714814524388,
      0.0,
      0.1806733087125731
    ]
  ],
  "B": [
    [
      0.04745956865687654,
      0.08645355120005792,
      0.1081664226185206,
      0.10929416632600451,
      0.10540123475151833,
      0.09721322705176162,
      0.07798395681174627,
      0.057378345272932035,
      0.015361320818193198,
      0.02296623557193845,
      0.0,
      0.0,
      0.0,
      1.8745877825500565e-16,
      0.0,
      0.0,
      0.0,
      0.0,
      0.0,
      0.0004370905537612619
    ],
    [
      0.0,
      0.0,
      0.0,
      0.0,
      0.0,
      0.0,
      0.0,
      2.7819487529151444e-17,
      5.409133008442357e-15,
      0.0691311762885786,
      0.105564895295986,
      0.15801147278067207,
      0.17759068668631772,
      0.19287404932330246,
      0.20335027574797931,
      0.20599337655533878,
      0.1864558853915244,
      0.1355467872332023,
      0.06903804476421178,
      7.318794022497487e-16
    ],
    [
      0.15202701657000312,
      0.12403361451245988,
      0.031786268997473395,
      0.0,
      0.0,
      0.0,
      0.0,
      0.0,
      0.0,
      0.0,
      0.0,
      2.2854418917031748e-17,
      0.07275204524692201,
      0.10530087919428932,
      0.1110760185215347,
      0.055758030394302154,
      2.2954079252597153e-17,
      0.054867832215595436,
      0.10192077147371457,
      0.10168998068949953
    ],
    [
      0.0,
      1.3663190633818734e-16,
      0.026154619673170246,
      0.10205828228912073,
      0.15916718112409817,
      0.1823418035913885,
      0.19668042703964755,
      0.17658172625820398,
      0.1925775222747754,
      0.16361465277067727,
      0.16810423235289595,
      0.13068587762126171,
      0.06542922474273238,
      0.018316021802594052,
      0.0,
      0.0,
      0.0,
      0.0,
      0.0,
      0.0
    ],
    [
      0.11114029063479891,
      0.08332235623942957,
      0.10228081103113877,
      0.04641070511826203,
      2.081665027354044e-16,
      0.0,
      0.0,
      0.0,
      0.0,
      0.0,
      0.0,
      0.0,
      0.0,
      0.02749035397664286,
      0.060014514281711236,
      0.13454199162223363,
      0.21318824925791865,
      0.197746773144697,
      0.185900908418301,
      0.20946786747423043
    ],
    [
      0.21053121594583987,
      0.27889714466471827,
      0.3918835051721117,
      0.3574853182762131,
      0.2646910386125536,
      0.10541308910967415,
      9.379892982206258e-16,
      0.1663198818187566,
      5.260257254380504e-17,
      0.0,
      0.0,
      0.0,
      0.0,
      0.0,
      0.0,
      0.0,
      0.0,
      0.0,
      0.08545152425805363,
      0.08037221467711621
    ],
    [
      3.6958499763177943e-16,
      3.4471572676309864e-16,
      0.0,
      0.0,
      0.0,
      0.042232783654880514,
      0.10765614236912203,
      0.13272502882726694,
      0.2768945694953724,
      0.20224422651657917,
      0.17013478247202307,
      0.16763834211639955,
      0.13493229636737158,
      0.09594963961504573,
      0.037669373785689596,
      0.0,
      0.0,
      0.0,
      0.0,
      0.09040046384652228
    ],
    [
      0.19757460175558406,
      0.14662686324901095,
      0.08243978668973542,
      0.06824915185096009,
      0.03707224172357512,
      0.0,
      0.0,
      1.018830366857948e-15,
      0.10504429621066717,
      4.833150715103838e-15,
      0.0,
      0.0,
      0.0,
      0.0,
      0.0,
      0.0,
      0.02598881641710143,
      0.10141129924276537,
      0.1707617239553033,
      0.25729934772953306
    ],
    [
      0.0,
      0.055393852800506,
      0.13353038869239947,
      0.1441383728874742,
      0.10030915359243109,
      0.03934937667366379,
      3.670507230203283e-15,
      0.0,
      0.0,
      0.0,
      1.9372390416851975e-15,
      0.05426115946817379,
      0.013905583722200519,
      0.0,
      0.0,
      0.04215434451972222,
      0.08430868903944129,
      0.04215434451971699,
      0.0,
      1.082745495634423e-16
    ],
    [
      0.0,
      0.0,
      0.0,
      0.0,
      0.0,
      3.7458858518471464e-16,
      0.031659039856600533,
      0.12353715202373701,
      0.17693469250706878,
      0.17723329248259997,
      0.19018028786465344,
      0.20613158539755874,
      0.21414915823868677,
      0.19403146475904878,
      0.1481177540481762,
      0.08015075869542042,
      0.02054034776184219,
      7.009172912965364e-17,
      0.0,
      0.0
    ],
    [
      0.12212481604572785,
      3.1622016203575724e-17,
      0.0,
      0.0,
      0.0,
      1.897320972214642e-16,
      0.0,
      0.0,
      0.0,
      0.0,
      0.07693786862208758,
      0.04138832599303962,
      0.0,
      0.019324931070194583,
      0.0908935030062654,
      0.22106300098568074,
      0.3299447943374988,
      0.3197931682942429,
      0.313283140632094,
      0.2830281513031762
    ],
    [
      0.0,
      1.1622382420801515e-16,
      0.0,
      7.903220046145035e-16,
      0.09885492815452109,
      0.2710161902212519,
      0.3417661759528081,
      0.26104103066967005,
      0.1589753331699847,
      0.20311553448806102,
      0.13404645899858186,
      1.3496491586155774e-15,
      0.0,
      0.0,
      0.0,
      3.631994506500477e-17,
      0.0,
      1.743357363120229e-17,
      0.0,
      0.0
    ],
    [
      0.05194540232467963,
      0.05194540232468875,
      0.0,
      0.05194540232471214,
      0.10361240561930932,
      0.12468189478918414,
      0.11407737829257715,
      2.5146541163981605e-15,
      0.0,
      0.0,
      0.0,
      0.0,
      0.0,
      0.0,
      0.017927828935852954,
      0.015608759163943588,
      3.3004835277725854e-16,
      0.03370730392484662,
      0.024304716749940773,
      0.0
    ]
  ],
  "M": [
    [
      0.1,
      0.09755282581475769,
      0.09045084971874737,
      0.07938926261462367,
      0.06545084971874737,
      0.05000000000000001,
      0.03454915028125265,
      0.020610737385376346,
      0.00954915028125263,
      0.002447174185242323,
      0.0,
      0.0024471741852423127,
      0.009549150281252623,
      0.02061073738537634,
      0.03454915028125262,
      0.04999999999999999,
      0.06545084971874736,
      0.07938926261462365,
      0.09045084971874737,
      0.09755282581475766
    ],
    [
      0.09755282581475769,
      0.1,
      0.09755282581475766,
      0.09045084971874738,
      0.07938926261462367,
      0.0654508497187474,
      0.050000000000000024,
      0.034549150281252626,
      0.020610737385376346,
      0.009549150281252635,
      0.002447174185242323,
      0.0,
      0.002447174185242318,
      0.009549150281252623,
      0.02061073738537634,
      0.034549150281252626,
      0.04999999999999999,
      0.06545084971874736,
      0.07938926261462365,
      0.09045084971874737
    ],
    [
      0.09045084971874737,
      0.09755282581475766,
      0.09999999999999998,
      0.09755282581475766,
      0.09045084971874738,
      0.07938926261462367,
      0.06545084971874737,
      0.04999999999999999,
      0.034549150281252626,
      0.020610737385376346,
      0.00954915028125263,
      0.0024471741852423283,
      0.0,
      0.0024471741852423205,
      0.009549150281252623,
      0.02061073738537634,
      0.03454915028125262,
      0.04999999999999999,
      0.06545084971874736,
      0.07938926261462362
    ],
    [
      0.07938926261462367,
      0.09045084971874738,
      0.09755282581475766,
      0.1,
      0.09755282581475769,
      0.09045084971874738,
      0.07938926261462367,
      0.06545084971874736,
      0.04999999999999999,
      0.034549150281252626,
      0.020610737385376346,
      0.009549150281252642,
      0.002447174185242324,
      0.0,
      0.0024471741852423188,
      0.009549150281252628,
      0.02061073738537634,
      0.034549150281252626,
      0.04999999999999999,
      0.06545084971874736
    ],
    [
      0.06545084971874737,
      0.07938926261462367,
      0.09045084971874738,
      0.09755282581475769,
      0.1,
      0.09755282581475769,
      0.09045084971874738,
      0.07938926261462367,
      0.06545084971874737,
      0.050000000000000024,
      0.034549150281252626,
      0.02061073738537637,
      0.009549150281252635,
      0.0024471741852423222,
      0.0,
      0.0024471741852423188,
      0.009549150281252616,
      0.02061073738537634,
      0.034549150281252626,
      0.049999999999999975
    ],
    [
      0.05000000000000001,
      0.0654508497187474,
      0.07938926261462367,
      0.09045084971874738,
      0.09755282581475769,
      0.1,
      0.09755282581475766,
      0.09045084971874737,
      0.07938926261462365,
      0.06545084971874737,
      0.04999999999999999,
      0.034549150281252654,
      0.02061073738537634,
      0.009549150281252628,
      0.0024471741852423205,
      0.0,
      0.0024471741852423188,
      0.009549150281252623,
      0.020610737385376346,
      0.034549150281252626
    ],
    [
      0.03454915028125265,
      0.050000000000000024,
      0.06545084971874737,
      0.07938926261462367,
      0.09045084971874738,
      0.09755282581475766,
      0.1,
      0.09755282581475766,
      0.09045084971874737,
      0.07938926261462365,
      0.06545084971874736,
      0.05000000000000001,
      0.034549150281252626,
      0.02061073738537634,
      0.009549150281252623,
      0.0024471741852423188,
      0.0,
      0.002447174185242324,
      0.009549150281252635,
      0.02061073738537634
    ],
    [
      0.020610737385376346,
      0.034549150281252626,
      0.04999999999999999,
      0.06545084971874736,
      0.07938926261462367,
      0.09045084971874737,
      0.09755282581475766,
      0.09999999999999998,
      0.09755282581475766,
      0.09045084971874737,
      0.07938926261462365,
      0.06545084971874737,
      0.05000000000000001,
      0.034549150281252626,
      0.020610737385376346,
      0.009549150281252628,
      0.0024471741852423257,
      0.0,
      0.0024471741852423205,
      0.009549150281252623
    ],
    [
      0.00954915028125263,
      0.020610737385376346,
      0.034549150281252626,
      0.04999999999999999,
      0.06545084971874737,
      0.07938926261462365,
      0.09045084971874737,
      0.09755282581475766,
      0.09999999999999998,
      0.09755282581475769,
      0.09045084971874737,
      0.07938926261462367,
      0.06545084971874737,
      0.04999999999999999,
      0.034549150281252626,
      0.02061073738537635,
      0.009549150281252637,
      0.002447174185242324,
      0.0,
      0.0024471741852423188
    ],
    [
      0.002447174185242323,
      0.009549150281252635,
      0.020610737385376346,
      0.034549150281252626,
      0.050000000000000024,
      0.06545084971874737,
      0.07938926261462365,
      0.09045084971874737,
      0.09755282581475769,
      0.1,
      0.09755282581475769,
      0.09045084971874738,
      0.07938926261462367,
      0.06545084971874737,
      0.05000000000000001,
      0.03454915028125265,
      0.020610737385376353,
      0.00954915028125263,
      0.0024471741852423222,
      0.0
    ],
    [
      0.0,
      0.002447174185242323,
      0.00954915028125263,
      0.020610737385376346,
      0.034549150281252626,
      0.04999999999999999,
      0.06545084971874736,
      0.07938926261462365,
      0.09045084971874737,
      0.09755282581475769,
      0.1,
      0.09755282581475769,
      0.09045084971874738,
      0.07938926261462367,
      0.06545084971874737,
      0.05000000000000001,
      0.03454915028125265,
      0.020610737385376346,
      0.00954915028125263,
      0.002447174185242323
    ],
    [
      0.0024471741852423127,
      0.0,
      0.0024471741852423283,
      0.009549150281252642,
      0.02061073738537637,
      0.034549150281252654,
      0.05000000000000001,
      0.06545084971874737,
      0.07938926261462367,
      0.09045084971874738,
      0.09755282581475769,
      0.1,
      0.09755282581475769,
      0.09045084971874737,
      0.07938926261462365,
      0.06545084971874736,
      0.04999999999999999,
      0.034549150281252605,
      0.02061073738537633,
      0.009549150281252616
    ],
    [
      0.009549150281252623,
      0.002447174185242318,
      0.0,
      0.002447174185242324,
      0.009549150281252635,
      0.02061073738537634,
      0.034549150281252626,
      0.05000000000000001,
      0.06545084971874737,
      0.07938926261462367,
      0.09045084971874738,
      0.09755282581475769,
      0.1,
      0.09755282581475769,
      0.09045084971874737,
      0.07938926261462365,
      0.06545084971874737,
      0.05000000000000001,
      0.034549150281252626,
      0.020610737385376346
    ],
    [
      0.02061073738537634,
      0.009549150281252623,
      0.0024471741852423205,
      0.0,
      0.0024471741852423222,
      0.009549150281252628,
      0.02061073738537634,
      0.034549150281252626,
      0.04999999999999999,
      0.06545084971874737,
      0.07938926261462367,
      0.09045084971874737,
      0.09755282581475769,
      0.1,
      0.09755282581475766,
      0.09045084971874738,
      0.07938926261462367,
      0.06545084971874737,
      0.05000000000000001,
      0.034549150281252626
    ],
    [
      0.03454915028125262,
      0.02061073738537634,
      0.009549150281252623,
      0.0024471741852423188,
      0.0,
      0.0024471741852423205,
      0.009549150281252623,
      0.020610737385376346,
      0.034549150281252626,
      0.05000000000000001,
      0.06545084971874737,
      0.07938926261462365,
      0.09045084971874737,
      0.09755282581475766,
      0.09999999999999998,
      0.09755282581475766,
      0.09045084971874737,
      0.07938926261462365,
      0.06545084971874737,
      0.04999999999999999
    ],
    [
      0.04999999999999999,
      0.034549150281252626,
      0.02061073738537634,
      0.009549150281252628,
      0.0024471741852423188,
      0.0,
      0.0024471741852423188,
      0.009549150281252628,
      0.02061073738537635,
      0.03454915028125265,
      0.05000000000000001,
      0.06545084971874736,
      0.07938926261462365,
      0.09045084971874738,
      0.09755282581475766,
      0.1,
      0.09755282581475766,
      0.09045084971874738,
      0.07938926261462367,
      0.06545084971874737
    ],
    [
      0.06545084971874736,
      0.04999999999999999,
      0.03454915028125262,
      0.02061073738537634,
      0.009549150281252616,
      0.0024471741852423188,
      0.0,
      0.0024471741852423257,
      0.009549150281252637,
      0.020610737385376353,
      0.03454915028125265,
      0.04999999999999999,
      0.06545084971874737,
      0.07938926261462367,
      0.09045084971874737,
      0.09755282581475766,
      0.1,
      0.09755282581475769,
      0.09045084971874738,
      0.07938926261462365
    ],
    [
      0.07938926261462365,
      0.06545084971874736,
      0.04999999999999999,
      0.034549150281252626,
      0.02061073738537634,
      0.009549150281252623,
      0.002447174185242324,
      0.0,
      0.002447174185242324,
      0.00954915028125263,
      0.020610737385376346,
      0.034549150281252605,
      0.05000000000000001,
      0.06545084971874737,
      0.07938926261462365,
      0.09045084971874738,
      0.09755282581475769,
      0.1,
      0.09755282581475766,
      0.09045084971874734
    ],
    [
      0.09045084971874737,
      0.07938926261462365,
      0.06545084971874736,
      0.04999999999999999,
      0.034549150281252626,
      0.020610737385376346,
      0.009549150281252635,
      0.0024471741852423205,
      0.0,
      0.0024471741852423222,
      0.00954915028125263,
      0.02061073738537633,
      0.034549150281252626,
      0.05000000000000001,
      0.06545084971874737,
      0.07938926261462367,
      0.09045084971874738,
      0.09755282581475766,
      0.1,
      0.09755282581475766
    ],
    [
      0.09755282581475766,
      0.09045084971874737,
      0.07938926261462362,
      0.06545084971874736,
      0.049999999999999975,
      0.034549150281252626,
      0.02061073738537634,
      0.009549150281252623,
      0.0024471741852423188,
      0.0,
      0.002447174185242323,
      0.009549150281252616,
      0.020610737385376346,
      0.034549150281252626,
      0.04999999999999999,
      0.06545084971874737,
      0.07938926261462365,
      0.09045084971874734,
      0.09755282581475766,
      0.09999999999999998
    ]
  ],
  "score": 2.83677193829119e-16
}