{
  "k": 13,
  "M_approx": [
    [
      0.10000000000707114,
      0.09755282580217935,
      0.09045084971182078,
      0.07938926261699207,
      0.06545084972514562,
      0.04999999999617529,
      0.03454915028509181,
      0.020610737388531624,
      0.009549150278834526,
      0.002447174180770161,
      0.0,
      0.002447174185803051,
      0.00954915029894993,
      0.020610737373495558,
      0.034549150290441866,
      0.049999999973607726,
      0.06545084973486108,
      0.0793892626150721,
      0.09045084971410675,
      0.09755282582476948
    ],
    [
      0.09755282581555658,
      0.0999999999910229,
      0.0975528258023258,
      0.09045084971785487,
      0.07938926262071494,
      0.06545084974551353,
      0.05000000000931269,
      0.03454915027846621,
      0.020610737371831018,
      0.009549150271345548,
      0.002447174175346646,
      0.0,
      0.002447174328103578,
      0.009549150223266504,
      0.020610737359490164,
      0.03454915031044105,
      0.05000000000317119,
      0.06545084971356821,
      0.07938926260979888,
      0.09045084972096348
    ],
    [
      0.09045084969137195,
      0.09755282586340523,
      0.10000000003603571,
      0.09755282581225362,
      0.0904508496867988,
      0.07938926258323188,
      0.06545084969465699,
      0.04999999999782751,
      0.034549150312692005,
      0.02061073742620719,
      0.009549150324714659,
      0.002447174295438666,
      4.2009096204244105e-10,
      0.0024471743806394356,
      0.009549150352695893,
      0.020610737379882227,
      0.03454915021709554,
      0.050000000017822004,
      0.06545084974693198,
      0.07938926258010122
    ],
    [
      0.07938926261712366,
      0.09045084971649288,
      0.0975528258106201,
      0.0999999999985487,
      0.09755282581838867,
      0.09045084973057167,
      0.07938926261781555,
      0.06545084971684678,
      0.0499999999926121,
      0.03454915027291289,
      0.020610737367174663,
      0.009549150231005488,
      0.0024471743627089084,
      0.0,
      0.002447174125051667,
      0.009549150334647252,
      0.020610737384452935,
      0.03454915027564354,
      0.04999999999611265,
      0.06545084972063335
    ],
    [
      0.06545084971321583,
      0.07938926263637276,
      0.09045084972344147,
      0.09755282580483605,
      0.09999999999817562,
      0.09755282584785815,
      0.09045084972006698,
      0.07938926260358668,
      0.06545084970020466,
      0.049999999981521395,
      0.03454915026358893,
      0.02061073737765587,
      0.00954915038793276,
      0.0024471741588776336,
      0.0,
      0.002447174305885411,
      0.009549150240817797,
      0.020610737369555963,
      0.034549150279380436,
      0.049999999986437366
    ],
    [
      0.05000000004932816,
      0.06545084962305908,
      0.07938926257234424,
      0.09045084974513917,
      0.09755282585424027,
      0.09999999994753381,
      0.09755282583253187,
      0.09045084974404484,
      0.07938926262151692,
      0.06545084970724775,
      0.05000000000141115,
      0.03454915028781501,
      0.02061073738429685,
      0.009549150227341069,
      0.0024471743771820598,
      4.861903801339675e-10,
      0.002447174385283679,
      0.009549150281697137,
      0.02061073734757555,
      0.03454915035063776
    ],
    [
      0.03454915026655625,
      0.05000000001883779,
      0.06545084972553165,
      0.07938926260588292,
      0.09045084970975403,
      0.09755282582787184,
      0.09999999999929451,
      0.09755282581186962,
      0.09045084971745927,
      0.07938926262001812,
      0.06545084972054463,
      0.04999999998406546,
      0.03454915028165108,
      0.02061073740547298,
      0.009549150222822959,
      0.002447174302164381,
      0.0,
      0.002447174201308721,
      0.00954915029985259,
      0.020610737370572275
    ],
    [
      0.02061073736948617,
      0.034549150313311315,
      0.050000000016761414,
      0.06545084971216224,
      0.07938926260091082,
      0.09045084972743722,
      0.09755282580547826,
      0.09999999999211338,
      0.09755282581789868,
      0.09045084972720985,
      0.07938926261877298,
      0.06545084973148524,
      0.04999999995619327,
      0.03454915031148976,
      0.020610737354576546,
      0.009549150347578684,
      0.002447174149937677,
      0.0,
      0.0024471741966966337,
      0.009549150258105262
    ],
    [
      0.009549150272565062,
      0.020610737404554942,
      0.034549150292734164,
      0.04999999999768004,
      0.06545084970898576,
      0.0793892626152467,
      0.09045084971187753,
      0.09755282581052249,
      0.10000000000432399,
      0.0975528258219113,
      0.09045084972342374,
      0.07938926262865471,
      0.06545084967617801,
      0.05000000002270176,
      0.034549150269505245,
      0.020610737416416856,
      0.00954915026186236,
      0.0024471741845575453,
      6.065858434790594e-12,
      0.0024471741714391457
    ],
    [
      0.0024471741899719456,
      0.009549150276205584,
      0.02061073738327107,
      0.03454915028363579,
      0.050000000000467025,
      0.06545084971819785,
      0.07938926261588602,
      0.0904508497192852,
      0.09755282581385975,
      0.09999999999881437,
      0.09755282581321813,
      0.09045084971657161,
      0.07938926262650745,
      0.0654508497108578,
      0.05000000000353178,
      0.034549150270527657,
      0.02061073739474686,
      0.00954915028017338,
      0.0024471741830028298,
      4.394790630164552e-12
    ],
    [
      5.880702246105175e-12,
      0.0024471741750926564,
      0.00954915027621023,
      0.02061073738715659,
      0.03454915028526394,
      0.04999999999921968,
      0.06545084972234046,
      0.07938926261698268,
      0.0904508497167407,
      0.09755282581182538,
      0.0999999999989554,
      0.09755282580769864,
      0.09045084973484957,
      0.07938926260481333,
      0.06545084973090115,
      0.0499999999763629,
      0.03454915029513387,
      0.020610737385908347,
      0.009549150278209705,
      0.00244717419242007
    ],
    [
      0.002447174183036318,
      4.190429300721358e-12,
      0.002447174187698136,
      0.009549150277311484,
      0.02061073738629656,
      0.03454915028115423,
      0.04999999999861856,
      0.06545084971907028,
      0.079389262616847,
      0.09045084972232753,
      0.09755282582067883,
      0.09999999999860193,
      0.09755282578352234,
      0.09045084973591748,
      0.07938926262793394,
      0.0654508497141469,
      0.0499999999948464,
      0.03454915028387228,
      0.020610737388358398,
      0.009549150278469696
    ],
    [
      0.009549150286121664,
      0.002447174181674189,
      0.0,
      0.002447174194027687,
      0.009549150283967247,
      0.02061073738532874,
      0.03454915028470236,
      0.05000000000181246,
      0.06545084971642127,
      0.07938926260936216,
      0.0904508497141858,
      0.09755282581117068,
      0.10000000002440992,
      0.09755282580310887,
      0.0904508497177328,
      0.07938926260626268,
      0.06545084972637727,
      0.049999999999088114,
      0.034549150278952265,
      0.020610737390347404
    ],
    [
      0.020610737392583046,
      0.009549150268095507,
      0.002447174183724256,
      2.2518625092054944e-11,
      0.0024471741958815175,
      0.009549150282536703,
      0.02061073738941663,
      0.03454915028137075,
      0.049999999995050524,
      0.0654508497104536,
      0.07938926260630066,
      0.09045084971404035,
      0.09755282587099781,
      0.09999999996991933,
      0.09755282580489527,
      0.09045084970897464,
      0.0793892626313929,
      0.06545084971557169,
      0.049999999993312755,
      0.034549150290459414
    ],
    [
      0.03454915027609289,
      0.02061073739532358,
      0.00954915028757069,
      0.0024471741855746276,
      0.0,
      0.002447174185967311,
      0.009549150277718483,
      0.020610737383394428,
      0.034549150283547284,
      0.050000000004661656,
      0.06545084972083089,
      0.07938926262046339,
      0.09045084969898567,
      0.09755282582510127,
      0.09999999999260477,
      0.09755282583328137,
      0.09045084970708338,
      0.07938926261456611,
      0.0654508497216049,
      0.049999999993174477
    ],
    [
      0.049999999999662176,
      0.03454915028329264,
      0.020610737385952572,
      0.009549150284302041,
      0.002447174181332619,
      0.0,
      0.0024471741843882073,
      0.009549150281532876,
      0.020610737386366533,
      0.03454915028260239,
      0.05000000000116917,
      0.06545084972322693,
      0.07938926260728245,
      0.0904508497206023,
      0.09755282581374297,
      0.10000000000150741,
      0.09755282581303636,
      0.090450849718792,
      0.07938926261546402,
      0.06545084971809817
    ],
    [
      0.06545084971520253,
      0.05000000000340986,
      0.0345491502830267,
      0.02061073738579373,
      0.009549150277858192,
      0.002447174186700828,
      4.214030914790073e-13,
      0.0024471741878760726,
      0.009549150283817894,
      0.020610737388145325,
      0.03454915028738689,
      0.049999999999745665,
      0.06545084968697143,
      0.07938926263204922,
      0.0904508497295947,
      0.09755282581359717,
      0.09999999999349812,
      0.09755282581716546,
      0.09045084972168606,
      0.07938926261097344
    ],
    [
      0.07938926261079418,
      0.06545084972377983,
      0.050000000002762,
      0.034549150278378446,
      0.020610737384360877,
      0.009549150284092589,
      0.0024471741841430154,
      0.0,
      0.0024471741858143633,
      0.00954915028478875,
      0.020610737386513367,
      0.03454915027880493,
      0.04999999998736227,
      0.06545084972791153,
      0.07938926261452643,
      0.09045084972861621,
      0.09755282580680773,
      0.10000000000065201,
      0.09755282581729263,
      0.0904508497139953
    ],
    [
      0.09045084972113215,
      0.0793892626124896,
      0.06545084971887558,
      0.049999999999585154,
      0.03454915028352199,
      0.020610737381227318,
      0.0095491502810481,
      0.0024471741863275774,
      4.61761202441019e-13,
      0.002447174187641181,
      0.009549150279611522,
      0.020610737389825603,
      0.03454915028424102,
      0.049999999995298854,
      0.06545084971977554,
      0.0793892626070979,
      0.09045084972416621,
      0.09755282581431528,
      0.09999999999865658,
      0.09755282581723956
    ],
    [
      0.09755282582116998,
      0.0904508497107662,
      0.07938926261084978,
      0.06545084971995756,
      0.050000000005048,
      0.034549150277964284,
      0.020610737387355974,
      0.009549150282628581,
      0.0024471741838180687,
      0.0,
      0.0024471741798699174,
      0.009549150285122784,
      0.020610737419843345,
      0.034549150260012255,
      0.049999999992667105,
      0.06545084970837332,
      0.07938926262852104,
      0.09045084971646992,
      0.09755282581008484,
      0.10000000000734677
    ]
  ],
  "A": [
    [
      0.2297053254014569,
      0.09406031754829082,
      0.0,
      0.17381113095991008,
      0.0,
      0.0,
      0.0,
      0.0,
      0.08202827481869918,
      0.2776953226525312,
      0.0,
      0.0,
      0.1686460802390691
    ],
    [
      0.05888990227816397,
      0.20673419180067784,
      0.0,
      0.13176671120432717,
      0.1575815758154066,
      0.0,
      0.0,
      0.0,
      0.10913964735784545,
      0.415414127602787,
      0.0,
      0.0,
      0.0
    ],
    [
      0.0,
      0.24021092530436247,
      0.0,
      0.11819003534045874,
      0.27124842253776793,
      0.0,
      0.0,
      0.0,
      0.05055406354613776,
      0.43869997703327906,
      0.0,
      0.098919443362079,
      1.9002986139232246e-05
    ],
    [
      0.0,
      0.285292010624977,
      0.05379622069816498,
      0.0935710239957515,
      0.3247069445141818,
      0.0,
      0.0,
      0.0,
      0.0,
      0.3851594864606888,
      0.0,
      0.13884276019810263,
      0.021654910785414417
    ],
    [
      0.03378181046501564,
      0.3777367833535975,
      0.17909410274862675,
      0.04288097990590784,
      0.31051785287193745,
      0.0,
      0.0,
      0.0,
      0.0,
      0.27706517047426893,
      0.0,
      0.052565534233734286,
      0.0
    ],
    [
      9.045469087935764e-05,
      0.4237267671704477,
      0.27049855571683,
      0.021689039718634815,
      0.24557229524250374,
      0.0,
      0.0,
      0.05369246087687175,
      0.0,
      0.1773080156910126,
      0.0,
      0.0,
      0.0
    ],
    [
      0.0,
      0.4173852992217425,
      0.33364103020294156,
      0.0,
      0.17806418299320168,
      0.0059621318103194295,
      0.0,
      0.11522567199398598,
      0.0,
      0.0969773602133883,
      0.0,
      0.0,
      0.0
    ],
    [
      0.0,
      0.3781956886432164,
      0.38138609758451797,
      0.0,
      0.06135673608063296,
      0.010723380801309305,
      0.0,
      0.19305841559654033,
      0.0,
      0.0,
      0.0,
      0.0,
      0.036124055383551935
    ],
    [
      0.0,
      0.2659517599494957,
      0.35146757466484746,
      0.0,
      1.5208613902039506e-10,
      0.024673797474657703,
      0.0,
      0.278256084145077,
      0.0,
      0.0,
      0.0,
      0.11461765254262267,
      0.03612405541337334
    ],
    [
      0.0,
      0.09164073118223827,
      0.24681409507894353,
      0.0,
      0.0,
      0.04644781787330552,
      0.0,
      0.36247893619744215,
      0.0,
      0.09697736003533654,
      0.0,
      0.33263338270932474,
      0.0
    ],
    [
      0.0,
      0.0,
      0.17159715562479833,
      0.0,
      0.0,
      0.06550125650053575,
      0.034262217010407,
      0.372776925927679,
      0.0,
      0.09697736026749754,
      0.0,
      0.38275715558568457,
      8.680821251036629e-11
    ],
    [
      0.0,
      0.0,
      0.13317951465211825,
      0.0,
      0.0,
      0.07996903000331528,
      0.09943282659878126,
      0.3081420141864804,
      0.0,
      1.6605960299337765e-10,
      0.0,
      0.26008250639120095,
      0.03612405587642115
    ],
    [
      0.0,
      0.0,
      0.06692964155179698,
      0.0,
      0.0,
      0.06655679041113455,
      0.07370623744283311,
      0.33324236076901337,
      0.0,
      0.0,
      0.06555289398904286,
      0.20029271157861764,
      0.0
    ],
    [
      0.0,
      0.0,
      0.0,
      0.016767812626890317,
      0.0,
      0.05566796283056891,
      0.06512405790348363,
      0.32266452671002716,
      2.3689852733571492e-09,
      0.0,
      0.10750262980699106,
      0.131433714506145,
      0.0
    ],
    [
      0.09737481254368437,
      0.0,
      0.0,
      0.012017458967817586,
      0.0,
      0.07725544117650558,
      0.13292515014181003,
      0.17638178202117677,
      0.068984567952753,
      0.0,
      0.04904084674056911,
      0.0,
      0.0
    ],
    [
      0.34954930132931167,
      0.0,
      0.0,
      0.0,
      0.0,
      0.04483744521620791,
      0.038467319601064136,
      0.15021758483669956,
      0.04036000836710074,
      0.0,
      0.12516592019887415,
      0.0,
      0.02111048485354394
    ],
    [
      0.5569368725982646,
      0.0,
      0.0,
      0.0,
      0.02950464294854505,
      0.02938619814743146,
      0.0,
      0.06499649923477034,
      0.014639757940042557,
      0.0,
      0.14625950100773286,
      0.0,
      0.07650900238852683
    ],
    [
      0.5912392256698781,
      0.0,
      0.0,
      0.0,
      0.054276899285373444,
      0.03511931810485217,
      0.0,
      0.0,
      0.0938832871995567,
      0.15011925414530902,
      0.09681546466167754,
      0.0,
      6.836430485117448e-05
    ],
    [
      0.484791368700264,
      0.0,
      0.0,
      0.05696299309825023,
      0.0,
      0.030853382344684783,
      0.0,
      0.0,
      0.15358711069059997,
      0.26801120381247323,
      0.037852901303001805,
      0.0,
      0.0
    ],
    [
      0.35167969195634224,
      0.03744773243391056,
      0.0,
      0.10047138478306206,
      0.0,
      0.023018775227897116,
      0.0,
      0.0,
      0.17690644988883747,
      0.35666573222550396,
      0.0,
      0.0,
      0.0
    ]
  ],
  "B": [
    [
      0.055981527538829644,
      0.07249464077776904,
      0.04996918291278937,
      0.018397308997606384,
      0.0,
      0.0,
      0.0,
      0.0,
      0.0,
      0.0,
      0.0,
      0.0,
      0.041555075376835456,
      0.07244058637449054,
      0.0,
      5.374960385221098e-06,
      0.04326422247394655,
      0.07330874891293167,
      0.0783909158692508,
      0.058013245555103364
    ],
    [
      0.026704001140120268,
      0.07749802970087924,
      0.12070601132377132,
      0.12208792910142217,
      0.10741510257690129,
      0.05602046413296094,
      0.15113795101836391,
      0.13973668470722697,
      0.06534906185100785,
      0.0,
      0.0,
      0.0,
      0.0,
      0.0,
      0.0,
      0.0,
      0.0,
      0.0,
      0.0,
      4.795673903370543e-11
    ],
    [
      0.0,
      0.0,
      0.0,
      0.036563384134275005,
      0.08695527300101681,
      0.1682680662174679,
      0.10591131820198471,
      0.10457479411131053,
      0.1298280009113634,
      0.1617334593349189,
      0.15015006429834843,
      0.1078229912304966,
      0.045480809153865466,
      0.0,
      0.0,
      0.0,
      0.0,
      0.0,
      0.0,
      0.0
    ],
    [
      0.2952519825773455,
      0.3301526642254007,
      0.14594474172483923,
      0.0,
      0.0,
      0.20363491088430374,
      0.09093897888193053,
      0.04296077248094516,
      8.106336716621783e-12,
      0.0,
      0.0,
      0.0,
      0.0,
      0.0,
      0.0,
      0.0,
      0.1126495670213771,
      0.2336775590097475,
      0.29207725703274173,
      0.282132091760556
    ],
    [
      0.13143178132102465,
      0.08539778900900101,
      0.031004465432026822,
      0.010647542666547842,
      0.023049158456712578,
      0.08294200309316078,
      1.4282602647112792e-11,
      0.0,
      0.04506143467165413,
      0.06059813923000468,
      0.015529570399862622,
      0.0,
      0.0,
      0.0,
      0.0,
      0.0,
      0.0,
      0.0,
      0.039884360756749504,
      0.11574892268672997
    ],
    [
      0.0,
      0.0,
      0.0,
      0.0,
      0.0,
      0.0,
      0.0,
      0.0,
      0.0,
      0.0,
      0.10631209330825371,
      0.4148418058989469,
      0.2605117454219606,
      0.022144672920004955,
      0.7207889559713255,
      0.41045290175046806,
      0.0,
      0.0,
      0.0,
      0.0
    ],
    [
      0.0,
      0.0,
      0.0,
      0.0,
      0.0,
      0.0,
      0.06361696655153769,
      0.10121133592938736,
      0.12361994918129302,
      0.18373062783340918,
      0.23182046289170744,
      0.1469718207503408,
      0.23133658335787521,
      0.34108272548239277,
      0.03642448932475837,
      0.15460134694790004,
      0.3161683157240009,
      0.291615874340725,
      0.20728302804197454,
      0.07142486389004102
    ],
    [
      0.0,
      0.0,
      0.0,
      0.0,
      0.0,
      0.0,
      0.0,
      0.03765086145696504,
      0.10271440604806004,
      0.12703754487190286,
      0.10375743874861502,
      0.10025964165140501,
      0.1546676238753469,
      0.17772695608749717,
      0.04557761624660773,
      0.0,
      0.0,
      0.0,
      0.0,
      0.0
    ],
    [
      0.2668126552289528,
      0.11239080475656826,
      0.04246638937039032,
      0.009505599441799496,
      0.0,
      0.0,
      0.0,
      0.0,
      0.0,
      0.0,
      0.0,
      0.0,
      0.0,
      0.04840707569246222,
      0.18884738826314862,
      0.31655621596678807,
      0.2987797009974246,
      0.18196886430333578,
      0.17884395112530793,
      0.2897108486469799
    ],
    [
      0.0,
      0.025234489455502735,
      0.09846783047084005,
      0.14783414003956555,
      0.12890935077361895,
      0.03362203978706411,
      0.016301534385449585,
      0.0,
      0.0,
      0.0,
      0.0,
      0.0,
      0.0,
      0.0,
      0.0,
      0.0,
      0.0,
      0.025234489739914306,
      0.025234489597480588,
      0.0
    ],
    [
      0.1456709186282119,
      0.03733129130932394,
      0.0,
      0.0,
      0.0,
      0.0,
      0.0,
      0.0,
      0.0,
      0.06464958043908554,
      0.16561643628651043,
      0.20636369395670126,
      0.16817574637462598,
      0.17867819351903122,
      0.3753357670746485,
      0.47826827946684464,
      0.45362865160224436,
      0.3696204346726327,
      0.29397784023756773,
      0.23410529237215869
    ],
    [
      0.0,
      0.0,
      0.0,
      0.0,
      0.018619075060585792,
      0.0466747689174407,
      0.11369148832051558,
      0.11480236909539332,
      0.0670077086818981,
      0.04218899604265031,
      0.05395075699656207,
      0.024736274947293677,
      0.0,
      0.0,
      0.0,
      0.04655127671891988,
      0.06196232388604777,
      0.021350761686970678,
      0.0,
      0.0
    ],
    [
      0.06774361637043183,
      0.0,
      0.06774361604683275,
      0.1295440499740506,
      0.11592221582356492,
      0.0,
      0.0,
      0.0,
      0.020174775265536515,
      0.014510708919537879,
      0.0,
      0.014510708949380792,
      2.2106576248832304e-05,
      0.0,
      0.11300781376111471,
      0.14250082186093324,
      0.06774361637846255,
      0.0,
      0.0,
      0.06774361607736881
    ]
  ],
  "M": [
    [
      0.1,
      0.09755282581475769,
      0.09045084971874737,
      0.07938926261462367,
      0.06545084971874737,
      0.05000000000000001,
      0.03454915028125265,
      0.020610737385376346,
      0.00954915028125263,
      0.002447174185242323,
      0.0,
      0.0024471741852423127,
      0.009549150281252623,
      0.02061073738537634,
      0.03454915028125262,
      0.04999999999999999,
      0.06545084971874736,
      0.07938926261462365,
      0.09045084971874737,
      0.09755282581475766
    ],
    [
      0.09755282581475769,
      0.1,
      0.09755282581475766,
      0.09045084971874738,
      0.07938926261462367,
      0.0654508497187474,
      0.050000000000000024,
      0.034549150281252626,
      0.020610737385376346,
      0.009549150281252635,
      0.002447174185242323,
      0.0,
      0.002447174185242318,
      0.009549150281252623,
      0.02061073738537634,
      0.034549150281252626,
      0.04999999999999999,
      0.06545084971874736,
      0.07938926261462365,
      0.09045084971874737
    ],
    [
      0.09045084971874737,
      0.09755282581475766,
      0.09999999999999998,
      0.09755282581475766,
      0.09045084971874738,
      0.07938926261462367,
      0.06545084971874737,
      0.04999999999999999,
      0.034549150281252626,
      0.020610737385376346,
      0.00954915028125263,
      0.0024471741852423283,
      0.0,
      0.0024471741852423205,
      0.009549150281252623,
      0.02061073738537634,
      0.03454915028125262,
      0.04999999999999999,
      0.06545084971874736,
      0.07938926261462362
    ],
    [
      0.07938926261462367,
      0.09045084971874738,
      0.09755282581475766,
      0.1,
      0.09755282581475769,
      0.09045084971874738,
      0.07938926261462367,
      0.06545084971874736,
      0.04999999999999999,
      0.034549150281252626,
      0.020610737385376346,
      0.009549150281252642,
      0.002447174185242324,
      0.0,
      0.0024471741852423188,
      0.009549150281252628,
      0.02061073738537634,
      0.034549150281252626,
      0.04999999999999999,
      0.06545084971874736
    ],
    [
      0.06545084971874737,
      0.07938926261462367,
      0.09045084971874738,
      0.09755282581475769,
      0.1,
      0.09755282581475769,
      0.09045084971874738,
      0.07938926261462367,
      0.06545084971874737,
      0.050000000000000024,
      0.034549150281252626,
      0.02061073738537637,
      0.009549150281252635,
      0.0024471741852423222,
      0.0,
      0.0024471741852423188,
      0.009549150281252616,
      0.02061073738537634,
      0.034549150281252626,
      0.049999999999999975
    ],
    [
      0.05000000000000001,
      0.0654508497187474,
      0.07938926261462367,
      0.09045084971874738,
      0.09755282581475769,
      0.1,
      0.09755282581475766,
      0.09045084971874737,
      0.07938926261462365,
      0.06545084971874737,
      0.04999999999999999,
      0.034549150281252654,
      0.02061073738537634,
      0.009549150281252628,
      0.0024471741852423205,
      0.0,
      0.0024471741852423188,
      0.009549150281252623,
      0.020610737385376346,
      0.034549150281252626
    ],
    [
      0.03454915028125265,
      0.050000000000000024,
      0.06545084971874737,
      0.07938926261462367,
      0.09045084971874738,
      0.09755282581475766,
      0.1,
      0.09755282581475766,
      0.09045084971874737,
      0.07938926261462365,
      0.06545084971874736,
      0.05000000000000001,
      0.034549150281252626,
      0.02061073738537634,
      0.009549150281252623,
      0.0024471741852423188,
      0.0,
      0.002447174185242324,
      0.009549150281252635,
      0.02061073738537634
    ],
    [
      0.020610737385376346,
      0.034549150281252626,
      0.04999999999999999,
      0.06545084971874736,
      0.07938926261462367,
      0.09045084971874737,
      0.09755282581475766,
      0.09999999999999998,
      0.09755282581475766,
      0.09045084971874737,
      0.07938926261462365,
      0.06545084971874737,
      0.05000000000000001,
      0.034549150281252626,
      0.020610737385376346,
      0.009549150281252628,
      0.0024471741852423257,
      0.0,
      0.0024471741852423205,
      0.009549150281252623
    ],
    [
      0.00954915028125263,
      0.020610737385376346,
      0.034549150281252626,
      0.04999999999999999,
      0.06545084971874737,
      0.07938926261462365,
      0.09045084971874737,
      0.09755282581475766,
      0.09999999999999998,
      0.09755282581475769,
      0.09045084971874737,
      0.07938926261462367,
      0.06545084971874737,
      0.04999999999999999,
      0.034549150281252626,
      0.02061073738537635,
      0.009549150281252637,
      0.002447174185242324,
      0.0,
      0.0024471741852423188
    ],
    [
      0.002447174185242323,
      0.009549150281252635,
      0.020610737385376346,
      0.034549150281252626,
      0.050000000000000024,
      0.06545084971874737,
      0.07938926261462365,
      0.09045084971874737,
      0.09755282581475769,
      0.1,
      0.09755282581475769,
      0.09045084971874738,
      0.07938926261462367,
      0.06545084971874737,
      0.05000000000000001,
      0.03454915028125265,
      0.020610737385376353,
      0.00954915028125263,
      0.0024471741852423222,
      0.0
    ],
    [
      0.0,
      0.002447174185242323,
      0.00954915028125263,
      0.020610737385376346,
      0.034549150281252626,
      0.04999999999999999,
      0.06545084971874736,
      0.07938926261462365,
      0.09045084971874737,
      0.09755282581475769,
      0.1,
      0.09755282581475769,
      0.09045084971874738,
      0.07938926261462367,
      0.06545084971874737,
      0.05000000000000001,
      0.03454915028125265,
      0.020610737385376346,
      0.00954915028125263,
      0.002447174185242323
    ],
    [
      0.0024471741852423127,
      0.0,
      0.0024471741852423283,
      0.009549150281252642,
      0.02061073738537637,
      0.034549150281252654,
      0.05000000000000001,
      0.06545084971874737,
      0.07938926261462367,
      0.09045084971874738,
      0.09755282581475769,
      0.1,
      0.09755282581475769,
      0.09045084971874737,
      0.07938926261462365,
      0.06545084971874736,
      0.04999999999999999,
      0.034549150281252605,
      0.02061073738537633,
      0.009549150281252616
    ],
    [
      0.009549150281252623,
      0.002447174185242318,
      0.0,
      0.002447174185242324,
      0.009549150281252635,
      0.02061073738537634,
      0.034549150281252626,
      0.05000000000000001,
      0.06545084971874737,
      0.07938926261462367,
      0.09045084971874738,
      0.09755282581475769,
      0.1,
      0.09755282581475769,
      0.09045084971874737,
      0.07938926261462365,
      0.06545084971874737,
      0.05000000000000001,
      0.034549150281252626,
      0.020610737385376346
    ],
    [
      0.02061073738537634,
      0.009549150281252623,
      0.0024471741852423205,
      0.0,
      0.0024471741852423222,
      0.009549150281252628,
      0.02061073738537634,
      0.034549150281252626,
      0.04999999999999999,
      0.06545084971874737,
      0.07938926261462367,
      0.09045084971874737,
      0.09755282581475769,
      0.1,
      0.09755282581475766,
      0.09045084971874738,
      0.07938926261462367,
      0.06545084971874737,
      0.05000000000000001,
      0.034549150281252626
    ],
    [
      0.03454915028125262,
      0.02061073738537634,
      0.009549150281252623,
      0.0024471741852423188,
      0.0,
      0.0024471741852423205,
      0.009549150281252623,
      0.020610737385376346,
      0.034549150281252626,
      0.05000000000000001,
      0.06545084971874737,
      0.07938926261462365,
      0.09045084971874737,
      0.09755282581475766,
      0.09999999999999998,
      0.09755282581475766,
      0.09045084971874737,
      0.07938926261462365,
      0.06545084971874737,
      0.04999999999999999
    ],
    [
      0.04999999999999999,
      0.034549150281252626,
      0.02061073738537634,
      0.009549150281252628,
      0.0024471741852423188,
      0.0,
      0.0024471741852423188,
      0.009549150281252628,
      0.02061073738537635,
      0.03454915028125265,
      0.05000000000000001,
      0.06545084971874736,
      0.07938926261462365,
      0.09045084971874738,
      0.09755282581475766,
      0.1,
      0.09755282581475766,
      0.09045084971874738,
      0.07938926261462367,
      0.06545084971874737
    ],
    [
      0.06545084971874736,
      0.04999999999999999,
      0.03454915028125262,
      0.02061073738537634,
      0.009549150281252616,
      0.0024471741852423188,
      0.0,
      0.0024471741852423257,
      0.009549150281252637,
      0.020610737385376353,
      0.03454915028125265,
      0.04999999999999999,
      0.06545084971874737,
      0.07938926261462367,
      0.09045084971874737,
      0.09755282581475766,
      0.1,
      0.09755282581475769,
      0.09045084971874738,
      0.07938926261462365
    ],
    [
      0.07938926261462365,
      0.06545084971874736,
      0.04999999999999999,
      0.034549150281252626,
      0.02061073738537634,
      0.009549150281252623,
      0.002447174185242324,
      0.0,
      0.002447174185242324,
      0.00954915028125263,
      0.020610737385376346,
      0.034549150281252605,
      0.05000000000000001,
      0.06545084971874737,
      0.07938926261462365,
      0.09045084971874738,
      0.09755282581475769,
      0.1,
      0.09755282581475766,
      0.09045084971874734
    ],
    [
      0.09045084971874737,
      0.07938926261462365,
      0.06545084971874736,
      0.04999999999999999,
      0.034549150281252626,
      0.020610737385376346,
      0.009549150281252635,
      0.0024471741852423205,
      0.0,
      0.0024471741852423222,
      0.00954915028125263,
      0.02061073738537633,
      0.034549150281252626,
      0.05000000000000001,
      0.06545084971874737,
      0.07938926261462367,
      0.09045084971874738,
      0.09755282581475766,
      0.1,
      0.09755282581475766
    ],
    [
      0.09755282581475766,
      0.09045084971874737,
      0.07938926261462362,
      0.06545084971874736,
      0.049999999999999975,
      0.034549150281252626,
      0.02061073738537634,
      0.009549150281252623,
      0.0024471741852423188,
      0.0,
      0.002447174185242323,
      0.009549150281252616,
      0.020610737385376346,
      0.034549150281252626,
      0.04999999999999999,
      0.06545084971874737,
      0.07938926261462365,
      0.09045084971874734,
      0.09755282581475766,
      0.09999999999999998
    ]
  ],
  "score": 1.5598200055251579e-10
}