{
  "k": 3,
  "M_approx": [
    [
      0.5500000000000003,
      0.5487764129073789,
      0.5452254248593736,
      0.5396946313073119,
      0.5327254248593738,
      0.525,
      0.5172745751406264,
      0.5103053686926884,
      0.5047745751406262,
      0.5012235870926209,
      0.49999999999999994,
      0.501223587092621,
      0.5047745751406262,
      0.510305368692688,
      0.5172745751406262,
      0.525,
      0.5327254248593737,
      0.5396946313073119,
      0.5452254248593738,
      0.5487764129073789
    ],
    [
      0.5487764129073789,
      0.5499999999999998,
      0.5487764129073786,
      0.5452254248593735,
      0.5396946313073117,
      0.5327254248593736,
      0.525,
      0.5172745751406265,
      0.510305368692688,
      0.5047745751406262,
      0.5012235870926212,
      0.4999999999999999,
      0.5012235870926212,
      0.5047745751406263,
      0.510305368692688,
      0.5172745751406262,
      0.5249999999999999,
      0.5327254248593736,
      0.5396946313073118,
      0.5452254248593735
    ],
    [
      0.5452254248593739,
      0.548776412907379,
      0.55,
      0.5487764129073789,
      0.5452254248593739,
      0.5396946313073119,
      0.5327254248593738,
      0.5250000000000004,
      0.5172745751406264,
      0.5103053686926882,
      0.5047745751406264,
      0.5012235870926212,
      0.5000000000000001,
      0.5012235870926212,
      0.5047745751406264,
      0.5103053686926882,
      0.5172745751406264,
      0.5250000000000001,
      0.5327254248593739,
      0.5396946313073119
    ],
    [
      0.539694631307312,
      0.5452254248593739,
      0.548776412907379,
      0.55,
      0.548776412907379,
      0.5452254248593738,
      0.5396946313073119,
      0.5327254248593738,
      0.5249999999999998,
      0.5172745751406262,
      0.510305368692688,
      0.5047745751406261,
      0.501223587092621,
      0.4999999999999999,
      0.501223587092621,
      0.5047745751406262,
      0.5103053686926882,
      0.5172745751406264,
      0.5250000000000002,
      0.5327254248593738
    ],
    [
      0.5327254248593738,
      0.539694631307312,
      0.5452254248593738,
      0.5487764129073789,
      0.5500000000000002,
      0.5487764129073789,
      0.5452254248593738,
      0.539694631307312,
      0.5327254248593736,
      0.525,
      0.5172745751406262,
      0.510305368692688,
      0.5047745751406263,
      0.5012235870926212,
      0.49999999999999983,
      0.501223587092621,
      0.5047745751406262,
      0.5103053686926882,
      0.5172745751406265,
      0.525
    ],
    [
      0.5249999999999999,
      0.5327254248593737,
      0.5396946313073118,
      0.5452254248593735,
      0.5487764129073787,
      0.5499999999999997,
      0.5487764129073787,
      0.5452254248593735,
      0.5396946313073117,
      0.5327254248593737,
      0.525,
      0.5172745751406262,
      0.5103053686926883,
      0.5047745751406264,
      0.5012235870926213,
      0.5000000000000001,
      0.5012235870926213,
      0.5047745751406264,
      0.5103053686926885,
      0.5172745751406264
    ],
    [
      0.5172745751406262,
      0.525,
      0.5327254248593737,
      0.5396946313073118,
      0.5452254248593738,
      0.5487764129073788,
      0.5500000000000002,
      0.548776412907379,
      0.5452254248593738,
      0.5396946313073121,
      0.5327254248593738,
      0.525,
      0.5172745751406265,
      0.5103053686926883,
      0.5047745751406263,
      0.501223587092621,
      0.4999999999999999,
      0.501223587092621,
      0.5047745751406264,
      0.510305368692688
    ],
    [
      0.5103053686926882,
      0.5172745751406264,
      0.525,
      0.5327254248593737,
      0.5396946313073119,
      0.5452254248593735,
      0.5487764129073788,
      0.5499999999999998,
      0.5487764129073786,
      0.5452254248593736,
      0.5396946313073117,
      0.5327254248593735,
      0.5249999999999998,
      0.5172745751406261,
      0.510305368692688,
      0.5047745751406262,
      0.5012235870926209,
      0.49999999999999983,
      0.5012235870926213,
      0.5047745751406263
    ],
    [
      0.5047745751406265,
      0.5103053686926884,
      0.5172745751406266,
      0.5250000000000002,
      0.5327254248593739,
      0.5396946313073118,
      0.5452254248593738,
      0.5487764129073787,
      0.5499999999999999,
      0.5487764129073789,
      0.5452254248593736,
      0.5396946313073117,
      0.5327254248593736,
      0.5249999999999999,
      0.5172745751406261,
      0.5103053686926882,
      0.5047745751406262,
      0.5012235870926212,
      0.5000000000000003,
      0.5012235870926213
    ],
    [
      0.501223587092621,
      0.5047745751406263,
      0.5103053686926882,
      0.5172745751406264,
      0.525,
      0.5327254248593735,
      0.5396946313073118,
      0.5452254248593734,
      0.5487764129073789,
      0.5500000000000002,
      0.5487764129073789,
      0.5452254248593736,
      0.5396946313073119,
      0.5327254248593737,
      0.5249999999999999,
      0.5172745751406262,
      0.510305368692688,
      0.5047745751406262,
      0.5012235870926213,
      0.4999999999999999
    ],
    [
      0.49999999999999983,
      0.501223587092621,
      0.5047745751406263,
      0.5103053686926882,
      0.5172745751406264,
      0.5249999999999998,
      0.5327254248593737,
      0.5396946313073115,
      0.5452254248593738,
      0.5487764129073789,
      0.55,
      0.5487764129073789,
      0.5452254248593738,
      0.5396946313073118,
      0.5327254248593737,
      0.525,
      0.5172745751406261,
      0.510305368692688,
      0.5047745751406263,
      0.5012235870926209
    ],
    [
      0.5012235870926212,
      0.5,
      0.5012235870926212,
      0.5047745751406264,
      0.5103053686926883,
      0.5172745751406261,
      0.525,
      0.5327254248593735,
      0.5396946313073119,
      0.5452254248593739,
      0.5487764129073789,
      0.55,
      0.548776412907379,
      0.5452254248593738,
      0.5396946313073119,
      0.5327254248593738,
      0.525,
      0.5172745751406264,
      0.5103053686926883,
      0.5047745751406262
    ],
    [
      0.5047745751406262,
      0.501223587092621,
      0.4999999999999999,
      0.5012235870926212,
      0.5047745751406263,
      0.5103053686926879,
      0.5172745751406261,
      0.5249999999999997,
      0.5327254248593737,
      0.5396946313073118,
      0.5452254248593738,
      0.5487764129073789,
      0.55,
      0.5487764129073788,
      0.5452254248593736,
      0.5396946313073119,
      0.5327254248593736,
      0.5249999999999999,
      0.5172745751406262,
      0.5103053686926879
    ],
    [
      0.5103053686926882,
      0.5047745751406262,
      0.5012235870926212,
      0.5,
      0.5012235870926212,
      0.5047745751406262,
      0.5103053686926882,
      0.5172745751406261,
      0.5250000000000001,
      0.5327254248593737,
      0.5396946313073119,
      0.5452254248593738,
      0.5487764129073789,
      0.5499999999999999,
      0.5487764129073788,
      0.5452254248593736,
      0.5396946313073118,
      0.5327254248593736,
      0.5249999999999999,
      0.5172745751406261
    ],
    [
      0.5172745751406264,
      0.510305368692688,
      0.5047745751406263,
      0.5012235870926212,
      0.5,
      0.501223587092621,
      0.5047745751406263,
      0.510305368692688,
      0.5172745751406264,
      0.5249999999999999,
      0.5327254248593738,
      0.5396946313073119,
      0.5452254248593738,
      0.5487764129073788,
      0.5499999999999999,
      0.5487764129073789,
      0.5452254248593736,
      0.5396946313073119,
      0.5327254248593737,
      0.5249999999999998
    ],
    [
      0.5250000000000001,
      0.5172745751406264,
      0.5103053686926883,
      0.5047745751406265,
      0.5012235870926214,
      0.5000000000000001,
      0.5012235870926213,
      0.5047745751406263,
      0.5103053686926883,
      0.5172745751406262,
      0.5250000000000001,
      0.5327254248593738,
      0.5396946313073119,
      0.5452254248593736,
      0.5487764129073789,
      0.55,
      0.5487764129073789,
      0.5452254248593738,
      0.5396946313073119,
      0.5327254248593737
    ],
    [
      0.5327254248593738,
      0.5249999999999999,
      0.5172745751406262,
      0.5103053686926882,
      0.5047745751406264,
      0.5012235870926212,
      0.5,
      0.5012235870926212,
      0.5047745751406263,
      0.5103053686926879,
      0.5172745751406262,
      0.525,
      0.5327254248593737,
      0.5396946313073117,
      0.5452254248593736,
      0.5487764129073789,
      0.55,
      0.5487764129073789,
      0.5452254248593736,
      0.5396946313073118
    ],
    [
      0.5396946313073121,
      0.5327254248593737,
      0.525,
      0.5172745751406264,
      0.5103053686926882,
      0.5047745751406263,
      0.501223587092621,
      0.5,
      0.501223587092621,
      0.5047745751406261,
      0.5103053686926882,
      0.5172745751406262,
      0.525,
      0.5327254248593736,
      0.5396946313073119,
      0.5452254248593739,
      0.548776412907379,
      0.5500000000000003,
      0.548776412907379,
      0.5452254248593738
    ],
    [
      0.5452254248593739,
      0.5396946313073119,
      0.5327254248593737,
      0.525,
      0.5172745751406264,
      0.5103053686926882,
      0.5047745751406263,
      0.5012235870926214,
      0.5,
      0.5012235870926209,
      0.5047745751406264,
      0.5103053686926882,
      0.5172745751406264,
      0.525,
      0.5327254248593738,
      0.5396946313073119,
      0.5452254248593738,
      0.548776412907379,
      0.55,
      0.5487764129073789
    ],
    [
      0.5487764129073789,
      0.5452254248593735,
      0.5396946313073117,
      0.5327254248593735,
      0.5249999999999998,
      0.5172745751406261,
      0.510305368692688,
      0.5047745751406263,
      0.5012235870926209,
      0.49999999999999967,
      0.5012235870926212,
      0.5047745751406263,
      0.5103053686926882,
      0.5172745751406262,
      0.5249999999999999,
      0.5327254248593738,
      0.5396946313073119,
      0.5452254248593738,
      0.5487764129073789,
      0.5499999999999998
    ]
  ],
  "A": [
    [
      0.2758490132901706,
      0.4459293853851069,
      0.31274842123426116
    ],
    [
      0.27218170698652905,
      0.46757740812156695,
      0.29467884568023867
    ],
    [
      0.2784147812063556,
      0.4797798840873913,
      0.2765956583887402
    ],
    [
      0.29393809921663216,
      0.48134234991539476,
      0.26026896772483177
    ],
    [
      0.3172321304931979,
      0.4721118605639919,
      0.2472969439254398
    ],
    [
      0.3460166929556424,
      0.452991960643499,
      0.23894937906145358
    ],
    [
      0.3774741530763018,
      0.42585423917431214,
      0.23604339094266288
    ],
    [
      0.4085252354815525,
      0.39335512541345746,
      0.23886343793334647
    ],
    [
      0.43613044387995786,
      0.35867585905048766,
      0.24713347418563258
    ],
    [
      0.4575875881366855,
      0.3252110883016656,
      0.2600439709304169
    ],
    [
      0.47079629347117063,
      0.29623657809065607,
      0.27633115879359976
    ],
    [
      0.4744635997748127,
      0.2745885553541953,
      0.29440073434762243
    ],
    [
      0.46823052555498607,
      0.2623860793883712,
      0.31248392163912087
    ],
    [
      0.45270720754470867,
      0.26082361356036865,
      0.3288106123030291
    ],
    [
      0.42941317626814335,
      0.2700541029117712,
      0.3417826361024211
    ],
    [
      0.4006286138056991,
      0.28917400283226347,
      0.35013020096640773
    ],
    [
      0.36917115368503983,
      0.3163117243014507,
      0.35303618908519785
    ],
    [
      0.338120071279788,
      0.34881083806230584,
      0.3502161420945148
    ],
    [
      0.3105148628813828,
      0.3834901044252759,
      0.3419461058422285
    ],
    [
      0.28905771862465596,
      0.41695487517409674,
      0.3290356090974442
    ]
  ],
  "B": [
    [
      0.3052941556328412,
      0.33384413364129617,
      0.3776872283959441,
      0.43253177230939716,
      0.49300919929900017,
      0.553199557439999,
      0.60721099510667,
      0.6497564964603817,
      0.6766714113966994,
      0.6853211205144135,
      0.6748589300190133,
      0.6463089520105593,
      0.602465857255912,
      0.5476213133424588,
      0.48714388635285505,
      0.4269535282118554,
      0.37294209054518446,
      0.33039658919147125,
      0.30348167425515643,
      0.29483196513744264
    ],
    [
      0.5654125356621545,
      0.6081474148660699,
      0.6415620530598276,
      0.662385592643549,
      0.6685796804766485,
      0.6595379960852739,
      0.6361456025347728,
      0.6006923102902582,
      0.5566485346142328,
      0.5083255871408997,
      0.4604536546547178,
      0.41771877545080216,
      0.3843041372570448,
      0.36348059767332336,
      0.3572865098402238,
      0.3663281942315982,
      0.38972058778209956,
      0.42517388002661494,
      0.4692176557026396,
      0.5175406031759733
    ],
    [
      0.6831396399872878,
      0.5931126187076867,
      0.49544423903138946,
      0.399694962456726,
      0.3152373952992608,
      0.25033883268283996,
      0.21135199809123117,
      0.2020931945315131,
      0.22346873820598545,
      0.27338624196762007,
      0.34695943275253543,
      0.4369864540321353,
      0.5346548337084316,
      0.6304041102830951,
      0.7148616774405614,
      0.7797602400569832,
      0.8187470746485919,
      0.8280058782083108,
      0.8066303345338359,
      0.7567128307721996
    ]
  ],
  "M": [
    [
      0.55,
      0.5487764129073789,
      0.5452254248593736,
      0.5396946313073119,
      0.5327254248593737,
      0.525,
      0.5172745751406264,
      0.5103053686926882,
      0.5047745751406263,
      0.5012235870926212,
      0.5,
      0.5012235870926212,
      0.5047745751406263,
      0.5103053686926882,
      0.5172745751406264,
      0.525,
      0.5327254248593737,
      0.5396946313073119,
      0.5452254248593736,
      0.5487764129073789
    ],
    [
      0.5487764129073789,
      0.55,
      0.5487764129073789,
      0.5452254248593736,
      0.5396946313073119,
      0.5327254248593737,
      0.525,
      0.5172745751406264,
      0.5103053686926882,
      0.5047745751406263,
      0.5012235870926212,
      0.5,
      0.5012235870926212,
      0.5047745751406263,
      0.5103053686926882,
      0.5172745751406264,
      0.525,
      0.5327254248593737,
      0.5396946313073119,
      0.5452254248593736
    ],
    [
      0.5452254248593736,
      0.5487764129073789,
      0.55,
      0.5487764129073789,
      0.5452254248593736,
      0.5396946313073119,
      0.5327254248593737,
      0.525,
      0.5172745751406264,
      0.5103053686926882,
      0.5047745751406263,
      0.5012235870926212,
      0.5,
      0.5012235870926212,
      0.5047745751406263,
      0.5103053686926882,
      0.5172745751406264,
      0.525,
      0.5327254248593737,
      0.5396946313073118
    ],
    [
      0.5396946313073119,
      0.5452254248593736,
      0.5487764129073789,
      0.55,
      0.5487764129073789,
      0.5452254248593736,
      0.5396946313073119,
      0.5327254248593737,
      0.525,
      0.5172745751406264,
      0.5103053686926882,
      0.5047745751406263,
      0.5012235870926212,
      0.5,
      0.5012235870926212,
      0.5047745751406263,
      0.5103053686926882,
      0.5172745751406264,
      0.525,
      0.5327254248593737
    ],
    [
      0.5327254248593737,
      0.5396946313073119,
      0.5452254248593736,
      0.5487764129073789,
      0.55,
      0.5487764129073789,
      0.5452254248593736,
      0.5396946313073119,
      0.5327254248593737,
      0.525,
      0.5172745751406264,
      0.5103053686926882,
      0.5047745751406263,
      0.5012235870926212,
      0.5,
      0.5012235870926212,
      0.5047745751406263,
      0.5103053686926882,
      0.5172745751406264,
      0.525
    ],
    [
      0.525,
      0.5327254248593737,
      0.5396946313073119,
      0.5452254248593736,
      0.5487764129073789,
      0.55,
      0.5487764129073789,
      0.5452254248593736,
      0.5396946313073119,
      0.5327254248593737,
      0.525,
      0.5172745751406264,
      0.5103053686926882,
      0.5047745751406263,
      0.5012235870926212,
      0.5,
      0.5012235870926212,
      0.5047745751406263,
      0.5103053686926882,
      0.5172745751406264
    ],
    [
      0.5172745751406264,
      0.525,
      0.5327254248593737,
      0.5396946313073119,
      0.5452254248593736,
      0.5487764129073789,
      0.55,
      0.5487764129073789,
      0.5452254248593736,
      0.5396946313073119,
      0.5327254248593737,
      0.525,
      0.5172745751406264,
      0.5103053686926882,
      0.5047745751406263,
      0.5012235870926212,
      0.5,
      0.5012235870926212,
      0.5047745751406263,
      0.5103053686926882
    ],
    [
      0.5103053686926882,
      0.5172745751406264,
      0.525,
      0.5327254248593737,
      0.5396946313073119,
      0.5452254248593736,
      0.5487764129073789,
      0.55,
      0.5487764129073789,
      0.5452254248593736,
      0.5396946313073119,
      0.5327254248593737,
      0.525,
      0.5172745751406264,
      0.5103053686926882,
      0.5047745751406263,
      0.5012235870926212,
      0.5,
      0.5012235870926212,
      0.5047745751406263
    ],
    [
      0.5047745751406263,
      0.5103053686926882,
      0.5172745751406264,
      0.525,
      0.5327254248593737,
      0.5396946313073119,
      0.5452254248593736,
      0.5487764129073789,
      0.55,
      0.5487764129073789,
      0.5452254248593736,
      0.5396946313073119,
      0.5327254248593737,
      0.525,
      0.5172745751406264,
      0.5103053686926882,
      0.5047745751406263,
      0.5012235870926212,
      0.5,
      0.5012235870926212
    ],
    [
      0.5012235870926212,
      0.5047745751406263,
      0.5103053686926882,
      0.5172745751406264,
      0.525,
      0.5327254248593737,
      0.5396946313073119,
      0.5452254248593736,
      0.5487764129073789,
      0.55,
      0.5487764129073789,
      0.5452254248593736,
      0.5396946313073119,
      0.5327254248593737,
      0.525,
      0.5172745751406264,
      0.5103053686926882,
      0.5047745751406263,
      0.5012235870926212,
      0.5
    ],
    [
      0.5,
      0.5012235870926212,
      0.5047745751406263,
      0.5103053686926882,
      0.5172745751406264,
      0.525,
      0.5327254248593737,
      0.5396946313073119,
      0.5452254248593736,
      0.5487764129073789,
      0.55,
      0.5487764129073789,
      0.5452254248593736,
      0.5396946313073119,
      0.5327254248593737,
      0.525,
      0.5172745751406264,
      0.5103053686926882,
      0.5047745751406263,
      0.5012235870926212
    ],
    [
      0.5012235870926212,
      0.5,
      0.5012235870926212,
      0.5047745751406263,
      0.5103053686926882,
      0.5172745751406264,
      0.525,
      0.5327254248593737,
      0.5396946313073119,
      0.5452254248593736,
      0.5487764129073789,
      0.55,
      0.5487764129073789,
      0.5452254248593736,
      0.5396946313073119,
      0.5327254248593737,
      0.525,
      0.5172745751406262,
      0.5103053686926882,
      0.5047745751406263
    ],
    [
      0.5047745751406263,
      0.5012235870926212,
      0.5,
      0.5012235870926212,
      0.5047745751406263,
      0.5103053686926882,
      0.5172745751406264,
      0.525,
      0.5327254248593737,
      0.5396946313073119,
      0.5452254248593736,
      0.5487764129073789,
      0.55,
      0.5487764129073789,
      0.5452254248593736,
      0.5396946313073119,
      0.5327254248593737,
      0.525,
      0.5172745751406264,
      0.5103053686926882
    ],
    [
      0.5103053686926882,
      0.5047745751406263,
      0.5012235870926212,
      0.5,
      0.5012235870926212,
      0.5047745751406263,
      0.5103053686926882,
      0.5172745751406264,
      0.525,
      0.5327254248593737,
      0.5396946313073119,
      0.5452254248593736,
      0.5487764129073789,
      0.55,
      0.5487764129073789,
      0.5452254248593736,
      0.5396946313073119,
      0.5327254248593737,
      0.525,
      0.5172745751406264
    ],
    [
      0.5172745751406264,
      0.5103053686926882,
      0.5047745751406263,
      0.5012235870926212,
      0.5,
      0.5012235870926212,
      0.5047745751406263,
      0.5103053686926882,
      0.5172745751406264,
      0.525,
      0.5327254248593737,
      0.5396946313073119,
      0.5452254248593736,
      0.5487764129073789,
      0.55,
      0.5487764129073789,
      0.5452254248593736,
      0.5396946313073119,
      0.5327254248593737,
      0.525
    ],
    [
      0.525,
      0.5172745751406264,
      0.5103053686926882,
      0.5047745751406263,
      0.5012235870926212,
      0.5,
      0.5012235870926212,
      0.5047745751406263,
      0.5103053686926882,
      0.5172745751406264,
      0.525,
      0.5327254248593737,
      0.5396946313073119,
      0.5452254248593736,
      0.5487764129073789,
      0.55,
      0.5487764129073789,
      0.5452254248593736,
      0.5396946313073119,
      0.5327254248593737
    ],
    [
      0.5327254248593737,
      0.525,
      0.5172745751406264,
      0.5103053686926882,
      0.5047745751406263,
      0.5012235870926212,
      0.5,
      0.5012235870926212,
      0.5047745751406263,
      0.5103053686926882,
      0.5172745751406264,
      0.525,
      0.5327254248593737,
      0.5396946313073119,
      0.5452254248593736,
      0.5487764129073789,
      0.55,
      0.5487764129073789,
      0.5452254248593736,
      0.5396946313073119
    ],
    [
      0.5396946313073119,
      0.5327254248593737,
      0.525,
      0.5172745751406264,
      0.5103053686926882,
      0.5047745751406263,
      0.5012235870926212,
      0.5,
      0.5012235870926212,
      0.5047745751406263,
      0.5103053686926882,
      0.5172745751406262,
      0.525,
      0.5327254248593737,
      0.5396946313073119,
      0.5452254248593736,
      0.5487764129073789,
      0.55,
      0.5487764129073789,
      0.5452254248593736
    ],
    [
      0.5452254248593736,
      0.5396946313073119,
      0.5327254248593737,
      0.525,
      0.5172745751406264,
      0.5103053686926882,
      0.5047745751406263,
      0.5012235870926212,
      0.5,
      0.5012235870926212,
      0.5047745751406263,
      0.5103053686926882,
      0.5172745751406264,
      0.525,
      0.5327254248593737,
      0.5396946313073119,
      0.5452254248593736,
      0.5487764129073789,
      0.55,
      0.5487764129073789
    ],
    [
      0.5487764129073789,
      0.5452254248593736,
      0.5396946313073118,
      0.5327254248593737,
      0.525,
      0.5172745751406264,
      0.5103053686926882,
      0.5047745751406263,
      0.5012235870926212,
      0.5,
      0.5012235870926212,
      0.5047745751406263,
      0.5103053686926882,
      0.5172745751406264,
      0.525,
      0.5327254248593737,
      0.5396946313073119,
      0.5452254248593736,
      0.5487764129073789,
      0.55
    ]
  ],
  "score": 8.881784197001252e-16
}