{
  "k": 3,
  "M_approx": [
    [
      0.14047619047619045,
      0.13846638883318252,
      0.13261556360000926,
      0.12344358627456171,
      0.11176542729276544,
      0.0986187423289096,
      0.08517167203530958,
      0.07261904761904761,
      0.062076224845793546,
      0.054479979785366735,
      0.05050527214695849,
      0.050505272146958484,
      0.054479979785366776,
      0.06207622484579357,
      0.07261904761904764,
      0.08517167203530959,
      0.09861874232890971,
      0.11176542729276552,
      0.12344358627456174,
      0.13261556360000926,
      0.13846638883318255
    ],
    [
      0.13846638883318252,
      0.14047619047619048,
      0.13846638883318255,
      0.13261556360000926,
      0.12344358627456171,
      0.11176542729276542,
      0.09861874232890964,
      0.08517167203530958,
      0.07261904761904757,
      0.062076224845793525,
      0.054479979785366756,
      0.050505272146958456,
      0.05050527214695846,
      0.05447997978536673,
      0.06207622484579356,
      0.07261904761904764,
      0.08517167203530963,
      0.09861874232890969,
      0.11176542729276548,
      0.12344358627456173,
      0.13261556360000928
    ],
    [
      0.13261556360000926,
      0.13846638883318255,
      0.14047619047619048,
      0.13846638883318255,
      0.13261556360000928,
      0.12344358627456176,
      0.11176542729276549,
      0.09861874232890969,
      0.08517167203530956,
      0.07261904761904761,
      0.062076224845793615,
      0.054479979785366776,
      0.050505272146958484,
      0.05050527214695846,
      0.05447997978536676,
      0.06207622484579358,
      0.07261904761904765,
      0.08517167203530962,
      0.09861874232890967,
      0.11176542729276544,
      0.12344358627456174
    ],
    [
      0.12344358627456171,
      0.13261556360000928,
      0.13846638883318255,
      0.14047619047619045,
      0.13846638883318255,
      0.13261556360000926,
      0.12344358627456174,
      0.11176542729276548,
      0.09861874232890963,
      0.08517167203530956,
      0.07261904761904765,
      0.06207622484579359,
      0.054479979785366756,
      0.05050527214695844,
      0.05050527214695847,
      0.054479979785366756,
      0.062076224845793594,
      0.07261904761904764,
      0.08517167203530958,
      0.09861874232890963,
      0.11176542729276548
    ],
    [
      0.11176542729276548,
      0.12344358627456177,
      0.1326155636000093,
      0.13846638883318255,
      0.14047619047619048,
      0.13846638883318257,
      0.1326155636000093,
      0.12344358627456177,
      0.11176542729276548,
      0.09861874232890967,
      0.08517167203530965,
      0.07261904761904765,
      0.06207622484579358,
      0.054479979785366735,
      0.05050527214695849,
      0.050505272146958484,
      0.05447997978536678,
      0.0620762248457936,
      0.07261904761904761,
      0.08517167203530956,
      0.09861874232890966
    ],
    [
      0.09861874232890963,
      0.11176542729276547,
      0.1234435862745617,
      0.1326155636000092,
      0.1384663888331825,
      0.14047619047619042,
      0.13846638883318246,
      0.13261556360000923,
      0.12344358627456167,
      0.11176542729276542,
      0.09861874232890967,
      0.08517167203530959,
      0.0726190476190476,
      0.06207622484579354,
      0.05447997978536677,
      0.050505272146958484,
      0.05050527214695849,
      0.05447997978536678,
      0.062076224845793566,
      0.0726190476190476,
      0.08517167203530955
    ],
    [
      0.08517167203530959,
      0.0986187423289097,
      0.11176542729276549,
      0.12344358627456174,
      0.1326155636000093,
      0.13846638883318255,
      0.14047619047619045,
      0.13846638883318252,
      0.13261556360000923,
      0.12344358627456173,
      0.1117654272927655,
      0.09861874232890967,
      0.08517167203530956,
      0.07261904761904757,
      0.062076224845793566,
      0.05447997978536675,
      0.05050527214695847,
      0.05050527214695848,
      0.05447997978536675,
      0.062076224845793566,
      0.07261904761904761
    ],
    [
      0.07261904761904761,
      0.08517167203530959,
      0.09861874232890964,
      0.11176542729276545,
      0.12344358627456174,
      0.13261556360000928,
      0.1384663888331825,
      0.14047619047619042,
      0.1384663888331825,
      0.13261556360000926,
      0.12344358627456176,
      0.11176542729276549,
      0.09861874232890964,
      0.08517167203530956,
      0.07261904761904764,
      0.06207622484579358,
      0.05447997978536676,
      0.050505272146958484,
      0.05050527214695847,
      0.05447997978536676,
      0.062076224845793546
    ],
    [
      0.06207622484579357,
      0.07261904761904764,
      0.08517167203530956,
      0.09861874232890964,
      0.11176542729276549,
      0.12344358627456176,
      0.13261556360000926,
      0.13846638883318252,
      0.14047619047619045,
      0.13846638883318255,
      0.13261556360000928,
      0.12344358627456176,
      0.11176542729276547,
      0.09861874232890964,
      0.0851716720353096,
      0.07261904761904762,
      0.062076224845793566,
      0.054479979785366756,
      0.05050527214695847,
      0.05050527214695849,
      0.054479979785366735
    ],
    [
      0.05447997978536677,
      0.06207622484579361,
      0.07261904761904764,
      0.08517167203530959,
      0.0986187423289097,
      0.11176542729276552,
      0.12344358627456176,
      0.13261556360000928,
      0.13846638883318255,
      0.14047619047619048,
      0.13846638883318255,
      0.13261556360000928,
      0.12344358627456173,
      0.11176542729276547,
      0.09861874232890967,
      0.08517167203530958,
      0.0726190476190476,
      0.06207622484579355,
      0.05447997978536675,
      0.0505052721469585,
      0.05050527214695847
    ],
    [
      0.05050527214695849,
      0.0544799797853668,
      0.062076224845793594,
      0.07261904761904767,
      0.08517167203530966,
      0.09861874232890971,
      0.1117654272927655,
      0.12344358627456176,
      0.1326155636000093,
      0.13846638883318257,
      0.14047619047619045,
      0.13846638883318252,
      0.13261556360000923,
      0.1234435862745617,
      0.11176542729276547,
      0.09861874232890962,
      0.08517167203530952,
      0.07261904761904756,
      0.06207622484579354,
      0.05447997978536677,
      0.05050527214695846
    ],
    [
      0.05050527214695847,
      0.05050527214695848,
      0.054479979785366735,
      0.062076224845793566,
      0.07261904761904762,
      0.08517167203530958,
      0.09861874232890964,
      0.11176542729276547,
      0.12344358627456174,
      0.1326155636000093,
      0.13846638883318252,
      0.14047619047619045,
      0.13846638883318252,
      0.13261556360000928,
      0.12344358627456177,
      0.11176542729276548,
      0.09861874232890964,
      0.08517167203530954,
      0.0726190476190476,
      0.062076224845793594,
      0.054479979785366735
    ],
    [
      0.054479979785366756,
      0.05050527214695848,
      0.050505272146958456,
      0.054479979785366756,
      0.06207622484579358,
      0.0726190476190476,
      0.08517167203530956,
      0.09861874232890964,
      0.11176542729276549,
      0.12344358627456177,
      0.13261556360000926,
      0.13846638883318252,
      0.14047619047619045,
      0.13846638883318255,
      0.1326155636000093,
      0.12344358627456176,
      0.11176542729276548,
      0.09861874232890963,
      0.08517167203530958,
      0.07261904761904765,
      0.062076224845793566
    ],
    [
      0.06207622484579357,
      0.054479979785366756,
      0.05050527214695846,
      0.05050527214695849,
      0.054479979785366776,
      0.06207622484579355,
      0.07261904761904761,
      0.08517167203530958,
      0.0986187423289097,
      0.11176542729276552,
      0.12344358627456173,
      0.13261556360000926,
      0.13846638883318255,
      0.14047619047619048,
      0.13846638883318257,
      0.13261556360000928,
      0.12344358627456176,
      0.11176542729276545,
      0.09861874232890966,
      0.08517167203530962,
      0.07261904761904762
    ],
    [
      0.07261904761904761,
      0.06207622484579356,
      0.05447997978536674,
      0.05050527214695849,
      0.050505272146958484,
      0.054479979785366735,
      0.06207622484579358,
      0.07261904761904764,
      0.08517167203530963,
      0.09861874232890973,
      0.11176542729276549,
      0.12344358627456176,
      0.1326155636000093,
      0.1384663888331826,
      0.14047619047619053,
      0.13846638883318257,
      0.1326155636000093,
      0.12344358627456173,
      0.11176542729276549,
      0.0986187423289097,
      0.08517167203530959
    ],
    [
      0.08517167203530956,
      0.07261904761904758,
      0.06207622484579355,
      0.05447997978536677,
      0.05050527214695849,
      0.05050527214695845,
      0.05447997978536677,
      0.062076224845793594,
      0.07261904761904767,
      0.08517167203530963,
      0.09861874232890966,
      0.11176542729276547,
      0.12344358627456177,
      0.1326155636000093,
      0.13846638883318257,
      0.14047619047619048,
      0.13846638883318255,
      0.13261556360000926,
      0.12344358627456174,
      0.11176542729276549,
      0.09861874232890966
    ],
    [
      0.09861874232890967,
      0.08517167203530956,
      0.0726190476190476,
      0.06207622484579359,
      0.054479979785366756,
      0.05050527214695842,
      0.050505272146958456,
      0.05447997978536675,
      0.06207622484579358,
      0.07261904761904762,
      0.08517167203530955,
      0.09861874232890962,
      0.11176542729276548,
      0.12344358627456177,
      0.1326155636000093,
      0.13846638883318257,
      0.1404761904761905,
      0.13846638883318255,
      0.1326155636000093,
      0.12344358627456177,
      0.1117654272927655
    ],
    [
      0.11176542729276549,
      0.09861874232890969,
      0.0851716720353096,
      0.07261904761904767,
      0.0620762248457936,
      0.05447997978536674,
      0.05050527214695849,
      0.050505272146958484,
      0.05447997978536676,
      0.06207622484579356,
      0.07261904761904757,
      0.08517167203530952,
      0.09861874232890963,
      0.11176542729276545,
      0.12344358627456173,
      0.13261556360000926,
      0.13846638883318257,
      0.14047619047619045,
      0.13846638883318255,
      0.1326155636000093,
      0.12344358627456178
    ],
    [
      0.12344358627456173,
      0.11176542729276547,
      0.09861874232890966,
      0.08517167203530959,
      0.0726190476190476,
      0.06207622484579352,
      0.054479979785366756,
      0.05050527214695848,
      0.05050527214695848,
      0.054479979785366756,
      0.06207622484579356,
      0.0726190476190476,
      0.0851716720353096,
      0.09861874232890969,
      0.1117654272927655,
      0.12344358627456177,
      0.13261556360000934,
      0.13846638883318255,
      0.14047619047619048,
      0.13846638883318255,
      0.1326155636000093
    ],
    [
      0.13261556360000923,
      0.12344358627456171,
      0.11176542729276545,
      0.09861874232890966,
      0.08517167203530955,
      0.07261904761904754,
      0.06207622484579355,
      0.054479979785366756,
      0.05050527214695846,
      0.05050527214695846,
      0.054479979785366756,
      0.062076224845793566,
      0.07261904761904764,
      0.08517167203530962,
      0.0986187423289097,
      0.1117654272927655,
      0.1234435862745618,
      0.1326155636000093,
      0.13846638883318257,
      0.14047619047619045,
      0.13846638883318257
    ],
    [
      0.13846638883318252,
      0.13261556360000923,
      0.12344358627456171,
      0.11176542729276547,
      0.0986187423289096,
      0.08517167203530952,
      0.0726190476190476,
      0.06207622484579356,
      0.054479979785366735,
      0.050505272146958456,
      0.05050527214695849,
      0.05447997978536676,
      0.06207622484579361,
      0.07261904761904765,
      0.08517167203530963,
      0.09861874232890971,
      0.11176542729276556,
      0.12344358627456178,
      0.1326155636000093,
      0.13846638883318252,
      0.14047619047619048
    ]
  ],
  "A": [
    [
      0.5393418260273638,
      0.15109646905327084,
      0.03380077013904974
    ],
    [
      0.4955355559680184,
      0.19943138134207147,
      0.009275126071241998
    ],
    [
      0.43431005270182893,
      0.24449823648289498,
      1.9774498470000345e-13
    ],
    [
      0.361105470877692,
      0.28229264662384274,
      0.006799527580549406
    ],
    [
      0.28242635884369827,
      0.30945641256585465,
      0.02906954094754754
    ],
    [
      0.20526370098166408,
      0.3235759144987592,
      0.06483125168319036
    ],
    [
      0.13647373806537788,
      0.32339657271340483,
      0.11090707485093323
    ],
    [
      0.08216876017973158,
      0.3089343225144481,
      0.16320297136190295
    ],
    [
      0.04717400292333516,
      0.2814741982986063,
      0.2170722213143378
    ],
    [
      0.03459890405038217,
      0.24345615260922723,
      0.2677283054486543
    ],
    [
      0.04556081628064687,
      0.19825825564525765,
      0.31067020838895465
    ],
    [
      0.07908572560691089,
      0.14989653889964985,
      0.34208235361155637
    ],
    [
      0.1321947967138943,
      0.10266815313714978,
      0.3591736341635021
    ],
    [
      0.20016905556842177,
      0.06076954769111265,
      0.36042541476390233
    ],
    [
      0.27696869097114685,
      0.02792359752442029,
      0.3457264692130628
    ],
    [
      0.3557697182868887,
      0.007048809451461504,
      0.31638286332843557
    ],
    [
      0.4295703204260313,
      1.7177989186526797e-14,
      0.27500190526516327
    ],
    [
      0.4918129900199035,
      0.007403486823039199,
      0.22526047474451094
    ],
    [
      0.5369671927276332,
      0.028601437626634862,
      0.17157831615491145
    ],
    [
      0.5610207794826839,
      0.06171032145623008,
      0.11872532486732297
    ],
    [
      0.5618364835444427,
      0.10378826868762178,
      0.07139772109917984
    ]
  ],
  "B": [
    [
      0.2127035835629021,
      0.19449217016926099,
      0.16905043054887675,
      0.13863897491625582,
      0.10595999456283137,
      0.07391716030234843,
      0.04535761857651312,
      0.022819009999150194,
      0.008303988851413011,
      0.003102278460399223,
      0.007676073621680497,
      0.02161897256340744,
      0.043692087527203535,
      0.07193412538226583,
      0.10383565712703034,
      0.1365620916684086,
      0.16720554167980672,
      0.19304320215114637,
      0.21177928356284378,
      0.22174900285953056,
      0.22206650673030376
    ],
    [
      0.16456666351353044,
      0.22084610888657327,
      0.27425919319435316,
      0.32005992949666434,
      0.35417872137982587,
      0.3735839644571667,
      0.37655141772275824,
      0.3628174099314989,
      0.33360226794634235,
      0.2915018853412088,
      0.24025706586505038,
      0.18442113661250964,
      0.12895536492961457,
      0.0787881280379204,
      0.03837700509054726,
      0.011312701702661031,
      1.4654615640461785e-14,
      0.005444083173862098,
      0.02716122054324127,
      0.06322174914879546,
      0.1104215327748978
    ],
    [
      0.02635471116113744,
      0.005903988824283267,
      1.2220586696116266e-14,
      0.009167340004589125,
      0.03259145044839818,
      0.06819099632349135,
      0.11280280175283289,
      0.1624629120483422,
      0.2127588084804589,
      0.25922147993128314,
      0.2977225141443338,
      0.32484092527077607,
      0.33816712347483824,
      0.33651701756503183,
      0.3200372266928136,
      0.2901920525975511,
      0.2496333699709978,
      0.20196499575337,
      0.15142247418311885,
      0.10249673010396362,
      0.059535030584428446
    ]
  ],
  "M": [
    [
      0.14047619047619048,
      0.13846638883318255,
      0.1326155636000093,
      0.12344358627456176,
      0.11176542729276548,
      0.09861874232890967,
      0.08517167203530959,
      0.07261904761904762,
      0.06207622484579357,
      0.054479979785366756,
      0.05050527214695848,
      0.05050527214695847,
      0.054479979785366756,
      0.06207622484579358,
      0.0726190476190476,
      0.08517167203530956,
      0.09861874232890967,
      0.1117654272927655,
      0.12344358627456173,
      0.13261556360000926,
      0.13846638883318255
    ],
    [
      0.13846638883318255,
      0.14047619047619048,
      0.13846638883318255,
      0.1326155636000093,
      0.12344358627456176,
      0.11176542729276548,
      0.09861874232890967,
      0.08517167203530959,
      0.07261904761904761,
      0.06207622484579357,
      0.05447997978536676,
      0.05050527214695848,
      0.05050527214695847,
      0.054479979785366756,
      0.06207622484579356,
      0.07261904761904761,
      0.08517167203530959,
      0.09861874232890969,
      0.11176542729276548,
      0.1234435862745617,
      0.13261556360000926
    ],
    [
      0.1326155636000093,
      0.13846638883318255,
      0.1404761904761905,
      0.13846638883318257,
      0.1326155636000093,
      0.12344358627456176,
      0.11176542729276548,
      0.09861874232890969,
      0.08517167203530959,
      0.07261904761904761,
      0.06207622484579359,
      0.05447997978536676,
      0.05050527214695848,
      0.05050527214695848,
      0.05447997978536675,
      0.062076224845793566,
      0.07261904761904762,
      0.08517167203530962,
      0.09861874232890966,
      0.11176542729276545,
      0.12344358627456173
    ],
    [
      0.12344358627456176,
      0.1326155636000093,
      0.13846638883318257,
      0.14047619047619048,
      0.13846638883318257,
      0.1326155636000093,
      0.12344358627456173,
      0.11176542729276548,
      0.09861874232890966,
      0.08517167203530959,
      0.07261904761904762,
      0.06207622484579359,
      0.054479979785366756,
      0.05050527214695847,
      0.05050527214695847,
      0.054479979785366756,
      0.06207622484579358,
      0.07261904761904764,
      0.08517167203530956,
      0.09861874232890963,
      0.11176542729276548
    ],
    [
      0.11176542729276548,
      0.12344358627456176,
      0.1326155636000093,
      0.13846638883318257,
      0.14047619047619048,
      0.13846638883318257,
      0.1326155636000093,
      0.12344358627456177,
      0.11176542729276548,
      0.09861874232890969,
      0.08517167203530959,
      0.07261904761904764,
      0.06207622484579359,
      0.054479979785366756,
      0.05050527214695848,
      0.05050527214695847,
      0.054479979785366756,
      0.06207622484579359,
      0.07261904761904761,
      0.08517167203530956,
      0.09861874232890966
    ],
    [
      0.09861874232890967,
      0.11176542729276548,
      0.12344358627456176,
      0.1326155636000093,
      0.13846638883318257,
      0.14047619047619048,
      0.13846638883318252,
      0.13261556360000928,
      0.12344358627456173,
      0.11176542729276548,
      0.09861874232890969,
      0.08517167203530959,
      0.07261904761904761,
      0.062076224845793566,
      0.05447997978536677,
      0.05050527214695848,
      0.05050527214695848,
      0.05447997978536677,
      0.06207622484579356,
      0.07261904761904758,
      0.08517167203530956
    ],
    [
      0.08517167203530959,
      0.09861874232890967,
      0.11176542729276548,
      0.12344358627456173,
      0.1326155636000093,
      0.13846638883318252,
      0.14047619047619048,
      0.13846638883318252,
      0.13261556360000928,
      0.12344358627456173,
      0.11176542729276548,
      0.09861874232890967,
      0.08517167203530956,
      0.07261904761904761,
      0.06207622484579359,
      0.054479979785366756,
      0.05050527214695847,
      0.05050527214695848,
      0.054479979785366756,
      0.06207622484579355,
      0.07261904761904761
    ],
    [
      0.07261904761904762,
      0.08517167203530959,
      0.09861874232890969,
      0.11176542729276548,
      0.12344358627456177,
      0.13261556360000928,
      0.13846638883318252,
      0.14047619047619048,
      0.13846638883318255,
      0.1326155636000093,
      0.12344358627456176,
      0.11176542729276548,
      0.09861874232890967,
      0.08517167203530956,
      0.07261904761904764,
      0.06207622484579358,
      0.05447997978536675,
      0.05050527214695847,
      0.05050527214695847,
      0.05447997978536674,
      0.062076224845793566
    ],
    [
      0.06207622484579357,
      0.07261904761904761,
      0.08517167203530959,
      0.09861874232890966,
      0.11176542729276548,
      0.12344358627456173,
      0.13261556360000928,
      0.13846638883318255,
      0.14047619047619048,
      0.13846638883318255,
      0.1326155636000093,
      0.12344358627456176,
      0.11176542729276548,
      0.09861874232890966,
      0.08517167203530962,
      0.07261904761904764,
      0.06207622484579357,
      0.05447997978536675,
      0.05050527214695848,
      0.05050527214695847,
      0.05447997978536675
    ],
    [
      0.054479979785366756,
      0.06207622484579357,
      0.07261904761904761,
      0.08517167203530959,
      0.09861874232890969,
      0.11176542729276548,
      0.12344358627456173,
      0.1326155636000093,
      0.13846638883318255,
      0.14047619047619048,
      0.13846638883318255,
      0.1326155636000093,
      0.12344358627456176,
      0.11176542729276548,
      0.0986187423289097,
      0.08517167203530959,
      0.07261904761904761,
      0.06207622484579356,
      0.05447997978536676,
      0.05050527214695848,
      0.05050527214695847
    ],
    [
      0.05050527214695848,
      0.05447997978536676,
      0.06207622484579359,
      0.07261904761904762,
      0.08517167203530959,
      0.09861874232890969,
      0.11176542729276548,
      0.12344358627456176,
      0.1326155636000093,
      0.13846638883318255,
      0.14047619047619048,
      0.13846638883318255,
      0.13261556360000928,
      0.12344358627456173,
      0.1117654272927655,
      0.09861874232890967,
      0.08517167203530956,
      0.07261904761904758,
      0.06207622484579357,
      0.05447997978536677,
      0.05050527214695848
    ],
    [
      0.05050527214695847,
      0.05050527214695848,
      0.05447997978536676,
      0.06207622484579359,
      0.07261904761904764,
      0.08517167203530959,
      0.09861874232890967,
      0.11176542729276548,
      0.12344358627456176,
      0.1326155636000093,
      0.13846638883318255,
      0.14047619047619048,
      0.13846638883318252,
      0.13261556360000928,
      0.12344358627456177,
      0.11176542729276548,
      0.09861874232890964,
      0.08517167203530954,
      0.07261904761904761,
      0.06207622484579359,
      0.054479979785366756
    ],
    [
      0.054479979785366756,
      0.05050527214695847,
      0.05050527214695848,
      0.054479979785366756,
      0.06207622484579359,
      0.07261904761904761,
      0.08517167203530956,
      0.09861874232890967,
      0.11176542729276548,
      0.12344358627456176,
      0.13261556360000928,
      0.13846638883318252,
      0.14047619047619048,
      0.13846638883318255,
      0.1326155636000093,
      0.12344358627456176,
      0.11176542729276548,
      0.09861874232890964,
      0.08517167203530959,
      0.07261904761904764,
      0.06207622484579359
    ],
    [
      0.06207622484579358,
      0.054479979785366756,
      0.05050527214695848,
      0.05050527214695847,
      0.054479979785366756,
      0.062076224845793566,
      0.07261904761904761,
      0.08517167203530956,
      0.09861874232890966,
      0.11176542729276548,
      0.12344358627456173,
      0.13261556360000928,
      0.13846638883318255,
      0.14047619047619048,
      0.13846638883318257,
      0.1326155636000093,
      0.12344358627456176,
      0.11176542729276548,
      0.09861874232890969,
      0.08517167203530962,
      0.07261904761904765
    ],
    [
      0.0726190476190476,
      0.06207622484579356,
      0.05447997978536675,
      0.05050527214695847,
      0.05050527214695848,
      0.05447997978536677,
      0.06207622484579359,
      0.07261904761904764,
      0.08517167203530962,
      0.0986187423289097,
      0.1117654272927655,
      0.12344358627456177,
      0.1326155636000093,
      0.13846638883318257,
      0.14047619047619048,
      0.13846638883318257,
      0.13261556360000928,
      0.12344358627456173,
      0.11176542729276548,
      0.09861874232890969,
      0.08517167203530959
    ],
    [
      0.08517167203530956,
      0.07261904761904761,
      0.062076224845793566,
      0.054479979785366756,
      0.05050527214695847,
      0.05050527214695848,
      0.054479979785366756,
      0.06207622484579358,
      0.07261904761904764,
      0.08517167203530959,
      0.09861874232890967,
      0.11176542729276548,
      0.12344358627456176,
      0.1326155636000093,
      0.13846638883318257,
      0.14047619047619048,
      0.13846638883318255,
      0.13261556360000926,
      0.12344358627456173,
      0.11176542729276548,
      0.09861874232890967
    ],
    [
      0.09861874232890967,
      0.08517167203530959,
      0.07261904761904762,
      0.06207622484579358,
      0.054479979785366756,
      0.05050527214695848,
      0.05050527214695847,
      0.05447997978536675,
      0.06207622484579357,
      0.07261904761904761,
      0.08517167203530956,
      0.09861874232890964,
      0.11176542729276548,
      0.12344358627456176,
      0.13261556360000928,
      0.13846638883318255,
      0.14047619047619048,
      0.13846638883318255,
      0.1326155636000093,
      0.12344358627456177,
      0.11176542729276553
    ],
    [
      0.1117654272927655,
      0.09861874232890969,
      0.08517167203530962,
      0.07261904761904764,
      0.06207622484579359,
      0.05447997978536677,
      0.05050527214695848,
      0.05050527214695847,
      0.05447997978536675,
      0.06207622484579356,
      0.07261904761904758,
      0.08517167203530954,
      0.09861874232890964,
      0.11176542729276548,
      0.12344358627456173,
      0.13261556360000926,
      0.13846638883318255,
      0.14047619047619048,
      0.13846638883318257,
      0.1326155636000093,
      0.1234435862745618
    ],
    [
      0.12344358627456173,
      0.11176542729276548,
      0.09861874232890966,
      0.08517167203530956,
      0.07261904761904761,
      0.06207622484579356,
      0.054479979785366756,
      0.05050527214695847,
      0.05050527214695848,
      0.05447997978536676,
      0.06207622484579357,
      0.07261904761904761,
      0.08517167203530959,
      0.09861874232890969,
      0.11176542729276548,
      0.12344358627456173,
      0.1326155636000093,
      0.13846638883318257,
      0.14047619047619048,
      0.13846638883318255,
      0.1326155636000093
    ],
    [
      0.13261556360000926,
      0.1234435862745617,
      0.11176542729276545,
      0.09861874232890963,
      0.08517167203530956,
      0.07261904761904758,
      0.06207622484579355,
      0.05447997978536674,
      0.05050527214695847,
      0.05050527214695848,
      0.05447997978536677,
      0.06207622484579359,
      0.07261904761904764,
      0.08517167203530962,
      0.09861874232890969,
      0.11176542729276548,
      0.12344358627456177,
      0.1326155636000093,
      0.13846638883318255,
      0.14047619047619048,
      0.13846638883318252
    ],
    [
      0.13846638883318255,
      0.13261556360000926,
      0.12344358627456173,
      0.11176542729276548,
      0.09861874232890966,
      0.08517167203530956,
      0.07261904761904761,
      0.062076224845793566,
      0.05447997978536675,
      0.05050527214695847,
      0.05050527214695848,
      0.054479979785366756,
      0.06207622484579359,
      0.07261904761904765,
      0.08517167203530959,
      0.09861874232890967,
      0.11176542729276553,
      0.1234435862745618,
      0.1326155636000093,
      0.13846638883318252,
      0.14047619047619048
    ]
  ],
  "score": 1.8272420613622367e-16
}