{
  "k": 3,
  "M_approx": [
    [
      0.14047619047619045,
      0.13846638883318255,
      0.13261556360000928,
      0.12344358627456176,
      0.11176542729276548,
      0.09861874232890964,
      0.08517167203530956,
      0.07261904761904756,
      0.06207622484579355,
      0.05447997978536673,
      0.05050527214695846,
      0.050505272146958435,
      0.05447997978536673,
      0.06207622484579357,
      0.07261904761904758,
      0.08517167203530955,
      0.09861874232890967,
      0.11176542729276548,
      0.12344358627456174,
      0.1326155636000092,
      0.13846638883318252
    ],
    [
      0.13846638883318252,
      0.14047619047619048,
      0.13846638883318252,
      0.13261556360000928,
      0.12344358627456176,
      0.11176542729276547,
      0.09861874232890966,
      0.08517167203530954,
      0.07261904761904762,
      0.06207622484579357,
      0.054479979785366776,
      0.05050527214695848,
      0.05050527214695848,
      0.054479979785366776,
      0.06207622484579357,
      0.07261904761904761,
      0.08517167203530959,
      0.09861874232890967,
      0.11176542729276547,
      0.12344358627456169,
      0.13261556360000926
    ],
    [
      0.13261556360000928,
      0.13846638883318257,
      0.14047619047619045,
      0.13846638883318255,
      0.1326155636000093,
      0.12344358627456174,
      0.11176542729276545,
      0.09861874232890962,
      0.08517167203530958,
      0.07261904761904761,
      0.06207622484579358,
      0.054479979785366756,
      0.05050527214695846,
      0.05050527214695846,
      0.054479979785366756,
      0.06207622484579356,
      0.07261904761904762,
      0.08517167203530959,
      0.09861874232890964,
      0.11176542729276544,
      0.12344358627456171
    ],
    [
      0.12344358627456174,
      0.1326155636000093,
      0.13846638883318255,
      0.14047619047619048,
      0.13846638883318257,
      0.13261556360000928,
      0.12344358627456174,
      0.11176542729276545,
      0.09861874232890967,
      0.08517167203530959,
      0.07261904761904762,
      0.06207622484579357,
      0.05447997978536674,
      0.05050527214695845,
      0.050505272146958484,
      0.05447997978536675,
      0.062076224845793566,
      0.07261904761904762,
      0.08517167203530958,
      0.0986187423289096,
      0.11176542729276547
    ],
    [
      0.11176542729276547,
      0.12344358627456174,
      0.13261556360000926,
      0.13846638883318255,
      0.14047619047619048,
      0.13846638883318252,
      0.13261556360000926,
      0.12344358627456171,
      0.11176542729276549,
      0.09861874232890967,
      0.08517167203530959,
      0.07261904761904764,
      0.062076224845793566,
      0.054479979785366735,
      0.050505272146958505,
      0.05050527214695847,
      0.05447997978536675,
      0.06207622484579357,
      0.07261904761904761,
      0.08517167203530954,
      0.09861874232890962
    ],
    [
      0.09861874232890967,
      0.11176542729276549,
      0.12344358627456173,
      0.13261556360000926,
      0.13846638883318255,
      0.14047619047619045,
      0.13846638883318252,
      0.13261556360000926,
      0.12344358627456174,
      0.11176542729276549,
      0.09861874232890966,
      0.0851716720353096,
      0.07261904761904761,
      0.062076224845793546,
      0.054479979785366804,
      0.050505272146958484,
      0.05050527214695847,
      0.054479979785366776,
      0.06207622484579357,
      0.0726190476190476,
      0.08517167203530954
    ],
    [
      0.08517167203530962,
      0.09861874232890971,
      0.11176542729276548,
      0.12344358627456174,
      0.1326155636000093,
      0.13846638883318252,
      0.14047619047619045,
      0.13846638883318252,
      0.13261556360000928,
      0.12344358627456176,
      0.11176542729276547,
      0.09861874232890969,
      0.08517167203530958,
      0.0726190476190476,
      0.062076224845793636,
      0.05447997978536678,
      0.05050527214695849,
      0.05050527214695851,
      0.0544799797853668,
      0.06207622484579358,
      0.07261904761904761
    ],
    [
      0.07261904761904764,
      0.08517167203530962,
      0.09861874232890966,
      0.11176542729276549,
      0.12344358627456178,
      0.13261556360000928,
      0.13846638883318252,
      0.14047619047619045,
      0.13846638883318255,
      0.13261556360000928,
      0.12344358627456171,
      0.11176542729276547,
      0.0986187423289096,
      0.0851716720353095,
      0.07261904761904764,
      0.062076224845793546,
      0.05447997978536672,
      0.050505272146958456,
      0.05050527214695847,
      0.05447997978536674,
      0.06207622484579356
    ],
    [
      0.06207622484579357,
      0.07261904761904761,
      0.08517167203530955,
      0.09861874232890964,
      0.1117654272927655,
      0.12344358627456173,
      0.13261556360000926,
      0.13846638883318255,
      0.14047619047619048,
      0.13846638883318257,
      0.13261556360000928,
      0.12344358627456178,
      0.11176542729276548,
      0.09861874232890963,
      0.08517167203530965,
      0.07261904761904764,
      0.06207622484579357,
      0.054479979785366756,
      0.050505272146958484,
      0.05050527214695846,
      0.054479979785366735
    ],
    [
      0.054479979785366776,
      0.06207622484579358,
      0.0726190476190476,
      0.08517167203530956,
      0.09861874232890967,
      0.11176542729276545,
      0.12344358627456171,
      0.13261556360000928,
      0.13846638883318255,
      0.14047619047619048,
      0.13846638883318252,
      0.1326155636000093,
      0.12344358627456173,
      0.11176542729276545,
      0.09861874232890973,
      0.0851716720353096,
      0.07261904761904764,
      0.06207622484579358,
      0.05447997978536679,
      0.050505272146958484,
      0.05050527214695848
    ],
    [
      0.05050527214695848,
      0.05447997978536674,
      0.062076224845793546,
      0.07261904761904761,
      0.08517167203530959,
      0.09861874232890964,
      0.11176542729276548,
      0.1234435862745618,
      0.1326155636000093,
      0.13846638883318257,
      0.14047619047619048,
      0.13846638883318257,
      0.13261556360000926,
      0.12344358627456173,
      0.11176542729276553,
      0.09861874232890967,
      0.08517167203530958,
      0.0726190476190476,
      0.06207622484579357,
      0.054479979785366735,
      0.050505272146958456
    ],
    [
      0.05050527214695848,
      0.05050527214695847,
      0.054479979785366756,
      0.06207622484579359,
      0.07261904761904764,
      0.08517167203530958,
      0.09861874232890967,
      0.11176542729276555,
      0.12344358627456178,
      0.1326155636000093,
      0.13846638883318255,
      0.14047619047619048,
      0.13846638883318252,
      0.13261556360000928,
      0.12344358627456177,
      0.11176542729276548,
      0.09861874232890966,
      0.08517167203530955,
      0.07261904761904762,
      0.06207622484579356,
      0.054479979785366756
    ],
    [
      0.05447997978536678,
      0.05050527214695849,
      0.0505052721469585,
      0.0544799797853668,
      0.06207622484579361,
      0.07261904761904762,
      0.0851716720353096,
      0.09861874232890973,
      0.11176542729276552,
      0.12344358627456177,
      0.13261556360000928,
      0.13846638883318255,
      0.14047619047619045,
      0.13846638883318255,
      0.13261556360000928,
      0.12344358627456174,
      0.11176542729276549,
      0.09861874232890964,
      0.0851716720353096,
      0.07261904761904761,
      0.0620762248457936
    ],
    [
      0.06207622484579359,
      0.05447997978536675,
      0.05050527214695848,
      0.05050527214695849,
      0.054479979785366756,
      0.06207622484579355,
      0.07261904761904761,
      0.08517167203530963,
      0.09861874232890969,
      0.1117654272927655,
      0.12344358627456177,
      0.1326155636000093,
      0.13846638883318257,
      0.14047619047619053,
      0.1384663888331826,
      0.13261556360000934,
      0.12344358627456181,
      0.1117654272927655,
      0.09861874232890973,
      0.08517167203530959,
      0.07261904761904767
    ],
    [
      0.07261904761904761,
      0.06207622484579355,
      0.05447997978536677,
      0.05050527214695851,
      0.05050527214695849,
      0.05447997978536677,
      0.06207622484579361,
      0.0726190476190477,
      0.08517167203530963,
      0.09861874232890971,
      0.1117654272927655,
      0.12344358627456177,
      0.13261556360000928,
      0.13846638883318257,
      0.14047619047619045,
      0.13846638883318255,
      0.13261556360000928,
      0.1234435862745617,
      0.11176542729276548,
      0.09861874232890963,
      0.08517167203530958
    ],
    [
      0.08517167203530956,
      0.0726190476190476,
      0.06207622484579357,
      0.05447997978536678,
      0.05050527214695847,
      0.05050527214695847,
      0.05447997978536677,
      0.062076224845793615,
      0.07261904761904765,
      0.0851716720353096,
      0.09861874232890969,
      0.11176542729276548,
      0.12344358627456174,
      0.1326155636000093,
      0.13846638883318255,
      0.14047619047619045,
      0.13846638883318257,
      0.13261556360000926,
      0.12344358627456176,
      0.11176542729276544,
      0.09861874232890967
    ],
    [
      0.09861874232890964,
      0.08517167203530956,
      0.07261904761904762,
      0.062076224845793594,
      0.05447997978536674,
      0.050505272146958456,
      0.05050527214695847,
      0.05447997978536676,
      0.06207622484579358,
      0.07261904761904761,
      0.0851716720353096,
      0.09861874232890964,
      0.11176542729276547,
      0.12344358627456178,
      0.13261556360000926,
      0.13846638883318252,
      0.1404761904761905,
      0.13846638883318255,
      0.1326155636000093,
      0.12344358627456173,
      0.11176542729276552
    ],
    [
      0.11176542729276547,
      0.09861874232890966,
      0.08517167203530962,
      0.07261904761904767,
      0.06207622484579358,
      0.054479979785366756,
      0.05050527214695848,
      0.05050527214695847,
      0.05447997978536676,
      0.06207622484579356,
      0.07261904761904761,
      0.08517167203530954,
      0.09861874232890963,
      0.11176542729276549,
      0.12344358627456169,
      0.13261556360000926,
      0.13846638883318255,
      0.14047619047619045,
      0.13846638883318255,
      0.13261556360000923,
      0.12344358627456177
    ],
    [
      0.12344358627456176,
      0.1117654272927655,
      0.09861874232890969,
      0.08517167203530962,
      0.07261904761904762,
      0.06207622484579358,
      0.05447997978536675,
      0.050505272146958456,
      0.05050527214695847,
      0.054479979785366735,
      0.06207622484579357,
      0.07261904761904758,
      0.08517167203530956,
      0.0986187423289097,
      0.11176542729276545,
      0.12344358627456173,
      0.1326155636000093,
      0.13846638883318257,
      0.1404761904761905,
      0.13846638883318255,
      0.1326155636000093
    ],
    [
      0.1326155636000092,
      0.12344358627456167,
      0.11176542729276542,
      0.09861874232890962,
      0.08517167203530951,
      0.07261904761904754,
      0.06207622484579351,
      0.054479979785366686,
      0.05050527214695844,
      0.050505272146958456,
      0.054479979785366776,
      0.06207622484579357,
      0.07261904761904764,
      0.08517167203530965,
      0.09861874232890967,
      0.1117654272927655,
      0.1234435862745618,
      0.1326155636000093,
      0.13846638883318255,
      0.1404761904761904,
      0.1384663888331825
    ],
    [
      0.13846638883318252,
      0.13261556360000928,
      0.12344358627456173,
      0.11176542729276548,
      0.09861874232890966,
      0.08517167203530956,
      0.07261904761904761,
      0.06207622484579352,
      0.05447997978536676,
      0.05050527214695848,
      0.050505272146958505,
      0.05447997978536676,
      0.0620762248457936,
      0.07261904761904768,
      0.08517167203530958,
      0.09861874232890969,
      0.11176542729276553,
      0.12344358627456177,
      0.13261556360000928,
      0.13846638883318252,
      0.14047619047619045
    ]
  ],
  "A": [
    [
      0.44089459448181734,
      0.13324244238689806,
      0.0433787678511657
    ],
    [
      0.44787252453413473,
      0.08172581396384423,
      0.08343462656166271
    ],
    [
      0.43527045389593655,
      0.04008061010138312,
      0.13132679523496918
    ],
    [
      0.40420813184670273,
      0.012007189919661484,
      0.1827998445131414
    ],
    [
      0.35744558201526266,
      6.125724435021538e-16,
      0.23328016808205757
    ],
    [
      0.29913786216820987,
      0.005125931859447366,
      0.2782823676633682
    ],
    [
      0.23446586909316897,
      0.026929523957508465,
      0.3138078003353739
    ],
    [
      0.1691759931832242,
      0.06347343145278302,
      0.3366998755043736
    ],
    [
      0.10906952643287526,
      0.11151056779401987,
      0.34492453183138433
    ],
    [
      0.059487192185775785,
      0.16677262260979897,
      0.3377509725084413
    ],
    [
      0.02483459842827014,
      0.22434931981620532,
      0.3158165997620349
    ],
    [
      0.008190780186115977,
      0.2791247171952758,
      0.2810703788680924
    ],
    [
      0.011034613750321871,
      0.3262317803120079,
      0.2365996640343195
    ],
    [
      0.033113412028749935,
      0.3614848398825386,
      0.1863558734302146
    ],
    [
      0.07246537690315165,
      0.3817515068585219,
      0.134803388342196
    ],
    [
      0.125593913601183,
      0.38523099894033913,
      0.08652287330468827
    ],
    [
      0.1877783184864808,
      0.37161414798702114,
      0.04580426395432466
    ],
    [
      0.2534932342932203,
      0.3421108709623362,
      0.016265587422558972
    ],
    [
      0.3168996023668146,
      0.2993426635029267,
      0.0005314847475852978
    ],
    [
      0.3723634886496612,
      0.24710966852674807,
      4.7482347811668815e-14
    ],
    [
      0.41495668344627423,
      0.19005301685815645,
      0.014718357932146639
    ]
  ],
  "B": [
    [
      0.27749608763314343,
      0.28189691858124905,
      0.2746439380489693,
      0.2563816051857781,
      0.2287326084094978,
      0.19415368241932462,
      0.1557173165366028,
      0.11683875054522555,
      0.08097251564930369,
      0.05130548421571888,
      0.030473702178968408,
      0.0203281647917871,
      0.021770347573983707,
      0.03467210625644506,
      0.05788706296179897,
      0.08935246690961542,
      0.12627247887548002,
      0.16536659377542173,
      0.20316112793888327,
      0.23629787114685974,
      0.26183247834712026
    ],
    [
      0.11851479748606929,
      0.07476626204957176,
      0.038436587451189407,
      0.012753824709139343,
      5.20735194719591e-16,
      0.0013083466184180734,
      0.016562612225760928,
      0.04440738838057467,
      0.08236854452671644,
      0.12707306535081184,
      0.17454875799508168,
      0.2205771988244369,
      0.2610685588787039,
      0.2924250031236542,
      0.31186037388263455,
      0.31764775317299027,
      0.3092729069472774,
      0.2874799770450575,
      0.25420536092484103,
      0.21240565425215646,
      0.1657949443998636
    ],
    [
      0.05390804046983775,
      0.0972254878348679,
      0.14765636359201928,
      0.20071966311801615,
      0.2517004793855192,
      0.2960689431435332,
      0.32988272167936283,
      0.35013731238077656,
      0.3550330059781463,
      0.3441347986109485,
      0.3184110438297537,
      0.28014741013371003,
      0.2327437892939011,
      0.18041220104930794,
      0.12780253666885547,
      0.07958939570645536,
      0.04005672731650163,
      0.01271718257169949,
      2.4042422817522923e-13,
      0.0030351570820350577,
      0.021552966790798416
    ]
  ],
  "M": [
    [
      0.14047619047619048,
      0.13846638883318255,
      0.1326155636000093,
      0.12344358627456176,
      0.11176542729276548,
      0.09861874232890967,
      0.08517167203530959,
      0.07261904761904762,
      0.06207622484579357,
      0.054479979785366756,
      0.05050527214695848,
      0.05050527214695847,
      0.054479979785366756,
      0.06207622484579358,
      0.0726190476190476,
      0.08517167203530956,
      0.09861874232890967,
      0.1117654272927655,
      0.12344358627456173,
      0.13261556360000926,
      0.13846638883318255
    ],
    [
      0.13846638883318255,
      0.14047619047619048,
      0.13846638883318255,
      0.1326155636000093,
      0.12344358627456176,
      0.11176542729276548,
      0.09861874232890967,
      0.08517167203530959,
      0.07261904761904761,
      0.06207622484579357,
      0.05447997978536676,
      0.05050527214695848,
      0.05050527214695847,
      0.054479979785366756,
      0.06207622484579356,
      0.07261904761904761,
      0.08517167203530959,
      0.09861874232890969,
      0.11176542729276548,
      0.1234435862745617,
      0.13261556360000926
    ],
    [
      0.1326155636000093,
      0.13846638883318255,
      0.1404761904761905,
      0.13846638883318257,
      0.1326155636000093,
      0.12344358627456176,
      0.11176542729276548,
      0.09861874232890969,
      0.08517167203530959,
      0.07261904761904761,
      0.06207622484579359,
      0.05447997978536676,
      0.05050527214695848,
      0.05050527214695848,
      0.05447997978536675,
      0.062076224845793566,
      0.07261904761904762,
      0.08517167203530962,
      0.09861874232890966,
      0.11176542729276545,
      0.12344358627456173
    ],
    [
      0.12344358627456176,
      0.1326155636000093,
      0.13846638883318257,
      0.14047619047619048,
      0.13846638883318257,
      0.1326155636000093,
      0.12344358627456173,
      0.11176542729276548,
      0.09861874232890966,
      0.08517167203530959,
      0.07261904761904762,
      0.06207622484579359,
      0.054479979785366756,
      0.05050527214695847,
      0.05050527214695847,
      0.054479979785366756,
      0.06207622484579358,
      0.07261904761904764,
      0.08517167203530956,
      0.09861874232890963,
      0.11176542729276548
    ],
    [
      0.11176542729276548,
      0.12344358627456176,
      0.1326155636000093,
      0.13846638883318257,
      0.14047619047619048,
      0.13846638883318257,
      0.1326155636000093,
      0.12344358627456177,
      0.11176542729276548,
      0.09861874232890969,
      0.08517167203530959,
      0.07261904761904764,
      0.06207622484579359,
      0.054479979785366756,
      0.05050527214695848,
      0.05050527214695847,
      0.054479979785366756,
      0.06207622484579359,
      0.07261904761904761,
      0.08517167203530956,
      0.09861874232890966
    ],
    [
      0.09861874232890967,
      0.11176542729276548,
      0.12344358627456176,
      0.1326155636000093,
      0.13846638883318257,
      0.14047619047619048,
      0.13846638883318252,
      0.13261556360000928,
      0.12344358627456173,
      0.11176542729276548,
      0.09861874232890969,
      0.08517167203530959,
      0.07261904761904761,
      0.062076224845793566,
      0.05447997978536677,
      0.05050527214695848,
      0.05050527214695848,
      0.05447997978536677,
      0.06207622484579356,
      0.07261904761904758,
      0.08517167203530956
    ],
    [
      0.08517167203530959,
      0.09861874232890967,
      0.11176542729276548,
      0.12344358627456173,
      0.1326155636000093,
      0.13846638883318252,
      0.14047619047619048,
      0.13846638883318252,
      0.13261556360000928,
      0.12344358627456173,
      0.11176542729276548,
      0.09861874232890967,
      0.08517167203530956,
      0.07261904761904761,
      0.06207622484579359,
      0.054479979785366756,
      0.05050527214695847,
      0.05050527214695848,
      0.054479979785366756,
      0.06207622484579355,
      0.07261904761904761
    ],
    [
      0.07261904761904762,
      0.08517167203530959,
      0.09861874232890969,
      0.11176542729276548,
      0.12344358627456177,
      0.13261556360000928,
      0.13846638883318252,
      0.14047619047619048,
      0.13846638883318255,
      0.1326155636000093,
      0.12344358627456176,
      0.11176542729276548,
      0.09861874232890967,
      0.08517167203530956,
      0.07261904761904764,
      0.06207622484579358,
      0.05447997978536675,
      0.05050527214695847,
      0.05050527214695847,
      0.05447997978536674,
      0.062076224845793566
    ],
    [
      0.06207622484579357,
      0.07261904761904761,
      0.08517167203530959,
      0.09861874232890966,
      0.11176542729276548,
      0.12344358627456173,
      0.13261556360000928,
      0.13846638883318255,
      0.14047619047619048,
      0.13846638883318255,
      0.1326155636000093,
      0.12344358627456176,
      0.11176542729276548,
      0.09861874232890966,
      0.08517167203530962,
      0.07261904761904764,
      0.06207622484579357,
      0.05447997978536675,
      0.05050527214695848,
      0.05050527214695847,
      0.05447997978536675
    ],
    [
      0.054479979785366756,
      0.06207622484579357,
      0.07261904761904761,
      0.08517167203530959,
      0.09861874232890969,
      0.11176542729276548,
      0.12344358627456173,
      0.1326155636000093,
      0.13846638883318255,
      0.14047619047619048,
      0.13846638883318255,
      0.1326155636000093,
      0.12344358627456176,
      0.11176542729276548,
      0.0986187423289097,
      0.08517167203530959,
      0.07261904761904761,
      0.06207622484579356,
      0.05447997978536676,
      0.05050527214695848,
      0.05050527214695847
    ],
    [
      0.05050527214695848,
      0.05447997978536676,
      0.06207622484579359,
      0.07261904761904762,
      0.08517167203530959,
      0.09861874232890969,
      0.11176542729276548,
      0.12344358627456176,
      0.1326155636000093,
      0.13846638883318255,
      0.14047619047619048,
      0.13846638883318255,
      0.13261556360000928,
      0.12344358627456173,
      0.1117654272927655,
      0.09861874232890967,
      0.08517167203530956,
      0.07261904761904758,
      0.06207622484579357,
      0.05447997978536677,
      0.05050527214695848
    ],
    [
      0.05050527214695847,
      0.05050527214695848,
      0.05447997978536676,
      0.06207622484579359,
      0.07261904761904764,
      0.08517167203530959,
      0.09861874232890967,
      0.11176542729276548,
      0.12344358627456176,
      0.1326155636000093,
      0.13846638883318255,
      0.14047619047619048,
      0.13846638883318252,
      0.13261556360000928,
      0.12344358627456177,
      0.11176542729276548,
      0.09861874232890964,
      0.08517167203530954,
      0.07261904761904761,
      0.06207622484579359,
      0.054479979785366756
    ],
    [
      0.054479979785366756,
      0.05050527214695847,
      0.05050527214695848,
      0.054479979785366756,
      0.06207622484579359,
      0.07261904761904761,
      0.08517167203530956,
      0.09861874232890967,
      0.11176542729276548,
      0.12344358627456176,
      0.13261556360000928,
      0.13846638883318252,
      0.14047619047619048,
      0.13846638883318255,
      0.1326155636000093,
      0.12344358627456176,
      0.11176542729276548,
      0.09861874232890964,
      0.08517167203530959,
      0.07261904761904764,
      0.06207622484579359
    ],
    [
      0.06207622484579358,
      0.054479979785366756,
      0.05050527214695848,
      0.05050527214695847,
      0.054479979785366756,
      0.062076224845793566,
      0.07261904761904761,
      0.08517167203530956,
      0.09861874232890966,
      0.11176542729276548,
      0.12344358627456173,
      0.13261556360000928,
      0.13846638883318255,
      0.14047619047619048,
      0.13846638883318257,
      0.1326155636000093,
      0.12344358627456176,
      0.11176542729276548,
      0.09861874232890969,
      0.08517167203530962,
      0.07261904761904765
    ],
    [
      0.0726190476190476,
      0.06207622484579356,
      0.05447997978536675,
      0.05050527214695847,
      0.05050527214695848,
      0.05447997978536677,
      0.06207622484579359,
      0.07261904761904764,
      0.08517167203530962,
      0.0986187423289097,
      0.1117654272927655,
      0.12344358627456177,
      0.1326155636000093,
      0.13846638883318257,
      0.14047619047619048,
      0.13846638883318257,
      0.13261556360000928,
      0.12344358627456173,
      0.11176542729276548,
      0.09861874232890969,
      0.08517167203530959
    ],
    [
      0.08517167203530956,
      0.07261904761904761,
      0.062076224845793566,
      0.054479979785366756,
      0.05050527214695847,
      0.05050527214695848,
      0.054479979785366756,
      0.06207622484579358,
      0.07261904761904764,
      0.08517167203530959,
      0.09861874232890967,
      0.11176542729276548,
      0.12344358627456176,
      0.1326155636000093,
      0.13846638883318257,
      0.14047619047619048,
      0.13846638883318255,
      0.13261556360000926,
      0.12344358627456173,
      0.11176542729276548,
      0.09861874232890967
    ],
    [
      0.09861874232890967,
      0.08517167203530959,
      0.07261904761904762,
      0.06207622484579358,
      0.054479979785366756,
      0.05050527214695848,
      0.05050527214695847,
      0.05447997978536675,
      0.06207622484579357,
      0.07261904761904761,
      0.08517167203530956,
      0.09861874232890964,
      0.11176542729276548,
      0.12344358627456176,
      0.13261556360000928,
      0.13846638883318255,
      0.14047619047619048,
      0.13846638883318255,
      0.1326155636000093,
      0.12344358627456177,
      0.11176542729276553
    ],
    [
      0.1117654272927655,
      0.09861874232890969,
      0.08517167203530962,
      0.07261904761904764,
      0.06207622484579359,
      0.05447997978536677,
      0.05050527214695848,
      0.05050527214695847,
      0.05447997978536675,
      0.06207622484579356,
      0.07261904761904758,
      0.08517167203530954,
      0.09861874232890964,
      0.11176542729276548,
      0.12344358627456173,
      0.13261556360000926,
      0.13846638883318255,
      0.14047619047619048,
      0.13846638883318257,
      0.1326155636000093,
      0.1234435862745618
    ],
    [
      0.12344358627456173,
      0.11176542729276548,
      0.09861874232890966,
      0.08517167203530956,
      0.07261904761904761,
      0.06207622484579356,
      0.054479979785366756,
      0.05050527214695847,
      0.05050527214695848,
      0.05447997978536676,
      0.06207622484579357,
      0.07261904761904761,
      0.08517167203530959,
      0.09861874232890969,
      0.11176542729276548,
      0.12344358627456173,
      0.1326155636000093,
      0.13846638883318257,
      0.14047619047619048,
      0.13846638883318255,
      0.1326155636000093
    ],
    [
      0.13261556360000926,
      0.1234435862745617,
      0.11176542729276545,
      0.09861874232890963,
      0.08517167203530956,
      0.07261904761904758,
      0.06207622484579355,
      0.05447997978536674,
      0.05050527214695847,
      0.05050527214695848,
      0.05447997978536677,
      0.06207622484579359,
      0.07261904761904764,
      0.08517167203530962,
      0.09861874232890969,
      0.11176542729276548,
      0.12344358627456177,
      0.1326155636000093,
      0.13846638883318255,
      0.14047619047619048,
      0.13846638883318252
    ],
    [
      0.13846638883318255,
      0.13261556360000926,
      0.12344358627456173,
      0.11176542729276548,
      0.09861874232890966,
      0.08517167203530956,
      0.07261904761904761,
      0.062076224845793566,
      0.05447997978536675,
      0.05050527214695847,
      0.05050527214695848,
      0.054479979785366756,
      0.06207622484579359,
      0.07261904761904765,
      0.08517167203530959,
      0.09861874232890967,
      0.11176542729276553,
      0.1234435862745618,
      0.1326155636000093,
      0.13846638883318252,
      0.14047619047619048
    ]
  ],
  "score": 1.904891588382151e-16
}