{
  "k": 11,
  "M_approx": [
    [
      0.09523809523809527,
      0.09312251456124485,
      0.08696375115790453,
      0.07730903818374922,
      0.06501623925554262,
      0.05117762350411544,
      0.037022812668746935,
      0.023809523809523794,
      0.012711815627151141,
      0.004715768195122922,
      0.0005318654178510144,
      0.0005318654178510224,
      0.00471576819512287,
      0.01271181562715112,
      0.023809523809523787,
      0.03702281266874693,
      0.05117762350411545,
      0.06501623925554263,
      0.0773090381837492,
      0.08696375115790447,
      0.09312251456124482
    ],
    [
      0.09312251456124479,
      0.09523809523809525,
      0.09312251456124479,
      0.08696375115790451,
      0.07730903818374922,
      0.06501623925554263,
      0.05117762350411545,
      0.03702281266874693,
      0.023809523809523826,
      0.012711815627151153,
      0.004715768195122903,
      0.0005318654178510316,
      0.0005318654178510156,
      0.00471576819512292,
      0.012711815627151122,
      0.023809523809523798,
      0.037022812668746935,
      0.05117762350411545,
      0.06501623925554259,
      0.07730903818374912,
      0.08696375115790447
    ],
    [
      0.08696375115790454,
      0.09312251456124476,
      0.09523809523809526,
      0.09312251456124482,
      0.08696375115790454,
      0.07730903818374923,
      0.06501623925554263,
      0.05117762350411544,
      0.0370228126687469,
      0.02380952380952377,
      0.0127118156271511,
      0.00471576819512291,
      0.000531865417850989,
      0.0005318654178510247,
      0.0047157681951228835,
      0.012711815627151105,
      0.02380952380952379,
      0.03702281266874696,
      0.05117762350411544,
      0.06501623925554262,
      0.07730903818374923
    ],
    [
      0.07730903818374926,
      0.08696375115790451,
      0.09312251456124482,
      0.09523809523809522,
      0.09312251456124485,
      0.08696375115790456,
      0.07730903818374919,
      0.06501623925554265,
      0.051177623504115435,
      0.03702281266874689,
      0.023809523809523822,
      0.012711815627151167,
      0.004715768195122914,
      0.0005318654178510492,
      0.0005318654178510285,
      0.004715768195122873,
      0.012711815627151127,
      0.023809523809523836,
      0.03702281266874692,
      0.051177623504115415,
      0.06501623925554262
    ],
    [
      0.06501623925554262,
      0.07730903818374925,
      0.08696375115790454,
      0.09312251456124482,
      0.09523809523809522,
      0.09312251456124483,
      0.08696375115790456,
      0.07730903818374922,
      0.06501623925554266,
      0.05117762350411548,
      0.03702281266874696,
      0.023809523809523815,
      0.01271181562715108,
      0.004715768195122862,
      0.0005318654178509955,
      0.0005318654178510179,
      0.004715768195122907,
      0.01271181562715115,
      0.023809523809523808,
      0.037022812668746866,
      0.051177623504115415
    ],
    [
      0.05117762350411547,
      0.06501623925554266,
      0.07730903818374928,
      0.08696375115790453,
      0.09312251456124482,
      0.09523809523809529,
      0.09312251456124479,
      0.08696375115790449,
      0.07730903818374922,
      0.06501623925554259,
      0.05117762350411548,
      0.03702281266874696,
      0.023809523809523815,
      0.012711815627151115,
      0.004715768195122902,
      0.0005318654178510109,
      0.0005318654178510286,
      0.004715768195122889,
      0.012711815627151105,
      0.023809523809523763,
      0.037022812668746914
    ],
    [
      0.037022812668747004,
      0.051177623504115484,
      0.06501623925554263,
      0.07730903818374914,
      0.0869637511579045,
      0.09312251456124479,
      0.09523809523809518,
      0.09312251456124482,
      0.08696375115790456,
      0.07730903818374919,
      0.0650162392555426,
      0.05117762350411542,
      0.0370228126687469,
      0.02380952380952377,
      0.012711815627151143,
      0.0047157681951228965,
      0.0005318654178510621,
      0.0005318654178510559,
      0.004715768195122898,
      0.012711815627151126,
      0.023809523809523815
    ],
    [
      0.023809523809523836,
      0.03702281266874696,
      0.05117762350411545,
      0.06501623925554258,
      0.0773090381837492,
      0.08696375115790449,
      0.09312251456124475,
      0.09523809523809525,
      0.09312251456124483,
      0.08696375115790453,
      0.07730903818374925,
      0.06501623925554265,
      0.051177623504115435,
      0.0370228126687469,
      0.02380952380952383,
      0.012711815627151131,
      0.004715768195122898,
      0.0005318654178510207,
      0.0005318654178510445,
      0.004715768195122954,
      0.01271181562715115
    ],
    [
      0.012711815627151103,
      0.023809523809523805,
      0.03702281266874692,
      0.051177623504115456,
      0.06501623925554262,
      0.07730903818374919,
      0.08696375115790451,
      0.09312251456124475,
      0.09523809523809522,
      0.09312251456124482,
      0.0869637511579045,
      0.07730903818374919,
      0.0650162392555426,
      0.051177623504115415,
      0.037022812668746956,
      0.023809523809523815,
      0.012711815627151112,
      0.004715768195122892,
      0.000531865417851008,
      0.0005318654178510327,
      0.004715768195122869
    ],
    [
      0.004715768195122901,
      0.012711815627151138,
      0.023809523809523815,
      0.03702281266874692,
      0.05117762350411547,
      0.06501623925554262,
      0.0773090381837492,
      0.08696375115790453,
      0.0931225145612448,
      0.09523809523809523,
      0.0931225145612448,
      0.08696375115790453,
      0.07730903818374922,
      0.06501623925554262,
      0.05117762350411547,
      0.03702281266874694,
      0.023809523809523787,
      0.012711815627151101,
      0.004715768195122898,
      0.0005318654178510823,
      0.0005318654178510243
    ],
    [
      0.0005318654178510273,
      0.00471576819512288,
      0.01271181562715114,
      0.023809523809523805,
      0.03702281266874695,
      0.05117762350411545,
      0.0650162392555426,
      0.07730903818374919,
      0.08696375115790449,
      0.09312251456124479,
      0.0952380952380952,
      0.09312251456124478,
      0.08696375115790453,
      0.07730903818374922,
      0.06501623925554265,
      0.051177623504115435,
      0.037022812668746935,
      0.02380952380952379,
      0.012711815627151126,
      0.00471576819512293,
      0.0005318654178510277
    ],
    [
      0.0005318654178510331,
      0.0005318654178510323,
      0.004715768195122934,
      0.012711815627151131,
      0.02380952380952383,
      0.03702281266874695,
      0.05117762350411543,
      0.06501623925554265,
      0.07730903818374918,
      0.08696375115790447,
      0.09312251456124476,
      0.09523809523809523,
      0.09312251456124479,
      0.08696375115790451,
      0.07730903818374926,
      0.06501623925554265,
      0.051177623504115435,
      0.03702281266874691,
      0.0238095238095238,
      0.012711815627151145,
      0.0047157681951229095
    ],
    [
      0.004715768195122906,
      0.0005318654178510132,
      0.000531865417851034,
      0.00471576819512289,
      0.012711815627151136,
      0.023809523809523805,
      0.0370228126687469,
      0.05117762350411544,
      0.06501623925554259,
      0.07730903818374919,
      0.0869637511579045,
      0.09312251456124479,
      0.09523809523809522,
      0.09312251456124479,
      0.08696375115790454,
      0.0773090381837492,
      0.0650162392555426,
      0.051177623504115415,
      0.03702281266874694,
      0.02380952380952384,
      0.012711815627151153
    ],
    [
      0.012711815627151133,
      0.0047157681951229035,
      0.000531865417851042,
      0.0005318654178510382,
      0.004715768195122905,
      0.012711815627151114,
      0.02380952380952378,
      0.037022812668746914,
      0.051177623504115394,
      0.06501623925554258,
      0.07730903818374919,
      0.08696375115790453,
      0.0931225145612448,
      0.09523809523809525,
      0.0931225145612448,
      0.08696375115790454,
      0.07730903818374922,
      0.0650162392555426,
      0.05117762350411548,
      0.03702281266874698,
      0.023809523809523846
    ],
    [
      0.023809523809523774,
      0.012711815627151105,
      0.004715768195122889,
      0.0005318654178510117,
      0.0005318654178510041,
      0.004715768195122921,
      0.012711815627151181,
      0.023809523809523864,
      0.03702281266874698,
      0.05117762350411547,
      0.06501623925554265,
      0.07730903818374922,
      0.08696375115790449,
      0.09312251456124476,
      0.09523809523809519,
      0.09312251456124478,
      0.0869637511579045,
      0.07730903818374917,
      0.06501623925554262,
      0.05117762350411548,
      0.03702281266874692
    ],
    [
      0.03702281266874691,
      0.0238095238095238,
      0.012711815627151115,
      0.004715768195122904,
      0.0005318654178510196,
      0.0005318654178510225,
      0.004715768195122923,
      0.01271181562715114,
      0.02380952380952384,
      0.037022812668746956,
      0.05117762350411545,
      0.06501623925554259,
      0.0773090381837492,
      0.08696375115790451,
      0.09312251456124479,
      0.09523809523809522,
      0.09312251456124482,
      0.0869637511579045,
      0.0773090381837492,
      0.06501623925554262,
      0.05117762350411542
    ],
    [
      0.05117762350411543,
      0.037022812668746956,
      0.023809523809523815,
      0.012711815627151167,
      0.004715768195122895,
      0.0005318654178510034,
      0.00053186541785102,
      0.0047157681951228506,
      0.0127118156271511,
      0.02380952380952384,
      0.0370228126687469,
      0.0511776235041154,
      0.06501623925554259,
      0.07730903818374923,
      0.08696375115790451,
      0.09312251456124479,
      0.09523809523809525,
      0.09312251456124479,
      0.08696375115790453,
      0.07730903818374922,
      0.06501623925554263
    ],
    [
      0.06501623925554262,
      0.05117762350411546,
      0.037022812668746956,
      0.02380952380952384,
      0.01271181562715115,
      0.004715768195122895,
      0.0005318654178510142,
      0.0005318654178509961,
      0.0047157681951228774,
      0.012711815627151143,
      0.023809523809523763,
      0.037022812668746886,
      0.051177623504115415,
      0.06501623925554263,
      0.07730903818374919,
      0.08696375115790449,
      0.09312251456124478,
      0.09523809523809522,
      0.09312251456124478,
      0.08696375115790451,
      0.07730903818374926
    ],
    [
      0.07730903818374923,
      0.0650162392555426,
      0.05117762350411542,
      0.03702281266874691,
      0.023809523809523798,
      0.012711815627151114,
      0.0047157681951228905,
      0.0005318654178510354,
      0.0005318654178510352,
      0.004715768195122933,
      0.012711815627151101,
      0.023809523809523787,
      0.03702281266874691,
      0.05117762350411546,
      0.0650162392555426,
      0.07730903818374919,
      0.08696375115790453,
      0.09312251456124482,
      0.09523809523809523,
      0.09312251456124479,
      0.08696375115790456
    ],
    [
      0.0869637511579045,
      0.07730903818374917,
      0.06501623925554258,
      0.05117762350411538,
      0.037022812668746935,
      0.023809523809523794,
      0.012711815627151093,
      0.004715768195122906,
      0.0005318654178510086,
      0.0005318654178510128,
      0.004715768195122891,
      0.012711815627151166,
      0.023809523809523805,
      0.037022812668746956,
      0.051177623504115435,
      0.0650162392555426,
      0.0773090381837492,
      0.08696375115790451,
      0.09312251456124478,
      0.09523809523809526,
      0.09312251456124482
    ],
    [
      0.0931225145612448,
      0.08696375115790451,
      0.07730903818374919,
      0.06501623925554256,
      0.05117762350411541,
      0.03702281266874693,
      0.02380952380952379,
      0.012711815627151107,
      0.0047157681951229035,
      0.0005318654178510396,
      0.0005318654178510306,
      0.004715768195122918,
      0.012711815627151126,
      0.023809523809523836,
      0.03702281266874694,
      0.05117762350411545,
      0.06501623925554266,
      0.07730903818374926,
      0.08696375115790451,
      0.09312251456124479,
      0.09523809523809525
    ]
  ],
  "A": [
    [
      0.22864889018800708,
      3.429785665763099e-16,
      2.7683301584844653e-16,
      0.19394280332876435,
      1.2022908901415685e-16,
      1.3414672300831304e-16,
      0.024782558262103637,
      0.20869429321707347,
      0.016965748606964922,
      0.008038730751658799,
      4.823685410445667e-15
    ],
    [
      0.29161397508562403,
      0.0011353694534211596,
      0.0,
      0.13520725988473256,
      4.4489728560897433e-14,
      0.002718946558432739,
      2.034748524478814e-14,
      0.2139310964000639,
      0.049676341870223455,
      0.06245538357350244,
      0.0005818378468628973
    ],
    [
      0.525726333886586,
      0.00933620738933242,
      8.163022818390038e-15,
      0.014246172193645164,
      4.1185102321999955e-14,
      3.946700806843577e-13,
      5.734598165727441e-14,
      0.13513215443905052,
      0.09368694369731546,
      0.16830787932344762,
      0.02181499115794064
    ],
    [
      0.3836577223136293,
      0.10225147077043657,
      0.0,
      6.235727673084241e-15,
      0.0,
      0.020023061172035672,
      0.0,
      0.25547076722106116,
      0.05574293617162189,
      0.06766189255698551,
      0.003007901691607614
    ],
    [
      0.05046610543104334,
      0.04797916374906444,
      0.004887521024140729,
      1.5650528872447086e-15,
      8.989472171407142e-15,
      0.15837013981885498,
      0.0,
      0.34010988491030464,
      0.09754863233666348,
      0.08358663111981919,
      2.6133263518776332e-14
    ],
    [
      0.005153863459107176,
      0.16763420358389924,
      0.08932954889038956,
      0.0006753503062738517,
      3.675655898666203e-13,
      0.09638542105987588,
      2.0970282400499933e-16,
      0.3610073592986767,
      0.035302679512493655,
      0.005439590666438812,
      0.0016269182458941256
    ],
    [
      0.0,
      0.23611170975854,
      0.20116582705965227,
      0.0,
      6.840031068266097e-17,
      0.034426132102466304,
      0.0,
      0.3044272900816869,
      0.0,
      2.3469058623854323e-14,
      0.02047671179522991
    ],
    [
      0.0,
      0.2258566987235198,
      0.32477483836477034,
      0.0,
      3.661155612471908e-15,
      0.0,
      4.3629446605066897e-16,
      0.1792032844018268,
      0.006688554160157709,
      0.08027350682203412,
      0.055184497234467035
    ],
    [
      0.0,
      0.14332947816242078,
      0.4422637600459953,
      4.270686960693103e-16,
      3.972087194249777e-13,
      1.1317288133401349e-14,
      0.002913975093148384,
      0.005895094446025986,
      0.051305564791183984,
      0.22873527758290058,
      0.10076991905846105
    ],
    [
      1.10946421982369e-13,
      0.21442815962554243,
      0.4268632383618231,
      1.3124514560571005e-13,
      0.01571079652881881,
      0.0,
      0.043641261306119755,
      0.00024695238790756457,
      6.73032221481528e-13,
      0.14161628086624525,
      0.09672898354071754
    ],
    [
      0.0,
      0.23942944694124493,
      0.30809710054747247,
      0.0,
      0.11694922386765398,
      0.005788574710675264,
      3.5959108411595896e-15,
      2.2272551632503893e-15,
      5.213278906070012e-17,
      0.08268446682486516,
      0.033333485723360874
    ],
    [
      8.455058777121326e-16,
      0.23377637086521408,
      0.1971529062538287,
      6.588207963116858e-17,
      0.17075133452532124,
      0.05037538868324302,
      0.007386003254359248,
      5.401290082371779e-16,
      5.71279647210343e-16,
      0.035312701605887606,
      0.0
    ],
    [
      1.325126266821359e-14,
      0.19776979711378603,
      0.10431661375241005,
      1.0711368789969465e-15,
      0.17195689975803283,
      0.12993630534008763,
      0.06548581156741835,
      9.26461086211184e-14,
      7.098796050061989e-07,
      0.00398270471312376,
      8.752815222035413e-16
    ],
    [
      2.3475893508575173e-14,
      0.12931723941197384,
      0.004165167270495531,
      0.0033159025434081387,
      0.16952732494472858,
      0.21761667496607318,
      0.11444610518603088,
      5.927191404390453e-14,
      0.018722939311220915,
      0.0002689965095936168,
      0.0003071278383995545
    ],
    [
      6.720375285111654e-16,
      0.04904157469043346,
      3.017857880649649e-14,
      1.072051931928078e-14,
      0.02541630736615387,
      0.3620130901553608,
      0.30421747279420647,
      6.769672646692437e-16,
      0.002031562752685981,
      9.063202013820067e-16,
      0.09398485782954713
    ],
    [
      1.7117937046983026e-16,
      0.005013367193559125,
      1.9687411086693677e-05,
      0.06629565454868536,
      0.016867726575800768,
      0.3241160960551763,
      0.2863751875892498,
      1.8567306045547803e-15,
      1.5047608234480953e-14,
      0.00025445315670787923,
      0.08887702343129017
    ],
    [
      0.01692876993179922,
      3.845087128253502e-16,
      7.874772485458418e-16,
      0.18092851882591507,
      0.12411894687956418,
      0.1316700497819207,
      0.09412926543959696,
      0.0,
      0.009810960924412662,
      0.0,
      2.0106239879394307e-14
    ],
    [
      0.1508249364676553,
      0.00021149848839094554,
      1.2237551505619558e-13,
      0.20110180360193822,
      0.1039278506850343,
      0.06023914121573861,
      0.07837852598704245,
      2.038656571089986e-14,
      1.6245350917402856e-14,
      0.0018567206494289872,
      0.00036031960907778805
    ],
    [
      0.3006115846095575,
      0.0,
      1.2016824310256608e-15,
      0.19840952880620472,
      0.07948256070059209,
      3.6233850622442675e-15,
      0.06454128484004502,
      1.4533805275612238e-13,
      0.0,
      0.020767897496877966,
      0.005131289682273471
    ],
    [
      0.4828259890875541,
      6.45220780402611e-13,
      6.542936904007291e-14,
      0.14665931492549789,
      0.008543867967606632,
      1.9573234432041154e-13,
      0.11804486545141343,
      0.00023082164242849636,
      0.00010545316768628892,
      0.05037922476869746,
      0.044923983940263715
    ],
    [
      0.3091852728577669,
      0.0,
      0.0,
      0.1927665653734678,
      0.0,
      0.0,
      0.07024912909616879,
      0.13004747800343844,
      2.9663556975538393e-16,
      0.0070162806934696,
      0.01832563870402292
    ]
  ],
  "B": [
    [
      0.09227489825233454,
      0.09196591218946669,
      0.07827388894321079,
      0.07141244834571288,
      0.07159679092677754,
      0.028713303818436446,
      0.000624022198266292,
      4.093605810084443e-15,
      5.88824435466249e-14,
      4.175471697090853e-15,
      5.905420992226097e-16,
      4.355817391682836e-16,
      1.9403872673185392e-14,
      0.0,
      1.3518300838680983e-13,
      0.010479724212940661,
      0.025718188885935283,
      0.04969942961974835,
      0.08874772702738923,
      0.10772959667307193,
      0.1073834106794084
    ],
    [
      0.0,
      9.96588098596815e-05,
      1.6330975944648965e-14,
      0.0005308118534211945,
      0.0009774583838808785,
      0.09596526201840867,
      0.17542765930208898,
      0.21608812121724846,
      0.2294157085465168,
      0.2066170092405401,
      0.1601888110025537,
      0.09605415177993532,
      0.03229866199639486,
      0.0,
      3.8622679149792044e-13,
      5.3962832516488325e-15,
      9.362280725294206e-17,
      6.500435729721269e-17,
      2.2744772807805494e-07,
      0.0,
      7.267104304976899e-16
    ],
    [
      1.1219445536153763e-17,
      0.0,
      0.0,
      0.03828409607931545,
      0.1098529069698464,
      0.03880502737651428,
      0.014398384504492887,
      0.07164295870650426,
      0.1021189974268986,
      0.11713457789700389,
      0.10965900745992521,
      0.10364420533326946,
      0.1341104400872396,
      0.11366326501496976,
      0.047580406413343414,
      3.4773870050347363e-15,
      6.667556204343037e-16,
      2.570152431119428e-17,
      0.00014764849336660767,
      0.0,
      2.1975998310462244e-16
    ],
    [
      0.22600047875070137,
      0.18363583617611642,
      0.12407226122896124,
      0.06335819170606843,
      0.006406433403111644,
      1.5069879895303424e-14,
      1.827250977603215e-14,
      5.408947378135094e-16,
      0.0024776339510159864,
      0.0,
      1.4840097515724685e-15,
      2.0905862357705576e-15,
      0.0017774053435668726,
      0.03434140253521739,
      0.09300772061301855,
      0.1524863054928383,
      0.19935398099865556,
      0.24179447739952037,
      0.2831163964906599,
      0.292725458535763,
      0.271767414904739
    ],
    [
      0.0,
      0.0005720189543431495,
      0.0,
      0.0003189435527372299,
      0.00551408553630048,
      4.162559869220484e-14,
      6.455012074606684e-15,
      1.70365709283163e-15,
      2.569040813023853e-13,
      0.0593308538822691,
      0.14240620987260208,
      0.2708278229399034,
      0.3194298082563595,
      0.359750257830033,
      0.38731037754604847,
      0.3719391051946938,
      0.28025856462657844,
      0.20282386344030034,
      0.10186613134787283,
      0.03344418542769805,
      3.5843461980777675e-15
    ],
    [
      1.3437776896278027e-16,
      0.002049996456099908,
      5.3027998514460357e-17,
      2.4254283411443523e-17,
      2.422732829278524e-15,
      2.8836577909656663e-15,
      8.639948212504302e-15,
      0.007450562238186262,
      0.06914903302940979,
      0.10793627179084982,
      0.14693929183054344,
      0.11804221882491152,
      0.06552048410955319,
      0.026269071950336596,
      0.001391061717242039,
      5.546246571907416e-14,
      6.184390326749247e-15,
      0.015449467755133488,
      0.11661846288916772,
      0.13898009556377192,
      0.09188193025595276
    ],
    [
      0.07200990840826944,
      0.0017416658352600966,
      6.936933055166523e-14,
      1.7613423133311005e-14,
      0.0,
      1.576619132228485e-15,
      3.27639553170303e-15,
      2.2750156793840167e-16,
      3.776356741877097e-13,
      4.276042495230649e-15,
      2.75775722364673e-15,
      0.021461279833057643,
      0.174370577519053,
      0.244185756983902,
      0.23238560233168454,
      0.20388233348372709,
      0.2544214004430275,
      0.2182634253062936,
      0.06620095590051778,
      4.485347255178947e-16,
      0.011803439899531237
    ],
    [
      0.1205413893949254,
      0.159885960885775,
      0.21019941372087167,
      0.22788303365346815,
      0.2123144442301089,
      0.20582171534478863,
      0.16440537464496954,
      0.08314146092511228,
      0.03236935520680168,
      0.004089778794737049,
      1.0732043670891536e-14,
      3.4039434059031206e-16,
      0.00018095402562141828,
      3.138010327316972e-17,
      1.7934836269392556e-13,
      1.3095898630713767e-14,
      0.0,
      0.0,
      0.002155898884411872,
      0.026039940425617553,
      0.06782041233938825
    ],
    [
      0.19848731831357969,
      0.17695716240679257,
      0.0036930837530225855,
      9.294691214926012e-12,
      0.1692202843439643,
      0.004666668624112671,
      0.05313460053852518,
      0.3806714065104205,
      0.3219546371771317,
      0.22765011963884074,
      7.652473997807086e-14,
      1.7035588058596303e-13,
      0.0007037797951481614,
      0.0,
      0.0006114222385250039,
      1.0655032970162317e-13,
      5.749719981407212e-15,
      0.07951874278275384,
      0.0007550659658300958,
      0.007374590089751007,
      0.08345226383435875
    ],
    [
      3.2938136757481865e-14,
      0.008347172884598974,
      0.1335431156683906,
      0.14117989531020697,
      0.027799056930765828,
      0.19646976144274064,
      0.2075201918691351,
      6.679433182164293e-13,
      0.001716092938315438,
      2.30520707756814e-13,
      0.06616286006806416,
      5.64860244674253e-13,
      1.4737525509061678e-12,
      0.0,
      0.00023172532509792675,
      3.582571469708081e-05,
      0.040890167692071766,
      6.752497319669409e-16,
      0.0006491309080750376,
      0.0,
      3.04003988936388e-14
    ],
    [
      0.015955889589879233,
      0.11768831211063145,
      0.05009600027531175,
      0.005295823314457099,
      6.775089145626795e-15,
      1.5882992868868676e-15,
      0.04256665156250531,
      0.10365141139095278,
      0.0009041763489018925,
      1.462066516114459e-14,
      0.0036914522446539807,
      0.17506249192027562,
      0.005253703838530827,
      0.001954247132820771,
      0.15101911749867106,
      0.23029909500477255,
      0.02597416143609606,
      1.1975131948724668e-16,
      0.0007313477299373598,
      0.0,
      5.67875036763697e-16
    ]
  ],
  "M": [
    [
      0.09523809523809523,
      0.09312251456124479,
      0.08696375115790453,
      0.07730903818374922,
      0.06501623925554262,
      0.05117762350411544,
      0.03702281266874694,
      0.02380952380952382,
      0.012711815627151124,
      0.004715768195122901,
      0.0005318654178510235,
      0.0005318654178510186,
      0.004715768195122896,
      0.012711815627151133,
      0.023809523809523787,
      0.037022812668746914,
      0.05117762350411544,
      0.06501623925554265,
      0.07730903818374919,
      0.08696375115790449,
      0.09312251456124479
    ],
    [
      0.09312251456124479,
      0.09523809523809522,
      0.09312251456124479,
      0.08696375115790453,
      0.07730903818374922,
      0.06501623925554262,
      0.05117762350411544,
      0.03702281266874694,
      0.023809523809523808,
      0.01271181562715113,
      0.0047157681951229035,
      0.0005318654178510245,
      0.0005318654178510207,
      0.004715768195122902,
      0.01271181562715111,
      0.023809523809523794,
      0.03702281266874694,
      0.051177623504115456,
      0.0650162392555426,
      0.07730903818374917,
      0.08696375115790449
    ],
    [
      0.08696375115790453,
      0.09312251456124479,
      0.09523809523809527,
      0.0931225145612448,
      0.08696375115790453,
      0.07730903818374922,
      0.06501623925554262,
      0.051177623504115456,
      0.03702281266874693,
      0.023809523809523808,
      0.012711815627151138,
      0.004715768195122905,
      0.0005318654178510222,
      0.0005318654178510231,
      0.004715768195122889,
      0.01271181562715112,
      0.02380952380952382,
      0.03702281266874697,
      0.05117762350411542,
      0.06501623925554259,
      0.07730903818374919
    ],
    [
      0.07730903818374922,
      0.08696375115790453,
      0.0931225145612448,
      0.09523809523809523,
      0.0931225145612448,
      0.08696375115790453,
      0.07730903818374919,
      0.06501623925554262,
      0.05117762350411542,
      0.03702281266874694,
      0.02380952380952382,
      0.01271181562715114,
      0.004715768195122901,
      0.0005318654178510207,
      0.0005318654178510175,
      0.004715768195122894,
      0.012711815627151133,
      0.02380952380952383,
      0.037022812668746914,
      0.051177623504115394,
      0.0650162392555426
    ],
    [
      0.06501623925554262,
      0.07730903818374922,
      0.08696375115790453,
      0.0931225145612448,
      0.09523809523809523,
      0.0931225145612448,
      0.08696375115790453,
      0.07730903818374923,
      0.06501623925554262,
      0.051177623504115456,
      0.03702281266874695,
      0.02380952380952383,
      0.012711815627151138,
      0.004715768195122894,
      0.0005318654178510254,
      0.0005318654178510183,
      0.004715768195122898,
      0.01271181562715114,
      0.023809523809523798,
      0.0370228126687469,
      0.05117762350411542
    ],
    [
      0.05117762350411544,
      0.06501623925554262,
      0.07730903818374922,
      0.08696375115790453,
      0.0931225145612448,
      0.09523809523809523,
      0.09312251456124476,
      0.08696375115790451,
      0.07730903818374919,
      0.06501623925554262,
      0.051177623504115456,
      0.03702281266874695,
      0.023809523809523808,
      0.01271181562715112,
      0.0047157681951229095,
      0.0005318654178510246,
      0.0005318654178510231,
      0.0047157681951229095,
      0.012711815627151115,
      0.023809523809523767,
      0.037022812668746914
    ],
    [
      0.03702281266874694,
      0.05117762350411544,
      0.06501623925554262,
      0.07730903818374919,
      0.08696375115790453,
      0.09312251456124476,
      0.09523809523809523,
      0.09312251456124476,
      0.08696375115790451,
      0.07730903818374919,
      0.0650162392555426,
      0.05117762350411544,
      0.037022812668746914,
      0.023809523809523794,
      0.012711815627151138,
      0.004715768195122901,
      0.000531865417851019,
      0.000531865417851027,
      0.004715768195122898,
      0.012711815627151105,
      0.023809523809523798
    ],
    [
      0.02380952380952382,
      0.03702281266874694,
      0.051177623504115456,
      0.06501623925554262,
      0.07730903818374923,
      0.08696375115790451,
      0.09312251456124476,
      0.09523809523809523,
      0.09312251456124479,
      0.08696375115790453,
      0.07730903818374922,
      0.06501623925554262,
      0.05117762350411544,
      0.037022812668746914,
      0.02380952380952383,
      0.012711815627151133,
      0.004715768195122891,
      0.0005318654178510167,
      0.0005318654178510214,
      0.004715768195122887,
      0.01271181562715112
    ],
    [
      0.012711815627151124,
      0.023809523809523808,
      0.03702281266874693,
      0.05117762350411542,
      0.06501623925554262,
      0.07730903818374919,
      0.08696375115790451,
      0.09312251456124479,
      0.09523809523809522,
      0.09312251456124479,
      0.08696375115790453,
      0.07730903818374922,
      0.06501623925554262,
      0.05117762350411542,
      0.03702281266874697,
      0.02380952380952383,
      0.012711815627151124,
      0.004715768195122891,
      0.0005318654178510238,
      0.0005318654178510151,
      0.004715768195122888
    ],
    [
      0.004715768195122901,
      0.01271181562715113,
      0.023809523809523808,
      0.03702281266874694,
      0.051177623504115456,
      0.06501623925554262,
      0.07730903818374919,
      0.08696375115790453,
      0.09312251456124479,
      0.09523809523809523,
      0.09312251456124479,
      0.08696375115790453,
      0.07730903818374922,
      0.0650162392555426,
      0.05117762350411548,
      0.03702281266874694,
      0.023809523809523808,
      0.012711815627151114,
      0.0047157681951229035,
      0.000531865417851027,
      0.0005318654178510186
    ],
    [
      0.0005318654178510235,
      0.0047157681951229035,
      0.012711815627151138,
      0.02380952380952382,
      0.03702281266874695,
      0.051177623504115456,
      0.0650162392555426,
      0.07730903818374922,
      0.08696375115790453,
      0.09312251456124479,
      0.09523809523809523,
      0.09312251456124479,
      0.08696375115790451,
      0.07730903818374919,
      0.06501623925554265,
      0.05117762350411544,
      0.037022812668746914,
      0.023809523809523777,
      0.01271181562715113,
      0.0047157681951229095,
      0.0005318654178510232
    ],
    [
      0.0005318654178510186,
      0.0005318654178510245,
      0.004715768195122905,
      0.01271181562715114,
      0.02380952380952383,
      0.03702281266874695,
      0.05117762350411544,
      0.06501623925554262,
      0.07730903818374922,
      0.08696375115790453,
      0.09312251456124479,
      0.09523809523809522,
      0.09312251456124476,
      0.08696375115790451,
      0.07730903818374923,
      0.0650162392555426,
      0.051177623504115415,
      0.037022812668746886,
      0.023809523809523805,
      0.012711815627151138,
      0.004715768195122901
    ],
    [
      0.004715768195122896,
      0.0005318654178510207,
      0.0005318654178510222,
      0.004715768195122901,
      0.012711815627151138,
      0.023809523809523808,
      0.037022812668746914,
      0.05117762350411544,
      0.06501623925554262,
      0.07730903818374922,
      0.08696375115790451,
      0.09312251456124476,
      0.09523809523809523,
      0.09312251456124479,
      0.08696375115790453,
      0.07730903818374922,
      0.06501623925554262,
      0.051177623504115415,
      0.03702281266874694,
      0.02380952380952383,
      0.012711815627151138
    ],
    [
      0.012711815627151133,
      0.004715768195122902,
      0.0005318654178510231,
      0.0005318654178510207,
      0.004715768195122894,
      0.01271181562715112,
      0.023809523809523794,
      0.037022812668746914,
      0.05117762350411542,
      0.0650162392555426,
      0.07730903818374919,
      0.08696375115790451,
      0.09312251456124479,
      0.09523809523809523,
      0.0931225145612448,
      0.08696375115790456,
      0.07730903818374922,
      0.06501623925554262,
      0.051177623504115456,
      0.03702281266874698,
      0.023809523809523843
    ],
    [
      0.023809523809523787,
      0.01271181562715111,
      0.004715768195122889,
      0.0005318654178510175,
      0.0005318654178510254,
      0.0047157681951229095,
      0.012711815627151138,
      0.02380952380952383,
      0.03702281266874697,
      0.05117762350411548,
      0.06501623925554265,
      0.07730903818374923,
      0.08696375115790453,
      0.0931225145612448,
      0.09523809523809523,
      0.0931225145612448,
      0.08696375115790451,
      0.07730903818374919,
      0.0650162392555426,
      0.051177623504115456,
      0.03702281266874694
    ],
    [
      0.037022812668746914,
      0.023809523809523794,
      0.01271181562715112,
      0.004715768195122894,
      0.0005318654178510183,
      0.0005318654178510246,
      0.004715768195122901,
      0.012711815627151133,
      0.02380952380952383,
      0.03702281266874694,
      0.05117762350411544,
      0.0650162392555426,
      0.07730903818374922,
      0.08696375115790456,
      0.0931225145612448,
      0.09523809523809523,
      0.09312251456124479,
      0.08696375115790449,
      0.07730903818374919,
      0.06501623925554262,
      0.05117762350411544
    ],
    [
      0.05117762350411544,
      0.03702281266874694,
      0.02380952380952382,
      0.012711815627151133,
      0.004715768195122898,
      0.0005318654178510231,
      0.000531865417851019,
      0.004715768195122891,
      0.012711815627151124,
      0.023809523809523808,
      0.037022812668746914,
      0.051177623504115415,
      0.06501623925554262,
      0.07730903818374922,
      0.08696375115790451,
      0.09312251456124479,
      0.09523809523809523,
      0.09312251456124479,
      0.08696375115790453,
      0.07730903818374923,
      0.06501623925554266
    ],
    [
      0.06501623925554265,
      0.051177623504115456,
      0.03702281266874697,
      0.02380952380952383,
      0.01271181562715114,
      0.0047157681951229095,
      0.000531865417851027,
      0.0005318654178510167,
      0.004715768195122891,
      0.012711815627151114,
      0.023809523809523777,
      0.037022812668746886,
      0.051177623504115415,
      0.06501623925554262,
      0.07730903818374919,
      0.08696375115790449,
      0.09312251456124479,
      0.09523809523809523,
      0.0931225145612448,
      0.08696375115790453,
      0.07730903818374926
    ],
    [
      0.07730903818374919,
      0.0650162392555426,
      0.05117762350411542,
      0.037022812668746914,
      0.023809523809523798,
      0.012711815627151115,
      0.004715768195122898,
      0.0005318654178510214,
      0.0005318654178510238,
      0.0047157681951229035,
      0.01271181562715113,
      0.023809523809523805,
      0.03702281266874694,
      0.051177623504115456,
      0.0650162392555426,
      0.07730903818374919,
      0.08696375115790453,
      0.0931225145612448,
      0.09523809523809522,
      0.09312251456124479,
      0.08696375115790453
    ],
    [
      0.08696375115790449,
      0.07730903818374917,
      0.06501623925554259,
      0.051177623504115394,
      0.0370228126687469,
      0.023809523809523767,
      0.012711815627151105,
      0.004715768195122887,
      0.0005318654178510151,
      0.000531865417851027,
      0.0047157681951229095,
      0.012711815627151138,
      0.02380952380952383,
      0.03702281266874698,
      0.051177623504115456,
      0.06501623925554262,
      0.07730903818374923,
      0.08696375115790453,
      0.09312251456124479,
      0.09523809523809522,
      0.09312251456124476
    ],
    [
      0.09312251456124479,
      0.08696375115790449,
      0.07730903818374919,
      0.0650162392555426,
      0.05117762350411542,
      0.037022812668746914,
      0.023809523809523798,
      0.01271181562715112,
      0.004715768195122888,
      0.0005318654178510186,
      0.0005318654178510232,
      0.004715768195122901,
      0.012711815627151138,
      0.023809523809523843,
      0.03702281266874694,
      0.05117762350411544,
      0.06501623925554266,
      0.07730903818374926,
      0.08696375115790453,
      0.09312251456124476,
      0.09523809523809523
    ]
  ],
  "score": 1.6775189042094766e-16
}