{
  "k": 5,
  "M_approx": [
    [
      0.10428571428571429,
      0.10219128941563237,
      0.09609411364632549,
      0.08653594780191178,
      0.07436607686298716,
      0.06066584726907425,
      0.04665258454205947,
      0.03357142857142859,
      0.022584697470879628,
      0.014668610513171679,
      0.010526546763672541,
      0.01052654676367256,
      0.0146686105131717,
      0.022584697470879662,
      0.03357142857142855,
      0.04665258454205947,
      0.06066584726907429,
      0.07436607686298718,
      0.08653594780191168,
      0.09609411364632546,
      0.10219128941563235
    ],
    [
      0.1021912894156323,
      0.10428571428571425,
      0.10219128941563231,
      0.0960941136463255,
      0.08653594780191168,
      0.07436607686298716,
      0.0606658472690743,
      0.04665258454205949,
      0.03357142857142858,
      0.02258469747087962,
      0.014668610513171686,
      0.010526546763672531,
      0.010526546763672505,
      0.014668610513171688,
      0.022584697470879603,
      0.03357142857142858,
      0.046652584542059485,
      0.06066584726907429,
      0.07436607686298716,
      0.0865359478019117,
      0.09609411364632545
    ],
    [
      0.09609411364632539,
      0.10219128941563228,
      0.10428571428571423,
      0.10219128941563238,
      0.09609411364632547,
      0.08653594780191173,
      0.07436607686298724,
      0.06066584726907434,
      0.046652584542059464,
      0.03357142857142857,
      0.022584697470879597,
      0.01466861051317162,
      0.010526546763672425,
      0.010526546763672465,
      0.014668610513171637,
      0.022584697470879597,
      0.0335714285714286,
      0.0466525845420595,
      0.06066584726907427,
      0.07436607686298718,
      0.08653594780191169
    ],
    [
      0.08653594780191168,
      0.09609411364632545,
      0.10219128941563231,
      0.1042857142857143,
      0.10219128941563234,
      0.09609411364632545,
      0.08653594780191173,
      0.07436607686298723,
      0.06066584726907427,
      0.046652584542059464,
      0.03357142857142857,
      0.02258469747087962,
      0.01466861051317165,
      0.010526546763672505,
      0.01052654676367251,
      0.014668610513171672,
      0.022584697470879638,
      0.033571428571428585,
      0.04665258454205943,
      0.06066584726907426,
      0.07436607686298717
    ],
    [
      0.07436607686298721,
      0.08653594780191176,
      0.09609411364632547,
      0.10219128941563237,
      0.1042857142857143,
      0.10219128941563231,
      0.09609411364632545,
      0.08653594780191172,
      0.07436607686298717,
      0.06066584726907427,
      0.04665258454205946,
      0.03357142857142859,
      0.02258469747087964,
      0.01466861051317168,
      0.010526546763672531,
      0.01052654676367252,
      0.014668610513171677,
      0.02258469747087962,
      0.03357142857142854,
      0.04665258454205944,
      0.06066584726907429
    ],
    [
      0.060665847269074286,
      0.07436607686298721,
      0.08653594780191172,
      0.09609411364632547,
      0.10219128941563238,
      0.10428571428571425,
      0.10219128941563232,
      0.09609411364632545,
      0.08653594780191169,
      0.07436607686298718,
      0.06066584726907427,
      0.04665258454205947,
      0.03357142857142859,
      0.02258469747087961,
      0.014668610513171695,
      0.01052654676367251,
      0.010526546763672507,
      0.014668610513171662,
      0.022584697470879583,
      0.03357142857142853,
      0.04665258454205944
    ],
    [
      0.04665258454205944,
      0.06066584726907427,
      0.07436607686298716,
      0.08653594780191168,
      0.09609411364632549,
      0.1021912894156323,
      0.10428571428571423,
      0.10219128941563231,
      0.09609411364632543,
      0.0865359478019117,
      0.07436607686298716,
      0.060665847269074286,
      0.046652584542059485,
      0.03357142857142856,
      0.022584697470879645,
      0.014668610513171663,
      0.010526546763672491,
      0.010526546763672488,
      0.014668610513171627,
      0.02258469747087956,
      0.03357142857142853
    ],
    [
      0.033571428571428585,
      0.04665258454205947,
      0.06066584726907428,
      0.07436607686298718,
      0.08653594780191176,
      0.09609411364632545,
      0.10219128941563231,
      0.10428571428571427,
      0.1021912894156323,
      0.09609411364632545,
      0.08653594780191169,
      0.07436607686298716,
      0.06066584726907428,
      0.046652584542059436,
      0.033571428571428606,
      0.022584697470879624,
      0.014668610513171672,
      0.010526546763672517,
      0.010526546763672517,
      0.014668610513171662,
      0.022584697470879614
    ],
    [
      0.022584697470879617,
      0.03357142857142856,
      0.04665258454205943,
      0.06066584726907425,
      0.07436607686298723,
      0.08653594780191169,
      0.09609411364632542,
      0.10219128941563232,
      0.10428571428571423,
      0.10219128941563232,
      0.09609411364632543,
      0.08653594780191168,
      0.0743660768629872,
      0.06066584726907428,
      0.046652584542059505,
      0.033571428571428585,
      0.022584697470879614,
      0.014668610513171669,
      0.010526546763672519,
      0.01052654676367251,
      0.014668610513171667
    ],
    [
      0.014668610513171672,
      0.0225846974708796,
      0.03357142857142855,
      0.046652584542059436,
      0.060665847269074306,
      0.07436607686298716,
      0.08653594780191168,
      0.09609411364632546,
      0.10219128941563228,
      0.10428571428571425,
      0.10219128941563232,
      0.09609411364632542,
      0.0865359478019117,
      0.07436607686298717,
      0.06066584726907431,
      0.04665258454205948,
      0.03357142857142855,
      0.022584697470879593,
      0.014668610513171669,
      0.010526546763672512,
      0.010526546763672512
    ],
    [
      0.010526546763672507,
      0.014668610513171648,
      0.022584697470879593,
      0.03357142857142856,
      0.04665258454205948,
      0.06066584726907427,
      0.07436607686298716,
      0.08653594780191173,
      0.09609411364632543,
      0.10219128941563235,
      0.1042857142857143,
      0.10219128941563231,
      0.09609411364632546,
      0.08653594780191172,
      0.07436607686298721,
      0.0606658472690743,
      0.04665258454205943,
      0.03357142857142854,
      0.022584697470879607,
      0.014668610513171669,
      0.010526546763672508
    ],
    [
      0.010526546763672514,
      0.010526546763672495,
      0.014668610513171663,
      0.022584697470879624,
      0.0335714285714286,
      0.04665258454205948,
      0.060665847269074286,
      0.07436607686298721,
      0.0865359478019117,
      0.09609411364632547,
      0.10219128941563237,
      0.10428571428571425,
      0.10219128941563232,
      0.09609411364632546,
      0.08653594780191173,
      0.0743660768629872,
      0.06066584726907426,
      0.04665258454205942,
      0.03357142857142858,
      0.02258469747087963,
      0.01466861051317168
    ],
    [
      0.01466861051317169,
      0.010526546763672508,
      0.010526546763672524,
      0.0146686105131717,
      0.022584697470879652,
      0.03357142857142859,
      0.04665258454205947,
      0.06066584726907431,
      0.07436607686298717,
      0.0865359478019117,
      0.09609411364632547,
      0.1021912894156323,
      0.10428571428571423,
      0.10219128941563231,
      0.09609411364632545,
      0.08653594780191172,
      0.07436607686298717,
      0.06066584726907425,
      0.04665258454205948,
      0.03357142857142861,
      0.022584697470879652
    ],
    [
      0.02258469747087963,
      0.01466861051317166,
      0.010526546763672508,
      0.01052654676367251,
      0.014668610513171655,
      0.022584697470879597,
      0.03357142857142854,
      0.04665258454205946,
      0.060665847269074265,
      0.07436607686298718,
      0.08653594780191173,
      0.09609411364632545,
      0.10219128941563234,
      0.1042857142857143,
      0.10219128941563237,
      0.0960941136463255,
      0.08653594780191172,
      0.07436607686298717,
      0.06066584726907431,
      0.0466525845420595,
      0.033571428571428606
    ],
    [
      0.03357142857142857,
      0.022584697470879607,
      0.01466861051317168,
      0.010526546763672533,
      0.01052654676367253,
      0.014668610513171695,
      0.022584697470879635,
      0.0335714285714286,
      0.0466525845420595,
      0.060665847269074306,
      0.07436607686298723,
      0.08653594780191172,
      0.09609411364632547,
      0.10219128941563237,
      0.10428571428571429,
      0.10219128941563235,
      0.09609411364632543,
      0.08653594780191168,
      0.07436607686298718,
      0.060665847269074286,
      0.04665258454205948
    ],
    [
      0.046652584542059464,
      0.03357142857142856,
      0.022584697470879614,
      0.014668610513171669,
      0.010526546763672501,
      0.010526546763672505,
      0.014668610513171653,
      0.0225846974708796,
      0.03357142857142857,
      0.04665258454205946,
      0.06066584726907429,
      0.07436607686298714,
      0.0865359478019117,
      0.09609411364632546,
      0.10219128941563232,
      0.10428571428571426,
      0.10219128941563231,
      0.09609411364632542,
      0.08653594780191172,
      0.07436607686298718,
      0.06066584726907429
    ],
    [
      0.06066584726907429,
      0.04665258454205946,
      0.03357142857142858,
      0.022584697470879617,
      0.01466861051317167,
      0.010526546763672514,
      0.010526546763672505,
      0.014668610513171648,
      0.02258469747087963,
      0.033571428571428565,
      0.04665258454205945,
      0.06066584726907423,
      0.07436607686298718,
      0.08653594780191172,
      0.09609411364632546,
      0.10219128941563232,
      0.10428571428571429,
      0.10219128941563234,
      0.09609411364632549,
      0.08653594780191172,
      0.07436607686298721
    ],
    [
      0.07436607686298724,
      0.06066584726907433,
      0.046652584542059505,
      0.033571428571428606,
      0.022584697470879638,
      0.014668610513171686,
      0.010526546763672515,
      0.010526546763672484,
      0.01466861051317168,
      0.022584697470879597,
      0.03357142857142854,
      0.04665258454205941,
      0.06066584726907426,
      0.07436607686298717,
      0.08653594780191168,
      0.09609411364632543,
      0.10219128941563231,
      0.10428571428571425,
      0.10219128941563234,
      0.09609411364632547,
      0.08653594780191176
    ],
    [
      0.0865359478019117,
      0.07436607686298717,
      0.06066584726907426,
      0.04665258454205944,
      0.03357142857142854,
      0.02258469747087959,
      0.014668610513171657,
      0.010526546763672482,
      0.01052654676367253,
      0.014668610513171674,
      0.02258469747087961,
      0.03357142857142856,
      0.04665258454205948,
      0.060665847269074306,
      0.0743660768629872,
      0.08653594780191172,
      0.0960941136463255,
      0.10219128941563235,
      0.10428571428571429,
      0.10219128941563232,
      0.09609411364632546
    ],
    [
      0.09609411364632545,
      0.0865359478019117,
      0.07436607686298716,
      0.06066584726907427,
      0.0466525845420594,
      0.033571428571428516,
      0.022584697470879586,
      0.014668610513171632,
      0.010526546763672514,
      0.010526546763672507,
      0.014668610513171672,
      0.022584697470879628,
      0.033571428571428606,
      0.046652584542059505,
      0.06066584726907428,
      0.0743660768629872,
      0.08653594780191173,
      0.09609411364632546,
      0.10219128941563231,
      0.10428571428571425,
      0.10219128941563234
    ],
    [
      0.10219128941563231,
      0.09609411364632545,
      0.08653594780191169,
      0.07436607686298721,
      0.060665847269074244,
      0.046652584542059436,
      0.03357142857142858,
      0.022584697470879624,
      0.014668610513171688,
      0.010526546763672522,
      0.010526546763672527,
      0.014668610513171686,
      0.022584697470879624,
      0.033571428571428606,
      0.04665258454205946,
      0.0606658472690743,
      0.07436607686298723,
      0.08653594780191173,
      0.09609411364632546,
      0.10219128941563234,
      0.10428571428571427
    ]
  ],
  "A": [
    [
      0.015071238102960587,
      0.12800708277300338,
      0.017046074187004805,
      0.33545179217990184,
      0.019168665447960306
    ],
    [
      0.004238651574780915,
      0.08069515533656212,
      0.06470809012654631,
      0.35192419847068945,
      0.00043631046980295384
    ],
    [
      7.944342778065826e-16,
      0.04048508807505293,
      0.12280257824056742,
      0.3400461954556823,
      2.260687249640983e-14
    ],
    [
      0.011854845766971812,
      0.006993786174481894,
      0.18068626250651335,
      0.30945122745152964,
      0.005552952688100358
    ],
    [
      3.1292275204610366e-15,
      4.047419785678106e-14,
      0.25649794378568164,
      0.22642246326725549,
      0.06903968572162494
    ],
    [
      0.011900239424701376,
      1.2345600647080076e-13,
      0.315616097834725,
      0.14197666691147584,
      0.12201321667776466
    ],
    [
      0.06262682192763239,
      6.969290687868675e-14,
      0.34309726028008936,
      0.07878250952006759,
      0.13794064534531633
    ],
    [
      0.1476724680431643,
      1.6554174733174755e-14,
      0.3364996092395928,
      0.04245506929996224,
      0.11540674979121199
    ],
    [
      0.24243956974115705,
      0.007389374898929984,
      0.30664805777208576,
      0.02019911454540181,
      0.07947427484648155
    ],
    [
      0.3285106151666356,
      0.02584651351114304,
      0.2622015572200078,
      0.004592262944056223,
      0.0468643964860154
    ],
    [
      0.40140578346043787,
      0.052357707039323846,
      0.20520596671501806,
      9.190438577523007e-15,
      0.01618761493593621
    ],
    [
      0.44738376058803253,
      0.08771728451039976,
      0.14509017103888594,
      5.721396711916948e-15,
      5.937535382827599e-14
    ],
    [
      0.45747522121259504,
      0.13090120882122439,
      0.09013015898734246,
      3.7127136573465856e-15,
      0.0063491019401480915
    ],
    [
      0.43078349477200084,
      0.17807239878724487,
      0.04520936881919964,
      1.5418271791327438e-14,
      0.03467077518623304
    ],
    [
      0.36968025829523626,
      0.22503948717261052,
      0.014319209872521424,
      6.621930224456405e-14,
      0.08244851478274565
    ],
    [
      0.27993501303475615,
      0.2674817182255105,
      2.847909702115615e-15,
      0.00031988996298833557,
      0.14497667153481453
    ],
    [
      0.17538735458713312,
      0.2990845561431431,
      3.701885414744819e-15,
      0.006446249764137656,
      0.20876212148197967
    ],
    [
      0.08915922628604643,
      0.30670561197591606,
      7.387882909256231e-16,
      0.0402436533914489,
      0.23588619733207028
    ],
    [
      0.02891237573694595,
      0.28966772146863967,
      4.925255272835742e-16,
      0.09870905321516239,
      0.2239388059137733
    ],
    [
      5.337384215506573e-14,
      0.24948477596244228,
      1.1570377911112765e-14,
      0.17664754188974696,
      0.17398152538488793
    ],
    [
      0.004543484180378448,
      0.18992129986532572,
      0.0002689348387784484,
      0.26671307158215823,
      0.09105899929611372
    ]
  ],
  "B": [
    [
      0.002104225340262189,
      0.0019202520800504373,
      0.0017891307534459776,
      2.485342550560739e-13,
      0.005925931239264091,
      0.02304800207635333,
      0.049622601877196866,
      0.08058346802871164,
      0.11440683652473002,
      0.13851883149788372,
      0.1656964599656868,
      0.1914349543674173,
      0.1944406522348801,
      0.17444648412219477,
      0.14053646744851628,
      0.11726935381496309,
      0.07686840270163879,
      0.04260665881354437,
      0.016245719819091082,
      0.002124673174730232,
      0.0
    ],
    [
      0.08869209524967722,
      0.034002793928853595,
      0.002006445273426333,
      1.1053402017744949e-14,
      0.004336654310976476,
      0.004268485601342968,
      0.0003762001905590422,
      1.323026776301154e-15,
      3.872326693717192e-15,
      0.025117721279541334,
      0.03454378153298722,
      0.03284457255521099,
      0.06931704934550824,
      0.1407204722844098,
      0.22181531635959928,
      0.24968479671627447,
      0.29902115468257107,
      0.3145452740581579,
      0.2981944946877971,
      0.24625848235792458,
      0.16722599878732752
    ],
    [
      0.012442750270709093,
      0.046073585617414495,
      0.09437015918829951,
      0.15565973428142915,
      0.2104888526212571,
      0.2478931720573719,
      0.26488701127550335,
      0.26407262201660386,
      0.24365666390331603,
      0.21999960001602273,
      0.17252235039790623,
      0.1086206437315733,
      0.06286708330015173,
      0.039327073734270024,
      0.028983198868992158,
      2.451792827060613e-13,
      0.0003228922935605411,
      2.0887192291327264e-14,
      0.001010034065634285,
      0.00022763661809890195,
      4.812527566762308e-16
    ],
    [
      0.26753836908252615,
      0.27983470915914616,
      0.2723617718783533,
      0.24430760828334472,
      0.20606014993905808,
      0.1644518241251844,
      0.12298928497648491,
      0.08303886007267072,
      0.04920189736813829,
      0.016286073460986605,
      2.4948135159670025e-13,
      2.8550367781157584e-13,
      2.6852908462727004e-13,
      1.4172270686195113e-13,
      0.006261462047332423,
      0.03668968114191007,
      0.06300872960200396,
      0.09974583415870394,
      0.14253763973397784,
      0.18929288729619392,
      0.23457338908225267
    ],
    [
      0.15350360226247053,
      0.16450398859742668,
      0.1480241177874748,
      0.10064004647688046,
      0.05271040315574441,
      0.019867028403326555,
      0.004397515075517491,
      3.7417844181607673e-17,
      0.01054797360357426,
      0.007950055907201192,
      0.03477646780644584,
      0.08271267086240115,
      0.09356096866617243,
      0.06635744235072938,
      0.02425677596181668,
      0.03214352382636367,
      0.004623392135034852,
      7.177989775505072e-15,
      0.015044005526730152,
      0.054085333065645454,
      0.1094032021896875
    ]
  ],
  "M": [
    [
      0.10428571428571427,
      0.10219128941563234,
      0.09609411364632547,
      0.08653594780191172,
      0.07436607686298718,
      0.06066584726907429,
      0.04665258454205948,
      0.03357142857142858,
      0.022584697470879614,
      0.014668610513171672,
      0.010526546763672514,
      0.010526546763672508,
      0.014668610513171667,
      0.02258469747087962,
      0.03357142857142855,
      0.04665258454205945,
      0.06066584726907429,
      0.07436607686298721,
      0.08653594780191169,
      0.09609411364632543,
      0.10219128941563234
    ],
    [
      0.10219128941563234,
      0.10428571428571426,
      0.10219128941563234,
      0.09609411364632547,
      0.08653594780191172,
      0.07436607686298718,
      0.06066584726907429,
      0.04665258454205948,
      0.03357142857142857,
      0.022584697470879617,
      0.014668610513171674,
      0.010526546763672515,
      0.01052654676367251,
      0.014668610513171674,
      0.0225846974708796,
      0.03357142857142856,
      0.04665258454205948,
      0.060665847269074306,
      0.07436607686298717,
      0.08653594780191166,
      0.09609411364632543
    ],
    [
      0.09609411364632547,
      0.10219128941563234,
      0.10428571428571431,
      0.10219128941563235,
      0.09609411364632547,
      0.08653594780191172,
      0.07436607686298718,
      0.060665847269074306,
      0.046652584542059464,
      0.03357142857142857,
      0.022584697470879628,
      0.014668610513171677,
      0.010526546763672512,
      0.010526546763672514,
      0.01466861051317166,
      0.022584697470879607,
      0.03357142857142858,
      0.0466525845420595,
      0.06066584726907427,
      0.07436607686298716,
      0.08653594780191169
    ],
    [
      0.08653594780191172,
      0.09609411364632547,
      0.10219128941563235,
      0.10428571428571427,
      0.10219128941563235,
      0.09609411364632547,
      0.08653594780191169,
      0.07436607686298718,
      0.06066584726907427,
      0.04665258454205948,
      0.03357142857142858,
      0.022584697470879628,
      0.014668610513171672,
      0.01052654676367251,
      0.010526546763672508,
      0.014668610513171665,
      0.02258469747087962,
      0.03357142857142859,
      0.04665258454205945,
      0.060665847269074244,
      0.07436607686298717
    ],
    [
      0.07436607686298718,
      0.08653594780191172,
      0.09609411364632547,
      0.10219128941563235,
      0.10428571428571427,
      0.10219128941563235,
      0.09609411364632547,
      0.08653594780191173,
      0.07436607686298718,
      0.060665847269074306,
      0.04665258454205948,
      0.03357142857142859,
      0.022584697470879628,
      0.014668610513171665,
      0.010526546763672515,
      0.010526546763672508,
      0.01466861051317167,
      0.022584697470879628,
      0.03357142857142856,
      0.046652584542059436,
      0.06066584726907427
    ],
    [
      0.06066584726907429,
      0.07436607686298718,
      0.08653594780191172,
      0.09609411364632547,
      0.10219128941563235,
      0.10428571428571427,
      0.10219128941563231,
      0.09609411364632546,
      0.08653594780191169,
      0.07436607686298718,
      0.060665847269074306,
      0.04665258454205948,
      0.03357142857142857,
      0.022584697470879607,
      0.01466861051317168,
      0.010526546763672515,
      0.010526546763672514,
      0.01466861051317168,
      0.022584697470879603,
      0.03357142857142853,
      0.04665258454205945
    ],
    [
      0.04665258454205948,
      0.06066584726907429,
      0.07436607686298718,
      0.08653594780191169,
      0.09609411364632547,
      0.10219128941563231,
      0.10428571428571427,
      0.10219128941563231,
      0.09609411364632546,
      0.08653594780191169,
      0.07436607686298717,
      0.06066584726907429,
      0.04665258454205945,
      0.03357142857142856,
      0.022584697470879628,
      0.014668610513171672,
      0.010526546763672508,
      0.010526546763672517,
      0.01466861051317167,
      0.022584697470879593,
      0.03357142857142856
    ],
    [
      0.03357142857142858,
      0.04665258454205948,
      0.060665847269074306,
      0.07436607686298718,
      0.08653594780191173,
      0.09609411364632546,
      0.10219128941563231,
      0.10428571428571427,
      0.10219128941563234,
      0.09609411364632547,
      0.08653594780191172,
      0.07436607686298718,
      0.06066584726907429,
      0.04665258454205945,
      0.03357142857142859,
      0.02258469747087962,
      0.014668610513171663,
      0.010526546763672507,
      0.010526546763672512,
      0.014668610513171658,
      0.022584697470879607
    ],
    [
      0.022584697470879614,
      0.03357142857142857,
      0.046652584542059464,
      0.06066584726907427,
      0.07436607686298718,
      0.08653594780191169,
      0.09609411364632546,
      0.10219128941563234,
      0.10428571428571426,
      0.10219128941563234,
      0.09609411364632547,
      0.08653594780191172,
      0.07436607686298718,
      0.06066584726907427,
      0.0466525845420595,
      0.03357142857142859,
      0.022584697470879614,
      0.014668610513171663,
      0.010526546763672514,
      0.010526546763672505,
      0.01466861051317166
    ],
    [
      0.014668610513171672,
      0.022584697470879617,
      0.03357142857142857,
      0.04665258454205948,
      0.060665847269074306,
      0.07436607686298718,
      0.08653594780191169,
      0.09609411364632547,
      0.10219128941563234,
      0.10428571428571427,
      0.10219128941563234,
      0.09609411364632547,
      0.08653594780191172,
      0.07436607686298717,
      0.06066584726907432,
      0.04665258454205948,
      0.03357142857142857,
      0.0225846974708796,
      0.014668610513171674,
      0.010526546763672517,
      0.010526546763672508
    ],
    [
      0.010526546763672514,
      0.014668610513171674,
      0.022584697470879628,
      0.03357142857142858,
      0.04665258454205948,
      0.060665847269074306,
      0.07436607686298717,
      0.08653594780191172,
      0.09609411364632547,
      0.10219128941563234,
      0.10428571428571427,
      0.10219128941563234,
      0.09609411364632546,
      0.08653594780191169,
      0.07436607686298721,
      0.06066584726907429,
      0.04665258454205945,
      0.03357142857142854,
      0.022584697470879617,
      0.01466861051317168,
      0.010526546763672514
    ],
    [
      0.010526546763672508,
      0.010526546763672515,
      0.014668610513171677,
      0.022584697470879628,
      0.03357142857142859,
      0.04665258454205948,
      0.06066584726907429,
      0.07436607686298718,
      0.08653594780191172,
      0.09609411364632547,
      0.10219128941563234,
      0.10428571428571426,
      0.10219128941563231,
      0.09609411364632546,
      0.08653594780191173,
      0.07436607686298717,
      0.060665847269074265,
      0.04665258454205942,
      0.033571428571428565,
      0.022584697470879628,
      0.014668610513171672
    ],
    [
      0.014668610513171667,
      0.01052654676367251,
      0.010526546763672512,
      0.014668610513171672,
      0.022584697470879628,
      0.03357142857142857,
      0.04665258454205945,
      0.06066584726907429,
      0.07436607686298718,
      0.08653594780191172,
      0.09609411364632546,
      0.10219128941563231,
      0.10428571428571427,
      0.10219128941563234,
      0.09609411364632547,
      0.08653594780191172,
      0.07436607686298718,
      0.060665847269074265,
      0.04665258454205948,
      0.03357142857142859,
      0.022584697470879628
    ],
    [
      0.02258469747087962,
      0.014668610513171674,
      0.010526546763672514,
      0.01052654676367251,
      0.014668610513171665,
      0.022584697470879607,
      0.03357142857142856,
      0.04665258454205945,
      0.06066584726907427,
      0.07436607686298717,
      0.08653594780191169,
      0.09609411364632546,
      0.10219128941563234,
      0.10428571428571427,
      0.10219128941563235,
      0.0960941136463255,
      0.08653594780191172,
      0.07436607686298718,
      0.060665847269074306,
      0.046652584542059505,
      0.033571428571428606
    ],
    [
      0.03357142857142855,
      0.0225846974708796,
      0.01466861051317166,
      0.010526546763672508,
      0.010526546763672515,
      0.01466861051317168,
      0.022584697470879628,
      0.03357142857142859,
      0.0466525845420595,
      0.06066584726907432,
      0.07436607686298721,
      0.08653594780191173,
      0.09609411364632547,
      0.10219128941563235,
      0.10428571428571427,
      0.10219128941563235,
      0.09609411364632546,
      0.08653594780191169,
      0.07436607686298717,
      0.060665847269074306,
      0.04665258454205948
    ],
    [
      0.04665258454205945,
      0.03357142857142856,
      0.022584697470879607,
      0.014668610513171665,
      0.010526546763672508,
      0.010526546763672515,
      0.014668610513171672,
      0.02258469747087962,
      0.03357142857142859,
      0.04665258454205948,
      0.06066584726907429,
      0.07436607686298717,
      0.08653594780191172,
      0.0960941136463255,
      0.10219128941563235,
      0.10428571428571427,
      0.10219128941563234,
      0.09609411364632543,
      0.08653594780191169,
      0.07436607686298718,
      0.06066584726907429
    ],
    [
      0.06066584726907429,
      0.04665258454205948,
      0.03357142857142858,
      0.02258469747087962,
      0.01466861051317167,
      0.010526546763672514,
      0.010526546763672508,
      0.014668610513171663,
      0.022584697470879614,
      0.03357142857142857,
      0.04665258454205945,
      0.060665847269074265,
      0.07436607686298718,
      0.08653594780191172,
      0.09609411364632546,
      0.10219128941563234,
      0.10428571428571427,
      0.10219128941563234,
      0.09609411364632547,
      0.08653594780191173,
      0.07436607686298723
    ],
    [
      0.07436607686298721,
      0.060665847269074306,
      0.0466525845420595,
      0.03357142857142859,
      0.022584697470879628,
      0.01466861051317168,
      0.010526546763672517,
      0.010526546763672507,
      0.014668610513171663,
      0.0225846974708796,
      0.03357142857142854,
      0.04665258454205942,
      0.060665847269074265,
      0.07436607686298718,
      0.08653594780191169,
      0.09609411364632543,
      0.10219128941563234,
      0.10428571428571427,
      0.10219128941563235,
      0.09609411364632547,
      0.08653594780191176
    ],
    [
      0.08653594780191169,
      0.07436607686298717,
      0.06066584726907427,
      0.04665258454205945,
      0.03357142857142856,
      0.022584697470879603,
      0.01466861051317167,
      0.010526546763672512,
      0.010526546763672514,
      0.014668610513171674,
      0.022584697470879617,
      0.033571428571428565,
      0.04665258454205948,
      0.060665847269074306,
      0.07436607686298717,
      0.08653594780191169,
      0.09609411364632547,
      0.10219128941563235,
      0.10428571428571426,
      0.10219128941563234,
      0.09609411364632547
    ],
    [
      0.09609411364632543,
      0.08653594780191166,
      0.07436607686298716,
      0.060665847269074244,
      0.046652584542059436,
      0.03357142857142853,
      0.022584697470879593,
      0.014668610513171658,
      0.010526546763672505,
      0.010526546763672517,
      0.01466861051317168,
      0.022584697470879628,
      0.03357142857142859,
      0.046652584542059505,
      0.060665847269074306,
      0.07436607686298718,
      0.08653594780191173,
      0.09609411364632547,
      0.10219128941563234,
      0.10428571428571426,
      0.10219128941563231
    ],
    [
      0.10219128941563234,
      0.09609411364632543,
      0.08653594780191169,
      0.07436607686298717,
      0.06066584726907427,
      0.04665258454205945,
      0.03357142857142856,
      0.022584697470879607,
      0.01466861051317166,
      0.010526546763672508,
      0.010526546763672514,
      0.014668610513171672,
      0.022584697470879628,
      0.033571428571428606,
      0.04665258454205948,
      0.06066584726907429,
      0.07436607686298723,
      0.08653594780191176,
      0.09609411364632547,
      0.10219128941563231,
      0.10428571428571427
    ]
  ],
  "score": 1.6847469186927134e-16
}