{
  "k": 11,
  "M_approx": [
    [
      0.0952380952413404,
      0.0931225145781465,
      0.08696375115946917,
      0.07730903817327607,
      0.06501623925040927,
      0.05117762350206122,
      0.03702281267666747,
      0.023809523815603587,
      0.012711815647461292,
      0.004715768180594294,
      0.0005318654365069786,
      0.0005318654374853698,
      0.0047157682192197625,
      0.012711815652060412,
      0.023809523823358287,
      0.037022812674711345,
      0.05117762350045741,
      0.06501623925702495,
      0.07730903816326663,
      0.08696375115767806,
      0.09312251455407766
    ],
    [
      0.0931225145675742,
      0.09523809525050213,
      0.09312251453836413,
      0.08696375116213496,
      0.07730903819168726,
      0.06501623925769588,
      0.0511776234970526,
      0.03702281267417378,
      0.02380952380247012,
      0.01271181562821751,
      0.004715768192149593,
      0.0005318654347313671,
      0.0005318654176598588,
      0.004715768198115374,
      0.012711815626574358,
      0.023809523808077597,
      0.03702281266687793,
      0.051177623510239384,
      0.06501623925202107,
      0.07730903818778165,
      0.0869637511483591
    ],
    [
      0.086963751150894,
      0.09312251460001694,
      0.0952380952198994,
      0.0931225145607508,
      0.08696375115754183,
      0.07730903818577728,
      0.06501623925719514,
      0.0511776234999946,
      0.03702281266950056,
      0.02380952380950167,
      0.012711815631151558,
      0.004715768196151625,
      0.0005318654067069854,
      0.0005318654179139468,
      0.004715768197605663,
      0.012711815630039843,
      0.023809523816636875,
      0.03702281267786381,
      0.051177623491781676,
      0.0650162392552037,
      0.07730903816821828
    ],
    [
      0.07730903817981664,
      0.08696375118258465,
      0.0931225145336127,
      0.09523809524787186,
      0.09312251456401019,
      0.08696375116071026,
      0.07730903817827071,
      0.06501623925477645,
      0.05117762350911591,
      0.03702281266221154,
      0.023809523813564295,
      0.012711815633362693,
      0.0047157682026115685,
      0.0005318654257978144,
      0.0005318654625090367,
      0.004715768195086882,
      0.012711815628102476,
      0.02380952379265998,
      0.037022812685245286,
      0.0511776234966276,
      0.06501623925186804
    ],
    [
      0.06501623925236642,
      0.07730903817982616,
      0.0869637511366551,
      0.09312251457743904,
      0.09523809524328032,
      0.09312251456474369,
      0.08696375114954398,
      0.07730903818194422,
      0.0650162392593975,
      0.05117762349880697,
      0.037022812671671186,
      0.02380952380987891,
      0.012711815629536691,
      0.004715768196353806,
      0.0005318654547347978,
      0.0005318654202699616,
      0.004715768199927702,
      0.012711815621861598,
      0.02380952383492928,
      0.03702281266260394,
      0.051177623512583224
    ],
    [
      0.05117762350403451,
      0.06501623923180176,
      0.0773090381871518,
      0.08696375116572189,
      0.09312251456178731,
      0.09523809523847764,
      0.09312251455711336,
      0.08696375115864886,
      0.07730903818598439,
      0.06501623924824715,
      0.0511776235080126,
      0.03702281267404254,
      0.023809523813550712,
      0.012711815628969872,
      0.004715768180717564,
      0.00053186541970557,
      0.0005318654122862701,
      0.004715768216790462,
      0.012711815612642908,
      0.02380952380331687,
      0.03702281269196442
    ],
    [
      0.037022812663855924,
      0.051177623475680584,
      0.065016239275951,
      0.07730903818454501,
      0.08696375115847703,
      0.09312251456206402,
      0.0952380952354983,
      0.09312251456261475,
      0.08696375115693089,
      0.07730903817568759,
      0.06501623925859809,
      0.05117762350913744,
      0.037022812674990684,
      0.02380952381559015,
      0.012711815614695551,
      0.0047157682050630746,
      0.000531865421406957,
      0.0005318654515163799,
      0.00471576820711071,
      0.012711815622665008,
      0.023809523817657843
    ],
    [
      0.023809523809803237,
      0.03702281266243119,
      0.051177623532416415,
      0.06501623923957522,
      0.07730903817783248,
      0.086963751154306,
      0.09312251455901989,
      0.09523809524601955,
      0.09312251456626162,
      0.08696375115947085,
      0.07730903818603936,
      0.0650162392480585,
      0.051177623496629764,
      0.03702281266352976,
      0.023809523812510672,
      0.012711815633523312,
      0.004715768205183521,
      0.0005318654494862893,
      0.0005318654984615779,
      0.004715768206962728,
      0.012711815626122763
    ],
    [
      0.012711815632319337,
      0.02380952382431122,
      0.03702281268786302,
      0.05117762348427467,
      0.06501623924992651,
      0.07730903818272543,
      0.08696375116508019,
      0.0931225145636513,
      0.09523809523284747,
      0.0931225145617313,
      0.08696375115897251,
      0.0773090381785068,
      0.06501623925359706,
      0.051177623502245716,
      0.037022812683383574,
      0.023809523805606442,
      0.012711815617889945,
      0.0047157681998544485,
      0.0005318654798321653,
      0.0005318654240376577,
      0.0047157682106443635
    ],
    [
      0.004715768178559357,
      0.012711815631135302,
      0.023809523806047336,
      0.037022812675175654,
      0.051177623504673336,
      0.06501623925437046,
      0.07730903817953352,
      0.08696375116004497,
      0.09312251456282067,
      0.0952380952419113,
      0.09312251455596485,
      0.086963751156914,
      0.07730903818404493,
      0.06501623925217472,
      0.05117762350617159,
      0.03702281267143157,
      0.023809523812389263,
      0.012711815631395946,
      0.004715768189663754,
      0.0005318654028440625,
      0.0005318654446267771
    ],
    [
      0.0005318654521671376,
      0.004715768272906265,
      0.012711815626447043,
      0.02380952379822655,
      0.03702281266216189,
      0.05117762350172281,
      0.06501623927300529,
      0.0773090381766316,
      0.08696375114473338,
      0.0931225145715824,
      0.09523809523712683,
      0.09312251455825707,
      0.08696375115434107,
      0.07730903818500691,
      0.06501623926216758,
      0.05117762350487438,
      0.037022812660080805,
      0.023809523817009223,
      0.01271181562110405,
      0.004715768225164369,
      0.0005318655173734454
    ],
    [
      0.0005318653863036373,
      0.0005318654832242263,
      0.0047157681964166585,
      0.012711815608138314,
      0.023809523805618144,
      0.03702281266898145,
      0.05117762351507712,
      0.06501623925198147,
      0.07730903817539095,
      0.0869637511705883,
      0.0931225145558598,
      0.09523809523381394,
      0.09312251455130457,
      0.08696375115781305,
      0.07730903819236563,
      0.06501623926137681,
      0.051177623514848114,
      0.03702281266632548,
      0.023809523815978503,
      0.01271181561239326,
      0.00471576817647261
    ],
    [
      0.0047157682356231655,
      0.0005318655660332312,
      0.0005318655142502448,
      0.004715768214556869,
      0.012711815638120056,
      0.02380952380131879,
      0.0370228126540274,
      0.05117762351274832,
      0.06501623926759648,
      0.07730903817223184,
      0.08696375114832124,
      0.09312251457701878,
      0.09523809525727175,
      0.09312251456840177,
      0.0869637511466998,
      0.07730903816408338,
      0.06501623923283154,
      0.05117762349030051,
      0.037022812685936005,
      0.023809523826104045,
      0.012711815657110655
    ],
    [
      0.01271181561569579,
      0.004715768223997565,
      0.0005318655182980699,
      0.0005318654673230135,
      0.00471576823239107,
      0.012711815642714262,
      0.023809523806146104,
      0.037022812649376804,
      0.05117762350108336,
      0.06501623925807254,
      0.07730903819334213,
      0.08696375115804118,
      0.09312251455893264,
      0.09523809523546549,
      0.0931225145531127,
      0.08696375116316737,
      0.07730903819483056,
      0.06501623926013408,
      0.05117762351871179,
      0.03702281264829208,
      0.02380952377339317
    ],
    [
      0.02380952379707031,
      0.012711815644577299,
      0.004715768212470078,
      0.0005318653991783412,
      0.0005318654179082946,
      0.004715768192756707,
      0.012711815636592972,
      0.02380952380720417,
      0.03702281266338039,
      0.05117762350664278,
      0.06501623925527847,
      0.07730903818453794,
      0.08696375115583818,
      0.09312251456252033,
      0.09523809523707726,
      0.09312251456329328,
      0.08696375115858107,
      0.07730903818228207,
      0.06501623926500849,
      0.051177623498998764,
      0.037022812658623096
    ],
    [
      0.03702281266478469,
      0.023809523807649224,
      0.012711815622665297,
      0.004715768199105057,
      0.0005318654296398808,
      0.0005318654185617424,
      0.004715768193524155,
      0.012711815631992474,
      0.023809523803809247,
      0.03702281267492174,
      0.05117762349559454,
      0.0650162392636925,
      0.07730903818269602,
      0.08696375115493973,
      0.09312251455800122,
      0.09523809524046006,
      0.09312251456608205,
      0.08696375115729263,
      0.07730903817835487,
      0.06501623925364662,
      0.05117762351407478
    ],
    [
      0.05117762349545786,
      0.0370228126694796,
      0.023809523829779074,
      0.01271181562092432,
      0.004715768194754992,
      0.0005318654165353696,
      0.0005318654317131823,
      0.004715768186328096,
      0.012711815640321407,
      0.023809523799488,
      0.03702281267952097,
      0.05117762349309981,
      0.06501623925089545,
      0.07730903818380584,
      0.08696375115892396,
      0.09312251456819015,
      0.09523809524644519,
      0.09312251456395372,
      0.08696375114320308,
      0.07730903818161335,
      0.06501623926025957
    ],
    [
      0.06501623925016446,
      0.05117762349850863,
      0.037022812685398754,
      0.023809523794534073,
      0.012711815628426987,
      0.004715768202413406,
      0.0005318654457968995,
      0.0005318654629525715,
      0.004715768256349499,
      0.012711815602209351,
      0.023809523812101916,
      0.03702281266090463,
      0.05117762351338823,
      0.06501623925697303,
      0.07730903817692238,
      0.08696375115601802,
      0.09312251456465853,
      0.09523809524008345,
      0.0931225145588337,
      0.08696375115969357,
      0.07730903818700634
    ],
    [
      0.07730903819440181,
      0.0650162392224313,
      0.05117762351342774,
      0.037022812671141124,
      0.023809523814553302,
      0.012711815623554586,
      0.0047157681932488114,
      0.0005318654158067708,
      0.0005318654277984747,
      0.004715768188620091,
      0.012711815638541018,
      0.02380952381161901,
      0.03702281267003648,
      0.0511776235007615,
      0.06501623926114046,
      0.07730903817817947,
      0.08696375114999247,
      0.09312251455367526,
      0.0952380952477766,
      0.09312251456508185,
      0.08696375116683744
    ],
    [
      0.08696375116183133,
      0.0773090381682565,
      0.06501623927546472,
      0.05117762349840881,
      0.03702281266467017,
      0.023809523805238632,
      0.012711815635547677,
      0.004715768184053417,
      0.0005318654365665136,
      0.0005318654014981124,
      0.004715768215605328,
      0.012711815617458004,
      0.02380952380639972,
      0.0370228126686966,
      0.05117762350928458,
      0.06501623925542503,
      0.07730903818175469,
      0.086963751157716,
      0.09312251455794578,
      0.09523809524130453,
      0.09312251456201379
    ],
    [
      0.0931225145659173,
      0.08696375112861861,
      0.07730903820294342,
      0.06501623925770603,
      0.051177623497994755,
      0.03702281266429835,
      0.02380952382069326,
      0.012711815606986221,
      0.004715768232186258,
      0.0005318654882242927,
      0.0005318655046517504,
      0.004715768204402869,
      0.012711815607263508,
      0.023809523797005003,
      0.03702281266770663,
      0.051177623500338484,
      0.06501623925041983,
      0.07730903818712159,
      0.08696375116393573,
      0.09312251456803272,
      0.09523809524187099
    ]
  ],
  "A": [
    [
      0.0,
      0.1514772193246698,
      0.0,
      0.02457994888978912,
      0.11637311497413924,
      0.0,
      0.2580473445631155,
      0.0,
      0.0,
      0.06534172153965663,
      0.01529682967179108
    ],
    [
      0.001655636092793625,
      0.0,
      0.0,
      0.2388624369621321,
      0.14475544525762762,
      0.011909814874517317,
      0.14987592533699534,
      0.0,
      0.0,
      0.11462980960494835,
      0.01801639161019734
    ],
    [
      0.09144066817279885,
      3.181736803996105e-05,
      0.0,
      0.021475467162455724,
      0.14374338945158346,
      0.11821728971359445,
      0.22973497378646326,
      0.000587518452193436,
      0.00018904390375557096,
      0.11464493710226561,
      0.0032966286715646687
    ],
    [
      0.13769434473432404,
      0.0,
      0.0,
      0.0,
      0.019877407726212434,
      0.4271393194322507,
      0.27362525817588185,
      0.0,
      0.0,
      0.04165645442514283,
      0.2350561213553236
    ],
    [
      0.26828987008833177,
      0.0,
      0.0,
      0.0,
      0.013344301566756872,
      0.4129835093489427,
      0.2189537872826189,
      0.09687092735161716,
      0.0,
      0.0,
      0.24060503777477246
    ],
    [
      0.45885554089011293,
      0.0,
      0.008186420496555364,
      0.0016420612636086549,
      0.13443483779777615,
      0.06169119668595259,
      0.07417355631887092,
      0.27810308454776217,
      0.0,
      0.0014399447380757109,
      0.0
    ],
    [
      0.3184383093668703,
      0.0,
      0.12749819301085893,
      0.0,
      0.13131610747472586,
      0.019301541505022935,
      0.009175369397574337,
      0.29818907539684725,
      0.0,
      0.0,
      0.0
    ],
    [
      0.0,
      0.0,
      0.294989972355745,
      0.0,
      0.05088578218121188,
      0.1720971572636632,
      0.0,
      0.2113353861593964,
      0.005504355755894934,
      0.0,
      0.1430504456552248
    ],
    [
      0.0694869746700697,
      0.0,
      0.2703149670205723,
      0.0,
      0.0,
      0.2738393740245598,
      0.0,
      0.1732284453255408,
      0.049755163656900324,
      0.0,
      0.1763168026056556
    ],
    [
      0.589403316030411,
      0.0,
      0.028188128100876297,
      0.0,
      0.000178857874917135,
      0.2744910669184771,
      0.0,
      0.20932490428736544,
      0.13253989548833164,
      0.0009643819446607766,
      0.05877821503370607
    ],
    [
      0.6198765114512592,
      0.0,
      0.0,
      0.0,
      0.0,
      0.2627303388940998,
      0.0,
      0.15143971484282553,
      0.17555116330459808,
      0.03794223590635706,
      0.0
    ],
    [
      0.1750154389902199,
      0.000814789568238443,
      0.1807119503548051,
      6.856260493019637e-06,
      2.033944898399221e-06,
      0.23797480280442748,
      0.0,
      0.008639751874686,
      0.1760101067062867,
      0.10612530842135186,
      0.002452283686030561
    ],
    [
      0.0,
      0.07803951831919205,
      0.24649594633390723,
      0.0,
      0.0,
      0.1353015998407883,
      0.0,
      0.0,
      0.16276482259078123,
      0.09200696694076173,
      0.0
    ],
    [
      0.0,
      0.1873669134594102,
      0.23079786682481623,
      0.017632072775392832,
      0.0,
      0.0,
      0.0,
      0.0668372831687912,
      0.14153770862703433,
      0.03265206175315331,
      0.0
    ],
    [
      0.006897192703530014,
      0.15583857273388244,
      0.15816494039236095,
      0.15130913235381693,
      0.0,
      0.005464845998985899,
      1.193124137214788e-06,
      0.0,
      0.1587327538580378,
      0.0667379031696727,
      0.0
    ],
    [
      0.19934430776462114,
      0.13947475492356162,
      0.0031611596749161258,
      0.29690334466565704,
      0.0,
      0.0,
      0.0,
      0.0,
      0.1727318044858269,
      0.06446651732635408,
      0.0
    ],
    [
      0.16176792982976979,
      0.27789117801309055,
      0.002844104949287879,
      0.02367519689525033,
      0.0,
      0.0,
      0.16170443750990587,
      0.0,
      0.13447998774672976,
      0.020390504144385542,
      0.0
    ],
    [
      0.09099217362483207,
      0.30727000518558245,
      0.0,
      0.022555008955942025,
      0.0,
      0.0,
      0.20660733263618375,
      0.0,
      0.09853191071168192,
      0.0,
      0.04588309886389213
    ],
    [
      0.0,
      0.2551543825824799,
      0.0,
      0.20096300002129802,
      0.0034713872578103436,
      0.0,
      0.16818226161740416,
      0.0005999333585155319,
      0.0655032140189128,
      0.0,
      0.11574019884194323
    ],
    [
      0.0,
      0.289876746489276,
      0.0,
      0.0,
      0.03850232642164984,
      0.0,
      0.27119745520180827,
      0.0021162234893988604,
      0.033295907382285696,
      0.0008954998719991755,
      0.07353633951241301
    ],
    [
      0.0,
      0.2597682879813713,
      0.0,
      0.0,
      0.06188496406978133,
      0.0,
      0.27742571908569846,
      0.02784702748180232,
      0.0037564783151322004,
      0.0,
      0.07978730566891826
    ]
  ],
  "B": [
    [
      0.000201953370997955,
      0.0,
      0.01884090186136209,
      0.02241967397716379,
      0.0026680743262952316,
      0.0,
      0.0,
      0.005366990352321528,
      0.05129536902473798,
      0.1297327114627288,
      0.1041074379501461,
      0.04972433881204391,
      0.0036065129625950576,
      0.0,
      0.0,
      0.0,
      0.0,
      0.0,
      0.007654175222874641,
      0.0,
      0.0
    ],
    [
      0.05795932306497303,
      0.006815336351229515,
      0.0,
      0.000659878732854654,
      0.0,
      0.0,
      0.0,
      0.0,
      0.0,
      0.000854402456508187,
      0.0,
      0.0009914571405438381,
      0.029181661305324545,
      0.08051458782873658,
      0.13062142982483485,
      0.19243275228707785,
      0.24290318467559646,
      0.23430916671133503,
      0.22684712873458368,
      0.1637685684844547,
      0.09125951636485886
    ],
    [
      0.0,
      0.0,
      0.0,
      0.0,
      0.0,
      0.02230746508972197,
      0.060118107354931435,
      0.07114463737344283,
      0.14512841387299596,
      0.27073556329473436,
      0.24658795621118607,
      0.1693970073634512,
      0.10209759575714356,
      0.08603447847617338,
      0.06792297677738074,
      0.036986941490703605,
      0.0038728885885310287,
      0.0,
      0.0,
      0.0012892008249308583,
      0.017445457284965913
    ],
    [
      0.0969804924521306,
      0.07699123924010128,
      0.03016466215136866,
      0.0004549865763223604,
      0.0,
      2.215138942446786e-05,
      0.01524309287225406,
      0.0,
      0.002141038028184236,
      0.021791097181660144,
      0.01710496072583913,
      0.0,
      0.0008477962459991378,
      0.01957194386143539,
      0.03700269093293242,
      0.051170553222536,
      0.06084275764380663,
      0.08653213341439048,
      0.10308738852919001,
      0.1163570781874152,
      0.12627139724620867
    ],
    [
      0.2651706651712702,
      0.3046259997438408,
      0.4401834137670162,
      0.5124187580423718,
      0.47990012833923956,
      0.41904039156936,
      0.31438053678824984,
      0.10469035957739087,
      0.0,
      0.004776575428797201,
      0.0,
      0.0,
      0.0,
      0.0,
      0.026757284945544642,
      0.0,
      0.0,
      0.0,
      0.010452143519530176,
      0.08409573650322646,
      0.14867769226687277
    ],
    [
      0.000641457681482631,
      0.0,
      0.003930962493245461,
      0.034337962520803,
      0.09395170236773451,
      0.13053631474748667,
      0.16410702398122343,
      0.12820469886068994,
      0.0843848650121807,
      0.03941659065228525,
      0.022015023512998052,
      0.0,
      0.0,
      0.0,
      0.0,
      0.0,
      0.0019728540659286397,
      0.0,
      0.0,
      0.00020760338767052545,
      0.0
    ],
    [
      0.2020205599836818,
      0.20596904195669932,
      0.12397628743243501,
      0.05488886544338606,
      0.026493764799100275,
      0.002003988889417047,
      0.0,
      0.00021059922906004421,
      0.0,
      0.0,
      0.0,
      0.0,
      0.0,
      0.0,
      0.0,
      0.0,
      0.0,
      0.057966652727571656,
      0.09872635624112473,
      0.16351527048352169,
      0.22467582845336656
    ],
    [
      0.000909922742375047,
      0.031139574435943774,
      0.0,
      0.005749765232717287,
      0.07055595333643119,
      0.10970777684601879,
      0.14461427948570799,
      0.2217339293237336,
      0.16934547988175588,
      0.0003046238736581491,
      0.0,
      0.04609718436151287,
      0.07665304902355567,
      0.043060877586336185,
      0.0018045473507164503,
      0.0,
      0.0,
      0.0,
      0.0,
      0.0,
      0.0
    ],
    [
      0.0005228772907682849,
      0.0,
      0.0,
      0.00011237275639174591,
      0.0,
      0.0,
      0.0,
      0.0,
      0.0,
      0.0015540504140486996,
      0.14158620389454654,
      0.315113949603849,
      0.4165158533740593,
      0.4032323673049465,
      0.36879823469822,
      0.2697538266747152,
      0.16613322799014918,
      0.09448789130186713,
      0.0,
      0.002357537689716506,
      0.0
    ],
    [
      0.000225573151826467,
      0.0,
      0.0,
      0.0,
      0.0,
      0.007054377322093782,
      0.0,
      0.1771002618131314,
      0.1937382233566409,
      0.05348583681930541,
      0.0017052868133628327,
      0.0,
      0.0,
      0.0,
      0.0,
      0.1007327410987088,
      0.19344148888975587,
      0.1903436739625039,
      0.2099816206291888,
      0.1119426921303374,
      0.014017769503255175
    ],
    [
      0.06997906951600658,
      0.10444417936650485,
      0.19644845299551666,
      0.22241242699431524,
      0.1524577860401921,
      0.09374322757298362,
      0.004098619191018625,
      0.0,
      0.0,
      0.0,
      0.0,
      0.02495172365421981,
      0.01794963576835877,
      0.002262716761984759,
      0.0,
      0.0022105331841298956,
      0.016213342997409945,
      8.228203052824356e-05,
      0.0,
      5.23233754413154e-05,
      0.0
    ]
  ],
  "M": [
    [
      0.09523809523809523,
      0.09312251456124479,
      0.08696375115790453,
      0.07730903818374922,
      0.06501623925554262,
      0.05117762350411544,
      0.03702281266874694,
      0.02380952380952382,
      0.012711815627151124,
      0.004715768195122901,
      0.0005318654178510235,
      0.0005318654178510186,
      0.004715768195122896,
      0.012711815627151133,
      0.023809523809523787,
      0.037022812668746914,
      0.05117762350411544,
      0.06501623925554265,
      0.07730903818374919,
      0.08696375115790449,
      0.09312251456124479
    ],
    [
      0.09312251456124479,
      0.09523809523809522,
      0.09312251456124479,
      0.08696375115790453,
      0.07730903818374922,
      0.06501623925554262,
      0.05117762350411544,
      0.03702281266874694,
      0.023809523809523808,
      0.01271181562715113,
      0.0047157681951229035,
      0.0005318654178510245,
      0.0005318654178510207,
      0.004715768195122902,
      0.01271181562715111,
      0.023809523809523794,
      0.03702281266874694,
      0.051177623504115456,
      0.0650162392555426,
      0.07730903818374917,
      0.08696375115790449
    ],
    [
      0.08696375115790453,
      0.09312251456124479,
      0.09523809523809527,
      0.0931225145612448,
      0.08696375115790453,
      0.07730903818374922,
      0.06501623925554262,
      0.051177623504115456,
      0.03702281266874693,
      0.023809523809523808,
      0.012711815627151138,
      0.004715768195122905,
      0.0005318654178510222,
      0.0005318654178510231,
      0.004715768195122889,
      0.01271181562715112,
      0.02380952380952382,
      0.03702281266874697,
      0.05117762350411542,
      0.06501623925554259,
      0.07730903818374919
    ],
    [
      0.07730903818374922,
      0.08696375115790453,
      0.0931225145612448,
      0.09523809523809523,
      0.0931225145612448,
      0.08696375115790453,
      0.07730903818374919,
      0.06501623925554262,
      0.05117762350411542,
      0.03702281266874694,
      0.02380952380952382,
      0.01271181562715114,
      0.004715768195122901,
      0.0005318654178510207,
      0.0005318654178510175,
      0.004715768195122894,
      0.012711815627151133,
      0.02380952380952383,
      0.037022812668746914,
      0.051177623504115394,
      0.0650162392555426
    ],
    [
      0.06501623925554262,
      0.07730903818374922,
      0.08696375115790453,
      0.0931225145612448,
      0.09523809523809523,
      0.0931225145612448,
      0.08696375115790453,
      0.07730903818374923,
      0.06501623925554262,
      0.051177623504115456,
      0.03702281266874695,
      0.02380952380952383,
      0.012711815627151138,
      0.004715768195122894,
      0.0005318654178510254,
      0.0005318654178510183,
      0.004715768195122898,
      0.01271181562715114,
      0.023809523809523798,
      0.0370228126687469,
      0.05117762350411542
    ],
    [
      0.05117762350411544,
      0.06501623925554262,
      0.07730903818374922,
      0.08696375115790453,
      0.0931225145612448,
      0.09523809523809523,
      0.09312251456124476,
      0.08696375115790451,
      0.07730903818374919,
      0.06501623925554262,
      0.051177623504115456,
      0.03702281266874695,
      0.023809523809523808,
      0.01271181562715112,
      0.0047157681951229095,
      0.0005318654178510246,
      0.0005318654178510231,
      0.0047157681951229095,
      0.012711815627151115,
      0.023809523809523767,
      0.037022812668746914
    ],
    [
      0.03702281266874694,
      0.05117762350411544,
      0.06501623925554262,
      0.07730903818374919,
      0.08696375115790453,
      0.09312251456124476,
      0.09523809523809523,
      0.09312251456124476,
      0.08696375115790451,
      0.07730903818374919,
      0.0650162392555426,
      0.05117762350411544,
      0.037022812668746914,
      0.023809523809523794,
      0.012711815627151138,
      0.004715768195122901,
      0.000531865417851019,
      0.000531865417851027,
      0.004715768195122898,
      0.012711815627151105,
      0.023809523809523798
    ],
    [
      0.02380952380952382,
      0.03702281266874694,
      0.051177623504115456,
      0.06501623925554262,
      0.07730903818374923,
      0.08696375115790451,
      0.09312251456124476,
      0.09523809523809523,
      0.09312251456124479,
      0.08696375115790453,
      0.07730903818374922,
      0.06501623925554262,
      0.05117762350411544,
      0.037022812668746914,
      0.02380952380952383,
      0.012711815627151133,
      0.004715768195122891,
      0.0005318654178510167,
      0.0005318654178510214,
      0.004715768195122887,
      0.01271181562715112
    ],
    [
      0.012711815627151124,
      0.023809523809523808,
      0.03702281266874693,
      0.05117762350411542,
      0.06501623925554262,
      0.07730903818374919,
      0.08696375115790451,
      0.09312251456124479,
      0.09523809523809522,
      0.09312251456124479,
      0.08696375115790453,
      0.07730903818374922,
      0.06501623925554262,
      0.05117762350411542,
      0.03702281266874697,
      0.02380952380952383,
      0.012711815627151124,
      0.004715768195122891,
      0.0005318654178510238,
      0.0005318654178510151,
      0.004715768195122888
    ],
    [
      0.004715768195122901,
      0.01271181562715113,
      0.023809523809523808,
      0.03702281266874694,
      0.051177623504115456,
      0.06501623925554262,
      0.07730903818374919,
      0.08696375115790453,
      0.09312251456124479,
      0.09523809523809523,
      0.09312251456124479,
      0.08696375115790453,
      0.07730903818374922,
      0.0650162392555426,
      0.05117762350411548,
      0.03702281266874694,
      0.023809523809523808,
      0.012711815627151114,
      0.0047157681951229035,
      0.000531865417851027,
      0.0005318654178510186
    ],
    [
      0.0005318654178510235,
      0.0047157681951229035,
      0.012711815627151138,
      0.02380952380952382,
      0.03702281266874695,
      0.051177623504115456,
      0.0650162392555426,
      0.07730903818374922,
      0.08696375115790453,
      0.09312251456124479,
      0.09523809523809523,
      0.09312251456124479,
      0.08696375115790451,
      0.07730903818374919,
      0.06501623925554265,
      0.05117762350411544,
      0.037022812668746914,
      0.023809523809523777,
      0.01271181562715113,
      0.0047157681951229095,
      0.0005318654178510232
    ],
    [
      0.0005318654178510186,
      0.0005318654178510245,
      0.004715768195122905,
      0.01271181562715114,
      0.02380952380952383,
      0.03702281266874695,
      0.05117762350411544,
      0.06501623925554262,
      0.07730903818374922,
      0.08696375115790453,
      0.09312251456124479,
      0.09523809523809522,
      0.09312251456124476,
      0.08696375115790451,
      0.07730903818374923,
      0.0650162392555426,
      0.051177623504115415,
      0.037022812668746886,
      0.023809523809523805,
      0.012711815627151138,
      0.004715768195122901
    ],
    [
      0.004715768195122896,
      0.0005318654178510207,
      0.0005318654178510222,
      0.004715768195122901,
      0.012711815627151138,
      0.023809523809523808,
      0.037022812668746914,
      0.05117762350411544,
      0.06501623925554262,
      0.07730903818374922,
      0.08696375115790451,
      0.09312251456124476,
      0.09523809523809523,
      0.09312251456124479,
      0.08696375115790453,
      0.07730903818374922,
      0.06501623925554262,
      0.051177623504115415,
      0.03702281266874694,
      0.02380952380952383,
      0.012711815627151138
    ],
    [
      0.012711815627151133,
      0.004715768195122902,
      0.0005318654178510231,
      0.0005318654178510207,
      0.004715768195122894,
      0.01271181562715112,
      0.023809523809523794,
      0.037022812668746914,
      0.05117762350411542,
      0.0650162392555426,
      0.07730903818374919,
      0.08696375115790451,
      0.09312251456124479,
      0.09523809523809523,
      0.0931225145612448,
      0.08696375115790456,
      0.07730903818374922,
      0.06501623925554262,
      0.051177623504115456,
      0.03702281266874698,
      0.023809523809523843
    ],
    [
      0.023809523809523787,
      0.01271181562715111,
      0.004715768195122889,
      0.0005318654178510175,
      0.0005318654178510254,
      0.0047157681951229095,
      0.012711815627151138,
      0.02380952380952383,
      0.03702281266874697,
      0.05117762350411548,
      0.06501623925554265,
      0.07730903818374923,
      0.08696375115790453,
      0.0931225145612448,
      0.09523809523809523,
      0.0931225145612448,
      0.08696375115790451,
      0.07730903818374919,
      0.0650162392555426,
      0.051177623504115456,
      0.03702281266874694
    ],
    [
      0.037022812668746914,
      0.023809523809523794,
      0.01271181562715112,
      0.004715768195122894,
      0.0005318654178510183,
      0.0005318654178510246,
      0.004715768195122901,
      0.012711815627151133,
      0.02380952380952383,
      0.03702281266874694,
      0.05117762350411544,
      0.0650162392555426,
      0.07730903818374922,
      0.08696375115790456,
      0.0931225145612448,
      0.09523809523809523,
      0.09312251456124479,
      0.08696375115790449,
      0.07730903818374919,
      0.06501623925554262,
      0.05117762350411544
    ],
    [
      0.05117762350411544,
      0.03702281266874694,
      0.02380952380952382,
      0.012711815627151133,
      0.004715768195122898,
      0.0005318654178510231,
      0.000531865417851019,
      0.004715768195122891,
      0.012711815627151124,
      0.023809523809523808,
      0.037022812668746914,
      0.051177623504115415,
      0.06501623925554262,
      0.07730903818374922,
      0.08696375115790451,
      0.09312251456124479,
      0.09523809523809523,
      0.09312251456124479,
      0.08696375115790453,
      0.07730903818374923,
      0.06501623925554266
    ],
    [
      0.06501623925554265,
      0.051177623504115456,
      0.03702281266874697,
      0.02380952380952383,
      0.01271181562715114,
      0.0047157681951229095,
      0.000531865417851027,
      0.0005318654178510167,
      0.004715768195122891,
      0.012711815627151114,
      0.023809523809523777,
      0.037022812668746886,
      0.051177623504115415,
      0.06501623925554262,
      0.07730903818374919,
      0.08696375115790449,
      0.09312251456124479,
      0.09523809523809523,
      0.0931225145612448,
      0.08696375115790453,
      0.07730903818374926
    ],
    [
      0.07730903818374919,
      0.0650162392555426,
      0.05117762350411542,
      0.037022812668746914,
      0.023809523809523798,
      0.012711815627151115,
      0.004715768195122898,
      0.0005318654178510214,
      0.0005318654178510238,
      0.0047157681951229035,
      0.01271181562715113,
      0.023809523809523805,
      0.03702281266874694,
      0.051177623504115456,
      0.0650162392555426,
      0.07730903818374919,
      0.08696375115790453,
      0.0931225145612448,
      0.09523809523809522,
      0.09312251456124479,
      0.08696375115790453
    ],
    [
      0.08696375115790449,
      0.07730903818374917,
      0.06501623925554259,
      0.051177623504115394,
      0.0370228126687469,
      0.023809523809523767,
      0.012711815627151105,
      0.004715768195122887,
      0.0005318654178510151,
      0.000531865417851027,
      0.0047157681951229095,
      0.012711815627151138,
      0.02380952380952383,
      0.03702281266874698,
      0.051177623504115456,
      0.06501623925554262,
      0.07730903818374923,
      0.08696375115790453,
      0.09312251456124479,
      0.09523809523809522,
      0.09312251456124476
    ],
    [
      0.09312251456124479,
      0.08696375115790449,
      0.07730903818374919,
      0.0650162392555426,
      0.05117762350411542,
      0.037022812668746914,
      0.023809523809523798,
      0.01271181562715112,
      0.004715768195122888,
      0.0005318654178510186,
      0.0005318654178510232,
      0.004715768195122901,
      0.012711815627151138,
      0.023809523809523843,
      0.03702281266874694,
      0.05117762350411544,
      0.06501623925554266,
      0.07730903818374926,
      0.08696375115790453,
      0.09312251456124476,
      0.09523809523809523
    ]
  ],
  "score": 1.091187459606887e-10
}