{
  "k": 15,
  "M_approx": [
    [
      0.09090909090928503,
      0.0890678624370248,
      0.08369334240144201,
      0.07522094245180265,
      0.06433704604535982,
      0.05192340174004174,
      0.038985689169276465,
      0.026572044863656746,
      0.015688148457411615,
      0.007215748507182113,
      0.0018412284725156328,
      0.0,
      0.0018412284738997574,
      0.007215748507059181,
      0.015688148457104915,
      0.026572044863688336,
      0.03898568916911731,
      0.051923401739834465,
      0.0643370460455284,
      0.07522094245217285,
      0.08369334240109558,
      0.08906786243719243
    ],
    [
      0.08906786243690272,
      0.09090909090958571,
      0.08906786243741333,
      0.08369334240121948,
      0.07522094245192547,
      0.06433704604562786,
      0.05192340173927221,
      0.03898568916847952,
      0.026572044865268554,
      0.015688148457514702,
      0.0072157485066138265,
      0.0018412284731571147,
      8.639281053406356e-12,
      0.0018412284743821701,
      0.007215748508459234,
      0.01568814845688508,
      0.02657204486334812,
      0.038985689168677395,
      0.05192340173924022,
      0.06433704604577603,
      0.07522094245270378,
      0.08369334240073402
    ],
    [
      0.0836933424015781,
      0.08906786243656871,
      0.09090909090890781,
      0.08906786243723384,
      0.08369334240161679,
      0.07522094245193367,
      0.06433704604583136,
      0.05192340174005484,
      0.03898568916825378,
      0.026572044863691073,
      0.015688148457319993,
      0.007215748507758917,
      0.0018412284733312792,
      0.0,
      0.001841228472543335,
      0.0072157485076817535,
      0.015688148457073788,
      0.026572044863522784,
      0.03898568917001108,
      0.0519234017394052,
      0.06433704604551037,
      0.0752209424521336
    ],
    [
      0.07522094245225408,
      0.08369334240113953,
      0.08906786243674172,
      0.09090909090913787,
      0.08906786243715636,
      0.0836933424016097,
      0.07522094245221411,
      0.0643370460456094,
      0.05192340173919732,
      0.038985689169197243,
      0.026572044864091746,
      0.015688148456837674,
      0.007215748507864308,
      0.0018412284720656408,
      8.580686362383687e-13,
      0.0018412284725658546,
      0.007215748507833577,
      0.015688148456935263,
      0.026572044863946445,
      0.03898568916908432,
      0.05192340173972738,
      0.064337046045594
    ],
    [
      0.06433704604562153,
      0.07522094245208684,
      0.08369334240131276,
      0.0890678624369105,
      0.09090909090906953,
      0.08906786243738885,
      0.08369334240138256,
      0.07522094245187247,
      0.06433704604631062,
      0.051923401738848976,
      0.038985689169296796,
      0.026572044863065674,
      0.015688148457694014,
      0.007215748507550821,
      0.0018412284726089258,
      7.086437963531179e-13,
      0.0018412284724308437,
      0.007215748507569214,
      0.01568814845730199,
      0.026572044863144215,
      0.03898568916972961,
      0.05192340173950288
    ],
    [
      0.051923401739807674,
      0.0643370460455637,
      0.07522094245193231,
      0.0836933424012518,
      0.08906786243686149,
      0.09090909090943668,
      0.08906786243700279,
      0.08369334240143556,
      0.07522094245236213,
      0.06433704604519859,
      0.05192340173956443,
      0.038985689169230245,
      0.026572044863622128,
      0.015688148457166984,
      0.0072157485079312545,
      0.0018412284723044203,
      0.0,
      0.0018412284719801282,
      0.007215748507851067,
      0.01568814845680189,
      0.026572044863701415,
      0.03898568916943546
    ],
    [
      0.03898568916928163,
      0.051923401739774167,
      0.06433704604553951,
      0.07522094245221495,
      0.08369334240127002,
      0.08906786243676255,
      0.09090909090912452,
      0.08906786243721074,
      0.08369334240097902,
      0.07522094245277601,
      0.064337046045162,
      0.051923401740428754,
      0.038985689168387724,
      0.02657204486400968,
      0.01568814845682611,
      0.007215748507505168,
      0.0018412284723990772,
      1.5546589269157343e-13,
      0.0018412284721361237,
      0.007215748507342436,
      0.01568814845731807,
      0.026572044863577254
    ],
    [
      0.026572044862694887,
      0.03898568917042229,
      0.05192340174086695,
      0.06433704604573355,
      0.07522094245144459,
      0.08369334240028704,
      0.08906786243663846,
      0.09090909090923807,
      0.08906786243777955,
      0.08369334240170842,
      0.07522094245203968,
      0.06433704604563191,
      0.05192340173946477,
      0.03898568916918345,
      0.02657204486321678,
      0.01568814845717471,
      0.007215748508079066,
      0.0018412284742606478,
      1.1110425726691764e-11,
      0.0018412284751638253,
      0.0072157485058119905,
      0.01568814845714435
    ],
    [
      0.015688148457184022,
      0.026572044863021727,
      0.03898568916897752,
      0.05192340173968538,
      0.06433704604584138,
      0.07522094245217939,
      0.08369334240158416,
      0.08906786243730268,
      0.09090909090792243,
      0.08906786243766314,
      0.08369334240159818,
      0.07522094245217373,
      0.06433704604569283,
      0.05192340173964605,
      0.03898568916919342,
      0.026572044863009566,
      0.015688148456467745,
      0.007215748507460061,
      0.0018412284763152412,
      1.002340725693245e-12,
      0.001841228471603888,
      0.007215748508339042
    ],
    [
      0.007215748507928746,
      0.015688148456653256,
      0.02657204486303254,
      0.038985689169434894,
      0.051923401740269604,
      0.06433704604565994,
      0.07522094245231435,
      0.08369334240131968,
      0.0890678624364677,
      0.09090909090891856,
      0.0890678624371032,
      0.08369334240173022,
      0.07522094245245202,
      0.06433704604510389,
      0.05192340173940474,
      0.03898568916963075,
      0.026572044864043416,
      0.015688148456087514,
      0.007215748508346823,
      0.0018412284720200445,
      2.2086767878137054e-12,
      0.0018412284721378844
    ],
    [
      0.001841228472176069,
      0.007215748507944648,
      0.015688148456858494,
      0.026572044863211013,
      0.03898568916938704,
      0.051923401740123505,
      0.06433704604537446,
      0.0752209424517232,
      0.08369334240214366,
      0.08906786243670113,
      0.09090909090909936,
      0.0890678624365256,
      0.0836933424013437,
      0.07522094245234824,
      0.0643370460459825,
      0.05192340173987492,
      0.038985689169122664,
      0.026572044863200448,
      0.01568814845703232,
      0.007215748507806905,
      0.0018412284720155717,
      0.0
    ],
    [
      1.1492999679571019e-12,
      0.0018412284726842096,
      0.007215748507834514,
      0.015688148457096825,
      0.02657204486356951,
      0.03898568916959361,
      0.05192340173952209,
      0.06433704604525751,
      0.07522094245254635,
      0.08369334240118576,
      0.08906786243713327,
      0.09090909090864356,
      0.08906786243703015,
      0.08369334240156386,
      0.07522094245242011,
      0.06433704604560653,
      0.05192340173943675,
      0.038985689169588604,
      0.026572044862978445,
      0.015688148457355403,
      0.007215748507540962,
      0.0018412284734261152
    ],
    [
      0.0018412284721469247,
      4.036424862616543e-13,
      0.0018412284725578684,
      0.007215748507955396,
      0.015688148456885674,
      0.026572044863046214,
      0.03898568916999132,
      0.051923401740258356,
      0.0643370460443615,
      0.07522094245212714,
      0.08369334240154165,
      0.08906786243740661,
      0.09090909090998713,
      0.08906786243624867,
      0.08369334240069154,
      0.0752209424520139,
      0.06433704604590824,
      0.05192340173998874,
      0.038985689169670455,
      0.02657204486324935,
      0.015688148456912597,
      0.007215748507803193
    ],
    [
      0.0072157485077621805,
      0.0018412284720846811,
      1.483415456328902e-13,
      0.0018412284721970203,
      0.007215748507931761,
      0.01568814845685055,
      0.026572044863705326,
      0.0389856891697575,
      0.0519234017388641,
      0.06433704604544287,
      0.07522094245227275,
      0.08369334240166496,
      0.08906786243795281,
      0.09090909090826677,
      0.08906786243650483,
      0.08369334240144763,
      0.07522094245233041,
      0.06433704604565164,
      0.051923401740050106,
      0.03898568916915769,
      0.02657204486345452,
      0.015688148457125413
    ],
    [
      0.015688148457042306,
      0.007215748508429582,
      0.0018412284724292859,
      0.0,
      0.0018412284725132907,
      0.007215748507872419,
      0.01568814845654493,
      0.02657204486305128,
      0.038985689170977514,
      0.051923401739708844,
      0.06433704604526705,
      0.07522094245161304,
      0.08369334240011761,
      0.08906786243817116,
      0.09090909090993632,
      0.08906786243688108,
      0.08369334240111424,
      0.07522094245214081,
      0.06433704604474454,
      0.05192340174013428,
      0.03898568916936524,
      0.026572044863264272
    ],
    [
      0.026572044863556125,
      0.015688148457208246,
      0.0072157485076079315,
      0.0018412284718486974,
      9.823527687467944e-13,
      0.001841228473093591,
      0.007215748506971976,
      0.015688148456405503,
      0.026572044864861092,
      0.03898568916910101,
      0.051923401739518434,
      0.06433704604509766,
      0.0752209424511494,
      0.08369334240230906,
      0.08906786243790422,
      0.09090909090917328,
      0.08906786243661274,
      0.08369334240101756,
      0.07522094245185797,
      0.06433704604598159,
      0.051923401739798786,
      0.038985689169023036
    ],
    [
      0.038985689169402364,
      0.026572044863240527,
      0.015688148457103018,
      0.007215748508017752,
      0.0018412284729722786,
      4.937145784146317e-13,
      0.0018412284727125012,
      0.007215748507904726,
      0.015688148456409354,
      0.026572044863959813,
      0.03898568916884237,
      0.051923401740481295,
      0.06433704604493695,
      0.07522094245244489,
      0.0836933424010822,
      0.08906786243693635,
      0.09090909090943665,
      0.08906786243674206,
      0.08369334240170369,
      0.07522094245168515,
      0.06433704604593708,
      0.051923401739632266
    ],
    [
      0.05192340173978191,
      0.03898568916953023,
      0.026572044863680113,
      0.015688148456993897,
      0.007215748507846132,
      0.0018412284727384158,
      1.3900384743354728e-12,
      0.001841228472435714,
      0.00721574850804627,
      0.015688148456710873,
      0.026572044863647264,
      0.03898568916895496,
      0.05192340173990366,
      0.06433704604549084,
      0.07522094245234082,
      0.08369334240160396,
      0.08906786243685373,
      0.09090909090885885,
      0.08906786243690955,
      0.08369334240155384,
      0.0752209424519674,
      0.06433704604545105
    ],
    [
      0.06433704604545891,
      0.05192340173972255,
      0.038985689169456314,
      0.026572044863318697,
      0.015688148456400965,
      0.00721574850796764,
      0.0018412284744778486,
      1.2468875456281804e-12,
      0.0018412284721540417,
      0.007215748507826619,
      0.015688148457221673,
      0.026572044863293977,
      0.03898568916950325,
      0.05192340173957391,
      0.06433704604553078,
      0.07522094245204404,
      0.08369334240130759,
      0.08906786243741799,
      0.09090909090877179,
      0.08906786243743794,
      0.08369334240113618,
      0.07522094245212696
    ],
    [
      0.07522094245190264,
      0.06433704604504928,
      0.05192340173919931,
      0.03898568916992523,
      0.026572044864123845,
      0.015688148455782047,
      0.007215748507746386,
      0.001841228472583603,
      1.680420325591605e-11,
      0.0018412284724842562,
      0.007215748508523169,
      0.015688148457952897,
      0.026572044865131834,
      0.03898568916783344,
      0.051923401738106306,
      0.06433704604551649,
      0.07522094245273153,
      0.0836933424018831,
      0.08906786243770869,
      0.09090909090828142,
      0.08906786243677776,
      0.08369334240222494
    ],
    [
      0.08369334240135318,
      0.07522094245218953,
      0.06433704604559862,
      0.05192340173978022,
      0.03898568916932578,
      0.02657204486315037,
      0.015688148457364277,
      0.007215748507363755,
      0.0018412284726489838,
      2.1926410283285516e-13,
      0.001841228472082766,
      0.007215748507837043,
      0.015688148456817517,
      0.026572044863765434,
      0.03898568916967429,
      0.05192340173954545,
      0.06433704604549656,
      0.07522094245201888,
      0.0836933424012784,
      0.0890678624371606,
      0.09090909090916414,
      0.08906786243695163
    ],
    [
      0.08906786243694727,
      0.08369334240143393,
      0.07522094245213477,
      0.06433704604543584,
      0.051923401739853325,
      0.03898568916971478,
      0.026572044863148295,
      0.015688148457079578,
      0.007215748507574992,
      0.0018412284722303485,
      3.275475913415624e-13,
      0.0018412284726809518,
      0.0072157485072446665,
      0.015688148456936626,
      0.026572044863609125,
      0.038985689169372374,
      0.051923401739612095,
      0.0643370460458282,
      0.07522094245189043,
      0.08369334240159684,
      0.08906786243693703,
      0.09090909090902355
    ]
  ],
  "A": [
    [
      0.36711547629538144,
      0.0,
      0.0,
      0.0,
      0.06097527148471021,
      0.10949734472264487,
      0.16430080534906866,
      0.0,
      0.18964830866789067,
      0.0,
      0.0,
      0.06970770841280174,
      0.0,
      0.0,
      0.081777712260984
    ],
    [
      0.444087199467412,
      0.0,
      0.0,
      0.0,
      0.07759831717953201,
      0.12999883697959422,
      0.1550068520278925,
      0.0,
      0.0,
      0.014679588197350737,
      0.0,
      0.14685759318165575,
      0.019908411527475134,
      5.044211083422622e-10,
      0.0
    ],
    [
      0.4097658563211089,
      0.0,
      0.0,
      0.0,
      0.0452319196352319,
      0.03723657332219977,
      0.0,
      0.0,
      0.0,
      0.0,
      0.05358790823567575,
      0.2232532529732795,
      0.12919611037337192,
      0.0,
      0.029376050694526118
    ],
    [
      0.32714713653809036,
      0.0,
      0.16260339651854158,
      0.0,
      0.04945911564831583,
      0.0,
      0.041425165459710936,
      0.0,
      0.0,
      0.0,
      0.016978027347993946,
      0.18559616287008732,
      0.0397194702330293,
      0.0,
      0.06443875067498607
    ],
    [
      0.3687863522494528,
      0.0,
      0.2573454378203292,
      0.0,
      0.02178292249270289,
      0.0,
      0.06996606392832004,
      0.023698920504912853,
      0.0,
      1.4399447926725053e-11,
      0.05568636367174814,
      0.18698486389185104,
      0.0,
      0.0,
      0.0
    ],
    [
      0.3428011930306989,
      0.0,
      0.3139509399707984,
      0.0,
      0.0,
      0.0,
      0.04568971474917414,
      0.06703486104438221,
      0.0,
      0.03741325845875285,
      0.06382702452494707,
      0.16414816829508014,
      0.0,
      0.0,
      0.0
    ],
    [
      0.20760873299446758,
      0.0,
      0.36593095078822574,
      1.7102114021915956e-11,
      0.0,
      0.0,
      0.0,
      0.12251886488845033,
      0.0,
      0.11496845085126907,
      0.0054128163330539195,
      0.08921955290697914,
      0.0,
      0.0,
      0.09526899898085898
    ],
    [
      0.1515028485080109,
      0.0,
      0.3319174504995812,
      0.2025453863997959,
      0.0,
      0.0,
      0.0,
      0.005091162752899844,
      0.0,
      0.05891214925549436,
      0.010909482830942481,
      0.1734654282495736,
      0.0,
      0.0,
      0.0
    ],
    [
      0.0639753887445914,
      0.025918651103738078,
      0.3306844168690141,
      0.264338754190976,
      0.0,
      0.0,
      0.0,
      0.0,
      0.0,
      0.0775631707870156,
      0.0,
      0.15395061781060573,
      0.0,
      0.0030215025290052603,
      4.590593510706809e-11
    ],
    [
      0.0,
      0.0723830434913226,
      0.3259189306356099,
      0.2821635509818211,
      0.0,
      0.0,
      0.01419632743822357,
      0.020492329702868108,
      0.0,
      0.10607845474404486,
      0.0,
      0.11424352816087913,
      0.0,
      0.005554045602803707,
      0.0
    ],
    [
      0.0,
      0.13927891788110253,
      0.3180617685527137,
      0.2277260881068922,
      0.0,
      0.018806902574111797,
      0.036471655261257376,
      0.0913779670967623,
      0.0,
      0.17075706362604817,
      0.0,
      0.036224785843178786,
      0.0,
      0.0,
      0.0
    ],
    [
      0.0,
      0.16375385846880222,
      0.2284555324398709,
      0.22278168340020477,
      0.0,
      0.06157966321040296,
      0.02626368009108089,
      0.13036640616892156,
      0.0,
      0.21854322155840508,
      0.0,
      0.0,
      0.04183447036141898,
      0.0,
      0.0
    ],
    [
      0.0,
      0.14241106592020897,
      0.0767191229844722,
      0.26015250990204464,
      0.0,
      0.1285724429405608,
      0.0,
      0.13967120871650582,
      0.0,
      0.24572074116309692,
      0.0,
      0.0,
      0.10928075022328736,
      0.00725784959373057,
      0.0
    ],
    [
      0.0,
      0.14371632616906027,
      6.181000051181163e-12,
      0.3202530971471291,
      0.0,
      0.13329116125638849,
      0.0,
      0.08447976786721208,
      0.11548286185672528,
      0.21073005183499452,
      0.0,
      0.0,
      0.1189055594915365,
      4.8725333982035114e-05,
      0.0
    ],
    [
      0.0,
      0.2887482174415057,
      0.0,
      0.202973021966329,
      0.0,
      0.0,
      0.0,
      0.10062636846505915,
      0.12818030080709142,
      0.16754996291487612,
      0.08840689939991025,
      0.0,
      0.16146332625276316,
      0.0,
      0.0
    ],
    [
      0.0,
      0.24515113548324147,
      0.0,
      0.27700497805626667,
      0.0,
      0.0,
      0.08190355064741318,
      0.0,
      0.30464853020955857,
      0.06807350939362425,
      0.08698726880543431,
      0.0,
      0.08395985503499233,
      1.6857482035657783e-11,
      0.0
    ],
    [
      0.0,
      0.22231334298909475,
      0.0,
      0.21830034106729057,
      0.0,
      0.0,
      0.19338703081262698,
      0.0,
      0.30036659476860805,
      1.8253510893739748e-11,
      0.1406008810546509,
      0.0,
      0.04015420936517084,
      0.03159605886413712,
      0.0
    ],
    [
      0.0,
      0.27116169978538407,
      0.0,
      0.13945540238342918,
      0.06025707176624938,
      0.0,
      0.28735491088322895,
      0.002471822333716614,
      0.11498278257922893,
      0.0,
      0.10296969374818236,
      0.0,
      0.0,
      0.0420873716258055,
      0.0
    ],
    [
      0.06429425579371077,
      0.2834584743999258,
      0.0,
      0.0,
      0.07280894109163569,
      0.0,
      0.34034886268933473,
      0.06243344572984645,
      0.0,
      0.0,
      0.13650277277698547,
      0.0,
      0.0,
      0.05905509099788542,
      0.0
    ],
    [
      0.2519682773601994,
      0.2611571544211294,
      0.0,
      0.0,
      0.06521674276111278,
      0.0,
      0.2490625694687509,
      0.015782712778892878,
      0.1996912454806872,
      0.0,
      0.08772407637692388,
      0.0,
      0.0,
      0.0,
      2.468335339273696e-09
    ],
    [
      0.08643248853588337,
      0.16605328902766314,
      0.0,
      0.0,
      0.09999458131953748,
      0.0,
      0.2216625356274362,
      0.0,
      0.12811810479514527,
      0.0,
      0.0,
      0.0,
      0.0,
      0.024379223702938966,
      0.1588049029012634
    ],
    [
      0.26339045523445465,
      0.030605156911079543,
      0.0,
      0.0,
      0.04994129226467287,
      0.07041389253906775,
      0.15428852296130102,
      0.007253638477771573,
      0.3295591062514778,
      0.0,
      0.0,
      0.0,
      0.0,
      0.0,
      0.1607710233966064
    ]
  ],
  "B": [
    [
      0.1109277963365853,
      0.10585932859278144,
      0.1101147334070615,
      0.10927572112836939,
      0.08404634075532658,
      0.05296606470223803,
      0.028637526817099523,
      1.9393451720303606e-11,
      0.0,
      2.536825059038134e-12,
      0.0,
      0.0,
      0.0,
      0.0,
      0.0,
      0.0,
      0.0,
      0.0,
      0.0,
      0.0,
      0.02878026228112445,
      0.09713245385299484
    ],
    [
      0.0,
      0.0,
      0.0,
      0.0,
      0.0,
      0.0,
      0.0,
      0.0,
      0.0,
      0.0,
      0.0,
      0.03640000971710757,
      0.07698587618459019,
      0.10622169200235075,
      0.1527022583624928,
      0.19409319674448214,
      0.20180642653476086,
      0.14972959053981028,
      0.06423725361197775,
      0.0,
      0.0,
      0.0
    ],
    [
      0.0,
      0.0,
      0.023999602718744965,
      0.06237159944667882,
      0.09440991333412437,
      0.11391222054751815,
      0.14994555878381685,
      0.17195360353498437,
      0.1915006461031794,
      0.13224320476432025,
      0.11450084152390916,
      0.0826759245278145,
      0.03671923421481018,
      0.008597482519706596,
      0.0,
      0.0,
      0.0,
      0.0,
      0.0,
      0.0,
      0.0,
      0.0
    ],
    [
      0.0,
      0.0,
      0.0,
      0.0,
      0.0,
      0.0,
      0.0,
      0.005600672088309689,
      0.04233283208058585,
      0.11022192370433932,
      0.10701370978986384,
      0.15378512726630106,
      0.1897090267451756,
      0.1702581028288251,
      0.11362984053887418,
      0.06314085784589561,
      0.03562534124493066,
      0.009090448846987427,
      0.0,
      0.0,
      0.0,
      0.0
    ],
    [
      0.4167846849979819,
      0.18227287914428641,
      0.09073669798818618,
      0.08974130393945991,
      0.07829654884559051,
      0.029462098789673378,
      0.0,
      0.0,
      0.0,
      0.0,
      0.0,
      0.0,
      0.0,
      0.0,
      0.0,
      0.0,
      0.08452623714965891,
      0.20181951166203396,
      0.2129398041245336,
      0.5386506594691381,
      0.6333644033545351,
      0.5113751252890714
    ],
    [
      0.0,
      0.0,
      0.0,
      0.01378039714279602,
      0.04251689154400614,
      0.05803193206555683,
      0.08027779609279104,
      0.09288404631401882,
      0.08693219096554142,
      0.014315313074016246,
      4.651746687059363e-12,
      0.0,
      0.0,
      0.0,
      0.04944677526075226,
      0.11208537598411628,
      0.14704648199403897,
      0.11580763795377588,
      0.05217803139180105,
      0.059694754778284224,
      0.09790173895385519,
      0.0
    ],
    [
      4.376005053257569e-11,
      0.07010550182986307,
      0.0659810995400737,
      0.022480447499091557,
      0.0,
      0.0,
      0.0,
      0.0,
      0.0,
      0.0,
      0.0,
      0.0,
      0.0,
      0.010699984126403833,
      2.0713704501021353e-11,
      0.0,
      0.0,
      0.04029853287743297,
      0.1579293808502397,
      0.07890700111180553,
      1.5558085690999558e-10,
      0.0
    ],
    [
      0.0,
      0.0,
      0.0,
      0.0,
      0.01829767386619569,
      0.026672091551826132,
      0.0,
      0.0,
      0.0,
      0.11487084139341645,
      0.0,
      0.10025319926717129,
      0.1979706305083463,
      0.17952673540059175,
      0.07769250375793636,
      0.0,
      0.0,
      0.0,
      2.1822963173517572e-09,
      0.035185791831548824,
      0.0,
      0.0
    ],
    [
      0.06237624670273683,
      0.015943737819437708,
      0.0,
      0.0,
      0.0,
      0.0,
      1.2089101021517428e-11,
      0.009220376033362431,
      0.0,
      0.0,
      0.0,
      0.0,
      0.004533004557660181,
      0.028778176489969554,
      0.05417321108591233,
      0.06834660687309133,
      0.08515758616069426,
      0.10712297993766366,
      0.0954989595571042,
      0.11120627681749361,
      0.08788174728341017,
      0.09039173482503281
    ],
    [
      0.0,
      0.0,
      0.0,
      0.0,
      0.0,
      0.02704765024595662,
      0.04944447373730812,
      0.06738840123516429,
      0.05031959663986674,
      0.048049803099884915,
      0.17079300389561763,
      0.07917821042220942,
      0.0,
      0.012442962041103801,
      0.05366125261703197,
      0.04921326150552556,
      0.0,
      0.0,
      0.0,
      0.0,
      0.0,
      0.0
    ],
    [
      0.08701518143589555,
      0.0585030742380035,
      0.02082675090889066,
      0.0,
      0.0,
      0.0,
      0.0,
      0.0,
      0.0,
      0.0003220891758563847,
      0.08225505250712786,
      0.0524343856339846,
      0.027779346962755993,
      0.0,
      0.0,
      0.0,
      0.0,
      0.0,
      0.0,
      0.15235294909173677,
      0.2617408023517909,
      0.08912475787440359
    ],
    [
      0.05082786351176663,
      0.1286104170072192,
      0.15592507516373014,
      0.15610742165370003,
      0.17904563786768718,
      0.20828445238913562,
      0.18474440740770987,
      0.16562552932181954,
      0.08051576003496796,
      0.08102776384964862,
      0.026413556175203995,
      0.0,
      0.0,
      0.0,
      0.0,
      0.0,
      0.0,
      0.0,
      0.0,
      0.0,
      0.0,
      0.0
    ],
    [
      0.0,
      0.0,
      0.0,
      0.0,
      0.0,
      0.0,
      0.045853934052947826,
      0.08028117049067234,
      0.13601986453509474,
      0.061395189754809405,
      0.04166812682835159,
      0.03410241569407957,
      0.0,
      0.0,
      0.0,
      0.01982826960681436,
      0.0450603146774234,
      0.10163681624252498,
      0.20777206048660543,
      0.12795027767779935,
      0.028373548910955646,
      0.0440122333931626
    ],
    [
      0.25368787935994197,
      5.5614611607593274e-11,
      0.0,
      0.09078099034955775,
      0.058273991730726636,
      0.0,
      0.0,
      0.0,
      0.031178149775774124,
      0.0,
      0.07552449144887259,
      0.048049404195393504,
      0.017127120397079795,
      0.11791977184072568,
      0.2743486777324329,
      0.342114128859304,
      0.34434516053941183,
      0.30845632534040596,
      0.05834365833044036,
      0.0,
      0.0,
      0.33151122691690255
    ],
    [
      0.11494057439543626,
      0.19056409271494298,
      0.19596901034551334,
      0.16566580479929746,
      0.14150349941294638,
      0.11994595570867318,
      0.08320231621384859,
      0.037999150483070815,
      0.006807909358402114,
      0.0,
      0.0,
      0.0,
      0.012002681405700813,
      0.0,
      0.0,
      0.016351342897070215,
      0.019326627669927966,
      0.0,
      0.019326624867062867,
      0.02183466524220559,
      0.08708352001846702,
      0.06218269641524833
    ]
  ],
  "M": [
    [
      0.09090909090909091,
      0.0890678624370226,
      0.08369334240141732,
      0.07522094245205842,
      0.0643370460455403,
      0.05192340173969478,
      0.03898568916939615,
      0.026572044863550626,
      0.015688148457032498,
      0.007215748507673588,
      0.0018412284720683,
      0.0,
      0.001841228472068297,
      0.007215748507673581,
      0.01568814845703249,
      0.02657204486355058,
      0.038985689169396126,
      0.051923401739694765,
      0.06433704604554027,
      0.07522094245205839,
      0.08369334240141732,
      0.0890678624370226
    ],
    [
      0.0890678624370226,
      0.09090909090909088,
      0.0890678624370226,
      0.08369334240141733,
      0.0752209424520584,
      0.0643370460455403,
      0.05192340173969479,
      0.03898568916939613,
      0.026572044863550616,
      0.015688148457032505,
      0.007215748507673579,
      0.0018412284720683077,
      0.0,
      0.0018412284720683,
      0.007215748507673579,
      0.015688148457032466,
      0.026572044863550602,
      0.038985689169396105,
      0.051923401739694765,
      0.06433704604554026,
      0.0752209424520584,
      0.08369334240141732
    ],
    [
      0.08369334240141732,
      0.0890678624370226,
      0.09090909090909088,
      0.08906786243702262,
      0.08369334240141732,
      0.0752209424520584,
      0.0643370460455403,
      0.05192340173969478,
      0.038985689169396126,
      0.026572044863550626,
      0.01568814845703249,
      0.007215748507673597,
      0.0018412284720683027,
      0.0,
      0.001841228472068297,
      0.007215748507673561,
      0.015688148457032494,
      0.026572044863550602,
      0.038985689169396105,
      0.051923401739694744,
      0.06433704604554027,
      0.0752209424520584
    ],
    [
      0.07522094245205842,
      0.08369334240141733,
      0.08906786243702262,
      0.09090909090909091,
      0.08906786243702262,
      0.08369334240141732,
      0.07522094245205842,
      0.0643370460455403,
      0.05192340173969478,
      0.03898568916939613,
      0.026572044863550616,
      0.015688148457032515,
      0.007215748507673591,
      0.0018412284720682982,
      0.0,
      0.0018412284720682912,
      0.007215748507673579,
      0.015688148457032484,
      0.026572044863550602,
      0.038985689169396126,
      0.05192340173969479,
      0.0643370460455403
    ],
    [
      0.0643370460455403,
      0.0752209424520584,
      0.08369334240141732,
      0.08906786243702262,
      0.09090909090909091,
      0.08906786243702262,
      0.08369334240141733,
      0.07522094245205842,
      0.0643370460455403,
      0.05192340173969479,
      0.038985689169396126,
      0.026572044863550637,
      0.015688148457032505,
      0.007215748507673581,
      0.0018412284720683027,
      0.0,
      0.0018412284720683,
      0.007215748507673577,
      0.015688148457032484,
      0.02657204486355058,
      0.03898568916939613,
      0.05192340173969478
    ],
    [
      0.05192340173969478,
      0.0643370460455403,
      0.0752209424520584,
      0.08369334240141732,
      0.08906786243702262,
      0.09090909090909091,
      0.08906786243702262,
      0.08369334240141733,
      0.07522094245205842,
      0.0643370460455403,
      0.05192340173969478,
      0.03898568916939616,
      0.026572044863550637,
      0.015688148457032498,
      0.007215748507673591,
      0.001841228472068314,
      0.0,
      0.0018412284720682943,
      0.007215748507673573,
      0.015688148457032473,
      0.026572044863550616,
      0.038985689169396126
    ],
    [
      0.03898568916939615,
      0.05192340173969479,
      0.0643370460455403,
      0.07522094245205842,
      0.08369334240141733,
      0.08906786243702262,
      0.09090909090909091,
      0.0890678624370226,
      0.0836933424014173,
      0.0752209424520584,
      0.06433704604554026,
      0.05192340173969479,
      0.038985689169396126,
      0.026572044863550602,
      0.01568814845703249,
      0.0072157485076735925,
      0.0018412284720682982,
      0.0,
      0.0018412284720683012,
      0.007215748507673577,
      0.01568814845703251,
      0.026572044863550626
    ],
    [
      0.026572044863550626,
      0.03898568916939613,
      0.05192340173969478,
      0.0643370460455403,
      0.07522094245205842,
      0.08369334240141733,
      0.0890678624370226,
      0.09090909090909091,
      0.08906786243702258,
      0.08369334240141732,
      0.07522094245205839,
      0.0643370460455403,
      0.05192340173969478,
      0.038985689169396126,
      0.026572044863550616,
      0.015688148457032522,
      0.007215748507673584,
      0.0018412284720683042,
      0.0,
      0.0018412284720682943,
      0.007215748507673591,
      0.015688148457032498
    ],
    [
      0.015688148457032498,
      0.026572044863550616,
      0.038985689169396126,
      0.05192340173969478,
      0.0643370460455403,
      0.07522094245205842,
      0.0836933424014173,
      0.08906786243702258,
      0.09090909090909091,
      0.08906786243702262,
      0.08369334240141732,
      0.07522094245205842,
      0.06433704604554032,
      0.05192340173969478,
      0.03898568916939615,
      0.026572044863550647,
      0.015688148457032505,
      0.0072157485076735925,
      0.0018412284720683042,
      0.0,
      0.0018412284720683027,
      0.007215748507673581
    ],
    [
      0.007215748507673588,
      0.015688148457032505,
      0.026572044863550626,
      0.03898568916939613,
      0.05192340173969479,
      0.0643370460455403,
      0.0752209424520584,
      0.08369334240141732,
      0.08906786243702262,
      0.09090909090909091,
      0.0890678624370226,
      0.08369334240141733,
      0.07522094245205842,
      0.06433704604554027,
      0.05192340173969479,
      0.03898568916939616,
      0.026572044863550626,
      0.015688148457032498,
      0.007215748507673591,
      0.0018412284720683055,
      0.0,
      0.001841228472068302
    ],
    [
      0.0018412284720683,
      0.007215748507673579,
      0.01568814845703249,
      0.026572044863550616,
      0.038985689169396126,
      0.05192340173969478,
      0.06433704604554026,
      0.07522094245205839,
      0.08369334240141732,
      0.0890678624370226,
      0.09090909090909088,
      0.0890678624370226,
      0.08369334240141733,
      0.0752209424520584,
      0.0643370460455403,
      0.05192340173969483,
      0.03898568916939615,
      0.026572044863550626,
      0.01568814845703251,
      0.007215748507673602,
      0.0018412284720682993,
      0.0
    ],
    [
      0.0,
      0.0018412284720683077,
      0.007215748507673597,
      0.015688148457032515,
      0.026572044863550637,
      0.03898568916939616,
      0.05192340173969479,
      0.0643370460455403,
      0.07522094245205842,
      0.08369334240141733,
      0.0890678624370226,
      0.09090909090909091,
      0.08906786243702262,
      0.0836933424014173,
      0.0752209424520584,
      0.06433704604554032,
      0.051923401739694765,
      0.038985689169396126,
      0.026572044863550616,
      0.015688148457032498,
      0.007215748507673565,
      0.0018412284720682943
    ],
    [
      0.001841228472068297,
      0.0,
      0.0018412284720683027,
      0.007215748507673591,
      0.015688148457032505,
      0.026572044863550637,
      0.038985689169396126,
      0.05192340173969478,
      0.06433704604554032,
      0.07522094245205842,
      0.08369334240141733,
      0.08906786243702262,
      0.09090909090909095,
      0.08906786243702262,
      0.08369334240141733,
      0.07522094245205845,
      0.0643370460455403,
      0.05192340173969479,
      0.03898568916939615,
      0.026572044863550637,
      0.01568814845703248,
      0.007215748507673579
    ],
    [
      0.007215748507673581,
      0.0018412284720683,
      0.0,
      0.0018412284720682982,
      0.007215748507673581,
      0.015688148457032498,
      0.026572044863550602,
      0.038985689169396126,
      0.05192340173969478,
      0.06433704604554027,
      0.0752209424520584,
      0.0836933424014173,
      0.08906786243702262,
      0.09090909090909088,
      0.08906786243702262,
      0.08369334240141733,
      0.07522094245205842,
      0.0643370460455403,
      0.05192340173969479,
      0.03898568916939615,
      0.026572044863550602,
      0.015688148457032498
    ],
    [
      0.01568814845703249,
      0.007215748507673579,
      0.001841228472068297,
      0.0,
      0.0018412284720683027,
      0.007215748507673591,
      0.01568814845703249,
      0.026572044863550616,
      0.03898568916939615,
      0.05192340173969479,
      0.0643370460455403,
      0.0752209424520584,
      0.08369334240141733,
      0.08906786243702262,
      0.09090909090909091,
      0.08906786243702262,
      0.08369334240141733,
      0.07522094245205842,
      0.0643370460455403,
      0.05192340173969479,
      0.038985689169396105,
      0.026572044863550602
    ],
    [
      0.02657204486355058,
      0.015688148457032466,
      0.007215748507673561,
      0.0018412284720682912,
      0.0,
      0.001841228472068314,
      0.0072157485076735925,
      0.015688148457032522,
      0.026572044863550647,
      0.03898568916939616,
      0.05192340173969483,
      0.06433704604554032,
      0.07522094245205845,
      0.08369334240141733,
      0.08906786243702262,
      0.09090909090909091,
      0.08906786243702262,
      0.08369334240141732,
      0.0752209424520584,
      0.06433704604554027,
      0.05192340173969474,
      0.03898568916939609
    ],
    [
      0.038985689169396126,
      0.026572044863550602,
      0.015688148457032494,
      0.007215748507673579,
      0.0018412284720683,
      0.0,
      0.0018412284720682982,
      0.007215748507673584,
      0.015688148457032505,
      0.026572044863550626,
      0.03898568916939615,
      0.051923401739694765,
      0.0643370460455403,
      0.07522094245205842,
      0.08369334240141733,
      0.08906786243702262,
      0.09090909090909091,
      0.08906786243702262,
      0.08369334240141733,
      0.07522094245205842,
      0.06433704604554027,
      0.051923401739694765
    ],
    [
      0.051923401739694765,
      0.038985689169396105,
      0.026572044863550602,
      0.015688148457032484,
      0.007215748507673577,
      0.0018412284720682943,
      0.0,
      0.0018412284720683042,
      0.0072157485076735925,
      0.015688148457032498,
      0.026572044863550626,
      0.038985689169396126,
      0.05192340173969479,
      0.0643370460455403,
      0.07522094245205842,
      0.08369334240141732,
      0.08906786243702262,
      0.09090909090909091,
      0.08906786243702262,
      0.08369334240141733,
      0.07522094245205839,
      0.06433704604554027
    ],
    [
      0.06433704604554027,
      0.051923401739694765,
      0.038985689169396105,
      0.026572044863550602,
      0.015688148457032484,
      0.007215748507673573,
      0.0018412284720683012,
      0.0,
      0.0018412284720683042,
      0.007215748507673591,
      0.01568814845703251,
      0.026572044863550616,
      0.03898568916939615,
      0.05192340173969479,
      0.0643370460455403,
      0.0752209424520584,
      0.08369334240141733,
      0.08906786243702262,
      0.09090909090909091,
      0.08906786243702262,
      0.0836933424014173,
      0.07522094245205839
    ],
    [
      0.07522094245205839,
      0.06433704604554026,
      0.051923401739694744,
      0.038985689169396126,
      0.02657204486355058,
      0.015688148457032473,
      0.007215748507673577,
      0.0018412284720682943,
      0.0,
      0.0018412284720683055,
      0.007215748507673602,
      0.015688148457032498,
      0.026572044863550637,
      0.03898568916939615,
      0.05192340173969479,
      0.06433704604554027,
      0.07522094245205842,
      0.08369334240141733,
      0.08906786243702262,
      0.09090909090909091,
      0.0890678624370226,
      0.0836933424014173
    ],
    [
      0.08369334240141732,
      0.0752209424520584,
      0.06433704604554027,
      0.05192340173969479,
      0.03898568916939613,
      0.026572044863550616,
      0.01568814845703251,
      0.007215748507673591,
      0.0018412284720683027,
      0.0,
      0.0018412284720682993,
      0.007215748507673565,
      0.01568814845703248,
      0.026572044863550602,
      0.038985689169396105,
      0.05192340173969474,
      0.06433704604554027,
      0.07522094245205839,
      0.0836933424014173,
      0.0890678624370226,
      0.09090909090909088,
      0.0890678624370226
    ],
    [
      0.0890678624370226,
      0.08369334240141732,
      0.0752209424520584,
      0.0643370460455403,
      0.05192340173969478,
      0.038985689169396126,
      0.026572044863550626,
      0.015688148457032498,
      0.007215748507673581,
      0.001841228472068302,
      0.0,
      0.0018412284720682943,
      0.007215748507673579,
      0.015688148457032498,
      0.026572044863550602,
      0.03898568916939609,
      0.051923401739694765,
      0.06433704604554027,
      0.07522094245205839,
      0.0836933424014173,
      0.0890678624370226,
      0.09090909090909088
    ]
  ],
