{
  "k": 15,
  "M_approx": [
    [
      0.09090909090909094,
      0.08906786243702254,
      0.08369334240141732,
      0.0752209424520584,
      0.0643370460455403,
      0.051923401739694765,
      0.03898568916939614,
      0.02657204486355064,
      0.01568814845703248,
      0.007215748507673603,
      0.001841228472068413,
      9.476974256729859e-17,
      0.0018412284720683316,
      0.007215748507673536,
      0.015688148457032508,
      0.026572044863550588,
      0.03898568916939616,
      0.05192340173969476,
      0.0643370460455403,
      0.0752209424520584,
      0.0836933424014173,
      0.08906786243702257
    ],
    [
      0.08906786243702265,
      0.09090909090909084,
      0.08906786243702262,
      0.08369334240141736,
      0.07522094245205842,
      0.0643370460455403,
      0.051923401739694765,
      0.03898568916939615,
      0.02657204486355061,
      0.015688148457032505,
      0.007215748507673642,
      0.001841228472068325,
      6.885727929929481e-17,
      0.0018412284720683147,
      0.007215748507673564,
      0.015688148457032494,
      0.02657204486355067,
      0.03898568916939611,
      0.05192340173969471,
      0.06433704604554026,
      0.0752209424520584,
      0.08369334240141732
    ],
    [
      0.08369334240141736,
      0.08906786243702261,
      0.09090909090909088,
      0.08906786243702264,
      0.0836933424014173,
      0.07522094245205843,
      0.06433704604554027,
      0.051923401739694786,
      0.03898568916939611,
      0.026572044863550644,
      0.015688148457032473,
      0.007215748507673579,
      0.0018412284720683758,
      9.611719949461394e-17,
      0.0018412284720683866,
      0.007215748507673586,
      0.015688148457032487,
      0.02657204486355059,
      0.03898568916939606,
      0.05192340173969476,
      0.06433704604554029,
      0.07522094245205842
    ],
    [
      0.07522094245205843,
      0.08369334240141735,
      0.08906786243702261,
      0.0909090909090909,
      0.08906786243702257,
      0.0836933424014173,
      0.07522094245205842,
      0.06433704604554032,
      0.05192340173969476,
      0.03898568916939616,
      0.026572044863550554,
      0.01568814845703251,
      0.007215748507673568,
      0.0018412284720683073,
      1.3234086969191813e-16,
      0.0018412284720683114,
      0.0072157485076735335,
      0.01568814845703251,
      0.02657204486355062,
      0.03898568916939615,
      0.05192340173969483,
      0.06433704604554032
    ],
    [
      0.0643370460455403,
      0.07522094245205839,
      0.08369334240141736,
      0.08906786243702264,
      0.09090909090909094,
      0.08906786243702261,
      0.08369334240141733,
      0.07522094245205842,
      0.06433704604554027,
      0.051923401739694786,
      0.03898568916939611,
      0.026572044863550633,
      0.0156881484570325,
      0.007215748507673597,
      0.0018412284720683543,
      2.6068284967260616e-17,
      0.001841228472068362,
      0.007215748507673594,
      0.01568814845703249,
      0.0265720448635506,
      0.038985689169396126,
      0.05192340173969477
    ],
    [
      0.0519234017396948,
      0.06433704604554026,
      0.0752209424520584,
      0.0836933424014173,
      0.08906786243702258,
      0.09090909090909093,
      0.08906786243702262,
      0.0836933424014173,
      0.07522094245205842,
      0.06433704604554032,
      0.05192340173969476,
      0.038985689169396175,
      0.02657204486355062,
      0.015688148457032505,
      0.007215748507673602,
      0.0018412284720682537,
      1.835604502090953e-16,
      0.0018412284720683055,
      0.007215748507673641,
      0.01568814845703245,
      0.02657204486355057,
      0.038985689169396084
    ],
    [
      0.038985689169396126,
      0.0519234017396948,
      0.06433704604554026,
      0.0752209424520584,
      0.08369334240141736,
      0.08906786243702257,
      0.09090909090909093,
      0.08906786243702255,
      0.0836933424014173,
      0.07522094245205842,
      0.06433704604554027,
      0.05192340173969482,
      0.03898568916939611,
      0.02657204486355059,
      0.015688148457032484,
      0.007215748507673634,
      0.0018412284720682739,
      3.875963608762477e-17,
      0.0018412284720683107,
      0.007215748507673549,
      0.01568814845703251,
      0.026572044863550595
    ],
    [
      0.026572044863550606,
      0.038985689169396126,
      0.05192340173969477,
      0.06433704604554027,
      0.07522094245205845,
      0.08369334240141729,
      0.08906786243702261,
      0.09090909090909088,
      0.08906786243702257,
      0.08369334240141732,
      0.07522094245205839,
      0.06433704604554036,
      0.05192340173969472,
      0.038985689169396064,
      0.026572044863550623,
      0.01568814845703257,
      0.007215748507673542,
      0.0018412284720683383,
      6.152195036595666e-17,
      0.0018412284720682856,
      0.007215748507673589,
      0.01568814845703248
    ],
    [
      0.01568814845703252,
      0.0265720448635506,
      0.038985689169396064,
      0.051923401739694786,
      0.0643370460455403,
      0.07522094245205851,
      0.0836933424014173,
      0.08906786243702255,
      0.09090909090909087,
      0.08906786243702268,
      0.0836933424014173,
      0.07522094245205839,
      0.06433704604554027,
      0.05192340173969484,
      0.03898568916939619,
      0.026572044863550623,
      0.01568814845703244,
      0.007215748507673584,
      0.001841228472068465,
      1.4310243962553616e-16,
      0.0018412284720684103,
      0.007215748507673669
    ],
    [
      0.007215748507673523,
      0.01568814845703256,
      0.026572044863550682,
      0.03898568916939615,
      0.05192340173969477,
      0.06433704604554023,
      0.07522094245205846,
      0.08369334240141742,
      0.08906786243702261,
      0.09090909090909088,
      0.08906786243702255,
      0.08369334240141739,
      0.07522094245205838,
      0.06433704604554022,
      0.05192340173969474,
      0.03898568916939621,
      0.02657204486355071,
      0.01568814845703252,
      0.0072157485076735995,
      0.0018412284720682622,
      1.7981253834044266e-16,
      0.0018412284720682988
    ],
    [
      0.0018412284720684506,
      0.0072157485076735795,
      0.015688148457032505,
      0.026572044863550606,
      0.03898568916939613,
      0.051923401739694834,
      0.0643370460455402,
      0.07522094245205838,
      0.08369334240141729,
      0.08906786243702261,
      0.09090909090909086,
      0.08906786243702254,
      0.08369334240141736,
      0.07522094245205845,
      0.06433704604554027,
      0.05192340173969483,
      0.03898568916939614,
      0.026572044863550602,
      0.015688148457032564,
      0.007215748507673654,
      0.001841228472068354,
      5.462348531188228e-17
    ],
    [
      1.24507612659648e-16,
      0.0018412284720683986,
      0.007215748507673617,
      0.015688148457032505,
      0.02657204486355064,
      0.03898568916939618,
      0.05192340173969475,
      0.06433704604554026,
      0.07522094245205839,
      0.08369334240141735,
      0.08906786243702261,
      0.09090909090909091,
      0.08906786243702267,
      0.08369334240141735,
      0.07522094245205843,
      0.0643370460455403,
      0.05192340173969473,
      0.03898568916939608,
      0.026572044863550602,
      0.01568814845703248,
      0.007215748507673545,
      0.0018412284720683107
    ],
    [
      0.0018412284720683274,
      6.07450159178374e-17,
      0.001841228472068302,
      0.00721574850767356,
      0.0156881484570325,
      0.026572044863550623,
      0.038985689169396126,
      0.05192340173969479,
      0.06433704604554027,
      0.07522094245205842,
      0.08369334240141735,
      0.08906786243702264,
      0.09090909090909095,
      0.0890678624370226,
      0.08369334240141732,
      0.07522094245205846,
      0.06433704604554029,
      0.05192340173969479,
      0.03898568916939613,
      0.026572044863550612,
      0.01568814845703252,
      0.007215748507673565
    ],
    [
      0.007215748507673595,
      0.0018412284720684213,
      7.418573385588687e-17,
      0.0018412284720683506,
      0.007215748507673608,
      0.015688148457032484,
      0.026572044863550616,
      0.03898568916939616,
      0.05192340173969475,
      0.06433704604554026,
      0.07522094245205839,
      0.08369334240141733,
      0.0890678624370226,
      0.09090909090909087,
      0.08906786243702262,
      0.08369334240141739,
      0.0752209424520584,
      0.06433704604554029,
      0.05192340173969477,
      0.03898568916939613,
      0.02657204486355069,
      0.015688148457032515
    ],
    [
      0.015688148457032418,
      0.007215748507673697,
      0.0018412284720682362,
      6.0971784897304e-17,
      0.0018412284720682832,
      0.007215748507673599,
      0.015688148457032477,
      0.026572044863550595,
      0.038985689169396154,
      0.051923401739694834,
      0.06433704604554034,
      0.0752209424520584,
      0.08369334240141738,
      0.08906786243702267,
      0.09090909090909086,
      0.08906786243702255,
      0.08369334240141735,
      0.0752209424520584,
      0.06433704604554025,
      0.05192340173969482,
      0.03898568916939618,
      0.0265720448635507
    ],
    [
      0.026572044863550602,
      0.015688148457032466,
      0.007215748507673568,
      0.001841228472068309,
      4.992921370319731e-17,
      0.0018412284720683257,
      0.007215748507673575,
      0.015688148457032532,
      0.02657204486355068,
      0.03898568916939613,
      0.05192340173969487,
      0.06433704604554029,
      0.07522094245205843,
      0.08369334240141735,
      0.0890678624370226,
      0.0909090909090909,
      0.08906786243702267,
      0.08369334240141732,
      0.07522094245205845,
      0.0643370460455403,
      0.05192340173969467,
      0.038985689169396105
    ],
    [
      0.03898568916939611,
      0.026572044863550654,
      0.015688148457032463,
      0.007215748507673562,
      0.0018412284720683396,
      8.504337335419382e-17,
      0.0018412284720683752,
      0.007215748507673595,
      0.01568814845703251,
      0.02657204486355063,
      0.03898568916939609,
      0.05192340173969474,
      0.06433704604554029,
      0.07522094245205842,
      0.08369334240141732,
      0.08906786243702257,
      0.09090909090909095,
      0.08906786243702268,
      0.08369334240141738,
      0.0752209424520584,
      0.0643370460455402,
      0.05192340173969473
    ],
    [
      0.05192340173969481,
      0.03898568916939615,
      0.026572044863550647,
      0.015688148457032484,
      0.007215748507673566,
      0.0018412284720683246,
      2.7350834348005424e-17,
      0.0018412284720683851,
      0.007215748507673565,
      0.015688148457032477,
      0.02657204486355059,
      0.03898568916939613,
      0.051923401739694786,
      0.06433704604554027,
      0.07522094245205842,
      0.08369334240141732,
      0.08906786243702262,
      0.0909090909090909,
      0.08906786243702261,
      0.08369334240141729,
      0.07522094245205836,
      0.06433704604554029
    ],
    [
      0.06433704604554026,
      0.051923401739694716,
      0.03898568916939613,
      0.02657204486355062,
      0.015688148457032487,
      0.007215748507673593,
      0.0018412284720683222,
      1.0168774978094528e-16,
      0.0018412284720683199,
      0.0072157485076735734,
      0.015688148457032505,
      0.026572044863550623,
      0.03898568916939611,
      0.051923401739694744,
      0.06433704604554027,
      0.0752209424520584,
      0.08369334240141732,
      0.0890678624370226,
      0.09090909090909091,
      0.08906786243702261,
      0.08369334240141733,
      0.0752209424520584
    ],
    [
      0.07522094245205836,
      0.06433704604554026,
      0.05192340173969473,
      0.03898568916939615,
      0.026572044863550606,
      0.01568814845703243,
      0.007215748507673546,
      0.001841228472068296,
      1.0984036960622039e-16,
      0.0018412284720683207,
      0.007215748507673614,
      0.01568814845703251,
      0.026572044863550588,
      0.03898568916939615,
      0.05192340173969478,
      0.06433704604554029,
      0.07522094245205843,
      0.08369334240141733,
      0.08906786243702261,
      0.09090909090909093,
      0.08906786243702261,
      0.08369334240141732
    ],
    [
      0.08369334240141728,
      0.07522094245205845,
      0.06433704604554023,
      0.05192340173969478,
      0.038985689169396126,
      0.02657204486355063,
      0.015688148457032553,
      0.007215748507673563,
      0.001841228472068277,
      3.187827690837365e-17,
      0.0018412284720683357,
      0.0072157485076736255,
      0.0156881484570325,
      0.026572044863550595,
      0.038985689169396105,
      0.0519234017396947,
      0.0643370460455402,
      0.07522094245205839,
      0.08369334240141729,
      0.08906786243702258,
      0.09090909090909093,
      0.0890678624370226
    ],
    [
      0.0890678624370226,
      0.08369334240141736,
      0.07522094245205836,
      0.0643370460455403,
      0.051923401739694786,
      0.03898568916939614,
      0.026572044863550647,
      0.015688148457032435,
      0.007215748507673569,
      0.001841228472068334,
      4.884958425507879e-17,
      0.0018412284720683478,
      0.00721574850767362,
      0.01568814845703252,
      0.026572044863550606,
      0.03898568916939606,
      0.051923401739694765,
      0.06433704604554029,
      0.07522094245205838,
      0.0836933424014173,
      0.0890678624370226,
      0.0909090909090909
    ]
  ],
  "A": [
    [
      0.0,
      0.20809861026786722,
      0.03248001289308702,
      0.34460704913511964,
      0.0,
      1.5859184887626418e-17,
      0.0,
      0.0,
      2.24112096452824e-15,
      0.05065826799280739,
      0.0,
      0.14728173464650596,
      0.06875468192524645,
      0.0,
      0.05534589174682595
    ],
    [
      4.423641271816326e-18,
      0.1276463153230636,
      0.0,
      0.29682277726256984,
      0.0,
      7.533112821622782e-16,
      0.0,
      0.0,
      0.044433766724300744,
      0.025831591766818263,
      0.0,
      0.1558378363053871,
      0.1386734963054308,
      2.97780953107655e-16,
      0.07528875823017252
    ],
    [
      0.09870204745522783,
      0.04431847826662445,
      0.0,
      0.24196827142874225,
      0.0,
      0.0,
      0.0,
      0.0,
      0.06504872379095637,
      0.0,
      0.0,
      0.1634250790502194,
      0.16824388316835978,
      4.807035385880694e-15,
      0.11170376631499208
    ],
    [
      0.20987775128197442,
      2.9061155086462902e-15,
      0.0,
      0.20918445399747573,
      0.0,
      0.0,
      0.0,
      0.010658249875684273,
      0.06859882490860252,
      0.0,
      1.1968633709772982e-16,
      0.164337989696897,
      0.16505201084261903,
      0.048356769443026075,
      0.08906417336882036
    ],
    [
      0.30159895895823885,
      0.0,
      0.0,
      0.19583848258902484,
      0.0,
      0.0,
      0.0,
      0.029724777392148835,
      0.06381624657616247,
      0.024867224337197416,
      0.0,
      0.152994987798187,
      0.1363848115981239,
      0.15992519724406606,
      6.690164194443274e-16
    ],
    [
      0.5300417070270316,
      0.0,
      0.0,
      0.20120779627052682,
      0.0,
      0.011485237318828993,
      0.0,
      0.07417005105536646,
      6.228697789975192e-15,
      0.052741953478978774,
      0.0,
      0.154358344068045,
      0.034801046350921114,
      0.1269282848095981,
      0.0
    ],
    [
      0.4492544352613964,
      0.0,
      0.0,
      0.08667658373214769,
      0.0,
      0.04501048365308274,
      0.0,
      0.12315604070749109,
      0.06381624657615978,
      0.03665359340258109,
      3.568884391585031e-18,
      0.05034113692026737,
      3.301713473905467e-16,
      0.23736857769312478,
      2.284446310297703e-16
    ],
    [
      0.5522669088122555,
      0.0,
      0.0,
      1.0337730918042466e-15,
      9.712392707588879e-16,
      0.0752752799145195,
      4.374349526038643e-18,
      0.13061710804671856,
      0.055641432852716506,
      0.02556315088426952,
      0.05435406046513719,
      0.01749883195904571,
      0.0,
      0.28323061996351123,
      0.0
    ],
    [
      0.6239813395697391,
      0.0,
      0.0,
      0.0,
      0.04906138684003979,
      0.09736036076240226,
      3.2632647464249786e-15,
      0.15519662725007555,
      8.331304700848595e-18,
      0.0,
      0.0598399771674609,
      0.02145660568061683,
      0.0,
      0.15110892967239387,
      0.0
    ],
    [
      0.45430297172590406,
      0.0,
      0.0,
      6.906110923417916e-16,
      0.08535239379349915,
      0.0906954113969833,
      0.0379339347401323,
      0.193048943698296,
      0.0,
      0.01461138416509983,
      0.03597259696417303,
      0.0,
      0.0,
      0.038558170839889876,
      0.0
    ],
    [
      0.28423385238156385,
      0.0,
      0.0,
      0.0,
      0.05623926225194474,
      0.03774126100016686,
      0.12835959225508115,
      0.19314243027100034,
      2.606508184979773e-16,
      0.12426755162059912,
      0.0651540155455905,
      0.02145660568062233,
      0.0,
      0.0,
      0.0
    ],
    [
      0.17754254122924565,
      1.4545713561505239e-15,
      0.09182407957133878,
      0.0,
      0.07142319323276305,
      0.0,
      0.16888173135347828,
      0.16153280811935378,
      4.85596045420884e-16,
      0.13598031445270004,
      0.04958805178089777,
      0.021456605680626763,
      0.0,
      0.0,
      0.0
    ],
    [
      0.07711382290394952,
      0.04079439317926017,
      0.13340611093583948,
      0.0,
      0.08534812192770204,
      4.1346336563216473e-16,
      0.17396400980183915,
      0.14580091757614946,
      1.622986931788287e-17,
      0.12423926240205518,
      0.04959383408814071,
      0.0,
      0.0,
      0.0,
      0.0
    ],
    [
      0.0,
      0.06853808206778364,
      0.1780297554392987,
      0.0,
      0.10361418542338645,
      0.0,
      0.16897175898782404,
      0.10209657299497928,
      0.0,
      0.08936625310857547,
      0.06197219935008162,
      0.0,
      0.04715751111285063,
      0.0,
      0.0
    ],
    [
      1.6448622432326443e-16,
      0.08340933673824535,
      0.28859086571756654,
      0.0,
      0.13951613614981836,
      3.1459666110718406e-18,
      0.13554509591033542,
      0.02605178338727248,
      1.4877329822943912e-17,
      1.0172242153906252e-15,
      0.05028379062665163,
      0.0,
      0.09685354811128205,
      0.047756447868505636,
      0.0
    ],
    [
      0.0,
      0.17796384685584968,
      0.239539876323903,
      0.0,
      0.04652313857852612,
      0.0,
      0.14466666986533294,
      2.5561435812248884e-16,
      0.0,
      0.08936625310857242,
      0.13772783529875415,
      0.0,
      0.05710595838509804,
      0.18715684808626346,
      2.366033678522621e-16
    ],
    [
      0.0,
      0.17882372190143564,
      0.2328889512803859,
      0.0,
      0.0,
      3.251132901963406e-16,
      0.14986011813466907,
      0.0,
      0.0,
      0.10032621807419267,
      0.14510857814922273,
      0.0,
      1.035767317057835e-15,
      0.0868591688406985,
      0.1606605541699389
    ],
    [
      6.193097780542858e-17,
      0.21923724405037087,
      0.12102885875030625,
      2.374332350530453e-16,
      0.0,
      0.06642387313342145,
      0.0862932823411442,
      0.0,
      0.0,
      0.03442242889826696,
      0.19486393041030423,
      0.0,
      0.07512047123293322,
      0.0,
      0.21020118543596195
    ],
    [
      0.0,
      0.26268335724544745,
      0.08255491561081586,
      0.051448266664172994,
      0.0,
      0.09203427221752107,
      0.03486125659950051,
      0.0,
      0.0,
      0.0,
      0.17971922261186973,
      0.0,
      0.07545497393399342,
      1.7016054463294572e-16,
      0.20477276645102047
    ],
    [
      0.0,
      0.30513840801274084,
      0.1217449127985436,
      0.15040349547701262,
      0.0,
      0.07422813785309086,
      8.687889418551439e-05,
      0.0,
      0.0,
      0.0,
      0.10009365824684506,
      1.4936209070387503e-15,
      0.0,
      0.08647638797313296,
      0.14558148894052164
    ],
    [
      0.0,
      0.25855976017266835,
      0.11572414200768014,
      0.21316025145822662,
      0.0,
      0.04784832196925391,
      0.0,
      0.0,
      1.9042982173368204e-17,
      2.448563188556976e-16,
      0.04964904379770007,
      0.044536555649678455,
      0.0,
      1.701605446329453e-16,
      0.18417509007577718
    ],
    [
      0.0,
      0.2331976519784299,
      0.10650797754731217,
      0.29043581784031636,
      0.0,
      0.015343769122971045,
      0.0,
      0.0,
      0.0,
      0.02250963377736177,
      0.0,
      0.08939794415138318,
      3.0689401986899156e-16,
      0.0,
      0.13900245560413133
    ]
  ],
  "B": [
    [
      0.0,
      0.0,
      0.02387676298141194,
      0.060378608894840105,
      0.06981321705897169,
      0.0833041121757711,
      0.07017362268552021,
      0.07454665040744722,
      0.09647929594660652,
      0.08360609815650397,
      0.06135348403062046,
      0.045797284764495245,
      0.01865441011143572,
      6.963535542711795e-17,
      0.0,
      4.938590044774157e-18,
      0.0,
      0.0,
      0.0,
      0.0,
      0.0,
      0.0
    ],
    [
      0.045134351281498106,
      0.0,
      6.644444295408619e-17,
      7.382715883787389e-18,
      0.0,
      0.0,
      0.0,
      0.0,
      0.0,
      0.0,
      0.0,
      0.0,
      0.0,
      6.745706689813639e-16,
      0.04154539018671557,
      0.11070981446855464,
      0.16344720684245106,
      0.20187799814445292,
      0.2113976571170063,
      0.1923889799840191,
      0.19315905579573173,
      0.11130769342420016
    ],
    [
      2.0933411945639698e-16,
      0.0,
      3.9112427582642666e-16,
      0.0,
      0.0,
      0.0,
      0.0,
      3.7420008712686325e-16,
      0.0,
      0.0,
      1.7641695056432858e-16,
      0.0,
      0.056688046218732045,
      0.11098887526912474,
      0.10134699705578577,
      0.07356270838517864,
      0.05290908775116363,
      0.060125216287381496,
      0.06564434918399077,
      0.07140665356125472,
      0.05853061703089552,
      0.02005169537950683
    ],
    [
      0.19449007053984815,
      0.19367798450693863,
      0.17124037259501357,
      0.16694552446817718,
      0.12986470567784802,
      0.10368188025229366,
      0.03578795927347516,
      5.637554570050931e-16,
      0.0,
      0.0,
      0.0,
      0.0,
      0.0,
      0.0,
      0.0,
      0.0,
      0.0,
      0.0,
      0.021242513177008846,
      0.057771188024775766,
      0.05554701604656059,
      0.147168510601714
    ],
    [
      0.0,
      0.0,
      0.0,
      0.0,
      0.0,
      0.010865735922592747,
      0.06982383401172262,
      0.14881052493757313,
      0.24083155037703735,
      0.1978992882394393,
      0.1866127999481943,
      0.2098441162927914,
      0.19356120209012947,
      0.1939703285196362,
      0.15571310258987633,
      0.14222911397141852,
      0.1938697082526019,
      0.10575905999339567,
      0.03752907511708296,
      0.0,
      0.0,
      0.0
    ],
    [
      0.048785557855639226,
      0.14240435780833677,
      0.1569888404304621,
      0.1240908074018997,
      0.07236504180144307,
      0.0012667871265248558,
      0.0,
      0.0,
      0.0,
      0.0,
      9.670439242734833e-16,
      0.11999844740311284,
      0.07677509641645398,
      0.14745414916584115,
      0.28824905034749115,
      0.16031261879540795,
      3.352002204992037e-16,
      0.0,
      0.0,
      0.0,
      0.0,
      0.0
    ],
    [
      0.0,
      0.0,
      0.0,
      0.0,
      0.0,
      0.0,
      2.592132044656831e-17,
      1.09486720171933e-15,
      4.4875035698777375e-13,
      0.11027530487078063,
      0.200871238718226,
      0.29237081193307396,
      0.21502463337310773,
      0.14448008161715548,
      0.24872533114999204,
      0.26125180616114174,
      0.16638770184323926,
      0.14348097500421408,
      0.1057773768279677,
      0.043464940301546406,
      0.0,
      0.0
    ],
    [
      0.0,
      0.0,
      0.0,
      3.280043066115377e-16,
      0.07067571707846088,
      0.1318289107862651,
      0.18940209854290738,
      0.18400889628670758,
      0.11601555347572855,
      0.15457410906904398,
      0.1800505920278701,
      0.10488324711469323,
      0.15454680265515577,
      0.11694909174604709,
      1.3636596549756975e-16,
      2.3388840239893354e-16,
      0.0,
      0.0,
      0.0,
      0.0,
      0.0,
      0.0
    ],
    [
      0.04308651867890237,
      0.1149751006102899,
      0.24392414833316398,
      0.34789188370261465,
      0.35468378327311234,
      0.3349987846767028,
      0.29480857198502075,
      0.2780623211796042,
      0.28595853849957403,
      0.166069768821223,
      0.07881655609111225,
      0.04143759595022713,
      0.0,
      0.0,
      0.0,
      0.0,
      0.028852033312095227,
      0.0,
      3.915414093286104e-17,
      0.027040302772754987,
      0.10269583574839583,
      0.038879830094613724
    ],
    [
      0.0,
      0.0,
      0.0,
      0.02060317410679975,
      0.0,
      0.0,
      2.1698643819957625e-16,
      0.05348920837369904,
      0.15637137288842695,
      0.08179735353669182,
      1.6820784869993274e-16,
      0.0,
      0.0,
      0.07127816546068395,
      0.07404237992553729,
      1.526474361752831e-16,
      0.0,
      9.083153226958993e-17,
      0.0,
      0.01317002284049519,
      0.0,
      3.431413441295618e-16
    ],
    [
      0.0,
      0.0,
      0.0,
      0.0,
      0.0,
      0.0,
      0.0,
      0.0,
      9.095701168311121e-17,
      1.0237982887960649e-16,
      0.03708487276352236,
      0.029688873093406374,
      0.10985938492486486,
      0.1343937039922015,
      0.05484889920218349,
      0.06661086903894956,
      0.10321915208289822,
      0.033874718030480915,
      0.0,
      0.0,
      0.0,
      0.0
    ],
    [
      8.720821206427741e-16,
      0.08581173087087086,
      0.13872685064594326,
      0.1009829204320814,
      0.1286681542771546,
      0.09903270458781738,
      0.18096545504142492,
      0.16201855761886863,
      0.04134195932328507,
      0.0,
      0.0,
      0.0,
      0.0,
      0.0,
      0.0,
      0.0,
      0.0,
      0.0,
      2.6916114834653492e-17,
      4.8449006702376283e-17,
      0.08581173087088786,
      8.613156747089167e-17
    ],
    [
      0.0874161196845419,
      0.03904422495203905,
      0.0,
      3.8005898755903206e-17,
      5.104883219259829e-16,
      0.023390209564056106,
      6.391901154401903e-17,
      0.0,
      0.02440168455512729,
      0.04468112083551135,
      0.026779681332394167,
      0.0,
      0.0,
      0.0,
      0.0,
      0.0,
      0.0,
      0.052907273347531605,
      0.08452588506730924,
      0.09682244208088939,
      0.06177387527077989,
      0.09520295070383
    ],
    [
      0.0723873100545874,
      0.07191022241163017,
      0.0385545524059456,
      2.444551435003224e-16,
      0.0,
      6.954327358198825e-16,
      0.021197859669198543,
      0.021291690312504358,
      0.0,
      0.02118090172885383,
      0.040315472671492956,
      0.04375550921755337,
      0.034191788261517836,
      0.012299329263616803,
      7.417949182078747e-17,
      0.0,
      0.0,
      0.0,
      0.0,
      0.0,
      3.668513050050183e-15,
      0.04775196623599614
    ],
    [
      0.15328650538343652,
      0.12651507906680545,
      0.0768037440414576,
      0.03204713189130477,
      0.01146036425419493,
      0.0,
      0.0,
      0.0,
      0.0,
      0.0,
      2.3142409952258168e-17,
      0.0,
      1.0061917370547029e-17,
      2.0123834741094057e-18,
      0.0,
      0.02067305407353117,
      0.058795054489021586,
      0.07809758222330035,
      0.09181328176268047,
      0.10178259840329094,
      0.10061269136394764,
      0.1444127429977554
    ]
  ],
  "M": [
    [
      0.09090909090909091,
      0.0890678624370226,
      0.08369334240141732,
      0.07522094245205842,
      0.0643370460455403,
      0.05192340173969478,
      0.03898568916939615,
      0.026572044863550626,
      0.015688148457032498,
      0.007215748507673588,
      0.0018412284720683,
      0.0,
      0.001841228472068297,
      0.007215748507673581,
      0.01568814845703249,
      0.02657204486355058,
      0.038985689169396126,
      0.051923401739694765,
      0.06433704604554027,
      0.07522094245205839,
      0.08369334240141732,
      0.0890678624370226
    ],
    [
      0.0890678624370226,
      0.09090909090909088,
      0.0890678624370226,
      0.08369334240141733,
      0.0752209424520584,
      0.0643370460455403,
      0.05192340173969479,
      0.03898568916939613,
      0.026572044863550616,
      0.015688148457032505,
      0.007215748507673579,
      0.0018412284720683077,
      0.0,
      0.0018412284720683,
      0.007215748507673579,
      0.015688148457032466,
      0.026572044863550602,
      0.038985689169396105,
      0.051923401739694765,
      0.06433704604554026,
      0.0752209424520584,
      0.08369334240141732
    ],
    [
      0.08369334240141732,
      0.0890678624370226,
      0.09090909090909088,
      0.08906786243702262,
      0.08369334240141732,
      0.0752209424520584,
      0.0643370460455403,
      0.05192340173969478,
      0.038985689169396126,
      0.026572044863550626,
      0.01568814845703249,
      0.007215748507673597,
      0.0018412284720683027,
      0.0,
      0.001841228472068297,
      0.007215748507673561,
      0.015688148457032494,
      0.026572044863550602,
      0.038985689169396105,
      0.051923401739694744,
      0.06433704604554027,
      0.0752209424520584
    ],
    [
      0.07522094245205842,
      0.08369334240141733,
      0.08906786243702262,
      0.09090909090909091,
      0.08906786243702262,
      0.08369334240141732,
      0.07522094245205842,
      0.0643370460455403,
      0.05192340173969478,
      0.03898568916939613,
      0.026572044863550616,
      0.015688148457032515,
      0.007215748507673591,
      0.0018412284720682982,
      0.0,
      0.0018412284720682912,
      0.007215748507673579,
      0.015688148457032484,
      0.026572044863550602,
      0.038985689169396126,
      0.05192340173969479,
      0.0643370460455403
    ],
    [
      0.0643370460455403,
      0.0752209424520584,
      0.08369334240141732,
      0.08906786243702262,
      0.09090909090909091,
      0.08906786243702262,
      0.08369334240141733,
      0.07522094245205842,
      0.0643370460455403,
      0.05192340173969479,
      0.038985689169396126,
      0.026572044863550637,
      0.015688148457032505,
      0.007215748507673581,
      0.0018412284720683027,
      0.0,
      0.0018412284720683,
      0.007215748507673577,
      0.015688148457032484,
      0.02657204486355058,
      0.03898568916939613,
      0.05192340173969478
    ],
    [
      0.05192340173969478,
      0.0643370460455403,
      0.0752209424520584,
      0.08369334240141732,
      0.08906786243702262,
      0.09090909090909091,
      0.08906786243702262,
      0.08369334240141733,
      0.07522094245205842,
      0.0643370460455403,
      0.05192340173969478,
      0.03898568916939616,
      0.026572044863550637,
      0.015688148457032498,
      0.007215748507673591,
      0.001841228472068314,
      0.0,
      0.0018412284720682943,
      0.007215748507673573,
      0.015688148457032473,
      0.026572044863550616,
      0.038985689169396126
    ],
    [
      0.03898568916939615,
      0.05192340173969479,
      0.0643370460455403,
      0.07522094245205842,
      0.08369334240141733,
      0.08906786243702262,
      0.09090909090909091,
      0.0890678624370226,
      0.0836933424014173,
      0.0752209424520584,
      0.06433704604554026,
      0.05192340173969479,
      0.038985689169396126,
      0.026572044863550602,
      0.01568814845703249,
      0.0072157485076735925,
      0.0018412284720682982,
      0.0,
      0.0018412284720683012,
      0.007215748507673577,
      0.01568814845703251,
      0.026572044863550626
    ],
    [
      0.026572044863550626,
      0.03898568916939613,
      0.05192340173969478,
      0.0643370460455403,
      0.07522094245205842,
      0.08369334240141733,
      0.0890678624370226,
      0.09090909090909091,
      0.08906786243702258,
      0.08369334240141732,
      0.07522094245205839,
      0.0643370460455403,
      0.05192340173969478,
      0.038985689169396126,
      0.026572044863550616,
      0.015688148457032522,
      0.007215748507673584,
      0.0018412284720683042,
      0.0,
      0.0018412284720682943,
      0.007215748507673591,
      0.015688148457032498
    ],
    [
      0.015688148457032498,
      0.026572044863550616,
      0.038985689169396126,
      0.05192340173969478,
      0.0643370460455403,
      0.07522094245205842,
      0.0836933424014173,
      0.08906786243702258,
      0.09090909090909091,
      0.08906786243702262,
      0.08369334240141732,
      0.07522094245205842,
      0.06433704604554032,
      0.05192340173969478,
      0.03898568916939615,
      0.026572044863550647,
      0.015688148457032505,
      0.0072157485076735925,
      0.0018412284720683042,
      0.0,
      0.0018412284720683027,
      0.007215748507673581
    ],
    [
      0.007215748507673588,
      0.015688148457032505,
      0.026572044863550626,
      0.03898568916939613,
      0.05192340173969479,
      0.0643370460455403,
      0.0752209424520584,
      0.08369334240141732,
      0.08906786243702262,
      0.09090909090909091,
      0.0890678624370226,
      0.08369334240141733,
      0.07522094245205842,
      0.06433704604554027,
      0.05192340173969479,
      0.03898568916939616,
      0.026572044863550626,
      0.015688148457032498,
      0.007215748507673591,
      0.0018412284720683055,
      0.0,
      0.001841228472068302
    ],
    [
      0.0018412284720683,
      0.007215748507673579,
      0.01568814845703249,
      0.026572044863550616,
      0.038985689169396126,
      0.05192340173969478,
      0.06433704604554026,
      0.07522094245205839,
      0.08369334240141732,
      0.0890678624370226,
      0.09090909090909088,
      0.0890678624370226,
      0.08369334240141733,
      0.0752209424520584,
      0.0643370460455403,
      0.05192340173969483,
      0.03898568916939615,
      0.026572044863550626,
      0.01568814845703251,
      0.007215748507673602,
      0.0018412284720682993,
      0.0
    ],
    [
      0.0,
      0.0018412284720683077,
      0.007215748507673597,
      0.015688148457032515,
      0.026572044863550637,
      0.03898568916939616,
      0.05192340173969479,
      0.0643370460455403,
      0.07522094245205842,
      0.08369334240141733,
      0.0890678624370226,
      0.09090909090909091,
      0.08906786243702262,
      0.0836933424014173,
      0.0752209424520584,
      0.06433704604554032,
      0.051923401739694765,
      0.038985689169396126,
      0.026572044863550616,
      0.015688148457032498,
      0.007215748507673565,
      0.0018412284720682943
    ],
    [
      0.001841228472068297,
      0.0,
      0.0018412284720683027,
      0.007215748507673591,
      0.015688148457032505,
      0.026572044863550637,
      0.038985689169396126,
      0.05192340173969478,
      0.06433704604554032,
      0.07522094245205842,
      0.08369334240141733,
      0.08906786243702262,
      0.09090909090909095,
      0.08906786243702262,
      0.08369334240141733,
      0.07522094245205845,
      0.0643370460455403,
      0.05192340173969479,
      0.03898568916939615,
      0.026572044863550637,
      0.01568814845703248,
      0.007215748507673579
    ],
    [
      0.007215748507673581,
      0.0018412284720683,
      0.0,
      0.0018412284720682982,
      0.007215748507673581,
      0.015688148457032498,
      0.026572044863550602,
      0.038985689169396126,
      0.05192340173969478,
      0.06433704604554027,
      0.0752209424520584,
      0.0836933424014173,
      0.08906786243702262,
      0.09090909090909088,
      0.08906786243702262,
      0.08369334240141733,
      0.07522094245205842,
      0.0643370460455403,
      0.05192340173969479,
      0.03898568916939615,
      0.026572044863550602,
      0.015688148457032498
    ],
    [
      0.01568814845703249,
      0.007215748507673579,
      0.001841228472068297,
      0.0,
      0.0018412284720683027,
      0.007215748507673591,
      0.01568814845703249,
      0.026572044863550616,
      0.03898568916939615,
      0.05192340173969479,
      0.0643370460455403,
      0.0752209424520584,
      0.08369334240141733,
      0.08906786243702262,
      0.09090909090909091,
      0.08906786243702262,
      0.08369334240141733,
      0.07522094245205842,
      0.0643370460455403,
      0.05192340173969479,
      0.038985689169396105,
      0.026572044863550602
    ],
    [
      0.02657204486355058,
      0.015688148457032466,
      0.007215748507673561,
      0.0018412284720682912,
      0.0,
      0.001841228472068314,
      0.0072157485076735925,
      0.015688148457032522,
      0.026572044863550647,
      0.03898568916939616,
      0.05192340173969483,
      0.06433704604554032,
      0.07522094245205845,
      0.08369334240141733,
      0.08906786243702262,
      0.09090909090909091,
      0.08906786243702262,
      0.08369334240141732,
      0.0752209424520584,
      0.06433704604554027,
      0.05192340173969474,
      0.03898568916939609
    ],
    [
      0.038985689169396126,
      0.026572044863550602,
      0.015688148457032494,
      0.007215748507673579,
      0.0018412284720683,
      0.0,
      0.0018412284720682982,
      0.007215748507673584,
      0.015688148457032505,
      0.026572044863550626,
      0.03898568916939615,
      0.051923401739694765,
      0.0643370460455403,
      0.07522094245205842,
      0.08369334240141733,
      0.08906786243702262,
      0.09090909090909091,
      0.08906786243702262,
      0.08369334240141733,
      0.07522094245205842,
      0.06433704604554027,
      0.051923401739694765
    ],
    [
      0.051923401739694765,
      0.038985689169396105,
      0.026572044863550602,
      0.015688148457032484,
      0.007215748507673577,
      0.0018412284720682943,
      0.0,
      0.0018412284720683042,
      0.0072157485076735925,
      0.015688148457032498,
      0.026572044863550626,
      0.038985689169396126,
      0.05192340173969479,
      0.0643370460455403,
      0.07522094245205842,
      0.08369334240141732,
      0.08906786243702262,
      0.09090909090909091,
      0.08906786243702262,
      0.08369334240141733,
      0.07522094245205839,
      0.06433704604554027
    ],
    [
      0.06433704604554027,
      0.051923401739694765,
      0.038985689169396105,
      0.026572044863550602,
      0.015688148457032484,
      0.007215748507673573,
      0.0018412284720683012,
      0.0,
      0.0018412284720683042,
      0.007215748507673591,
      0.01568814845703251,
      0.026572044863550616,
      0.03898568916939615,
      0.05192340173969479,
      0.0643370460455403,
      0.0752209424520584,
      0.08369334240141733,
      0.08906786243702262,
      0.09090909090909091,
      0.08906786243702262,
      0.0836933424014173,
      0.07522094245205839
    ],
    [
      0.07522094245205839,
      0.06433704604554026,
      0.051923401739694744,
      0.038985689169396126,
      0.02657204486355058,
      0.015688148457032473,
      0.007215748507673577,
      0.0018412284720682943,
      0.0,
      0.0018412284720683055,
      0.007215748507673602,
      0.015688148457032498,
      0.026572044863550637,
      0.03898568916939615,
      0.05192340173969479,
      0.06433704604554027,
      0.07522094245205842,
      0.08369334240141733,
      0.08906786243702262,
      0.09090909090909091,
      0.0890678624370226,
      0.0836933424014173
    ],
    [
      0.08369334240141732,
