{
  "k": 5,
  "M_approx": [
    [
      0.09999999999999998,
      0.09817718381265238,
      0.09285640897740316,
      0.08446873302753787,
      0.07369367558508493,
      0.061404167722297835,
      0.048595832277702186,
      0.03630632441491511,
      0.025531266972462188,
      0.017143591022596865,
      0.011822816187347637,
      0.010000000000000007,
      0.011822816187347615,
      0.017143591022596858,
      0.025531266972462167,
      0.036306324414915075,
      0.04859583227770216,
      0.061404167722297814,
      0.07369367558508491,
      0.08446873302753782,
      0.09285640897740317,
      0.0981771838126524
    ],
    [
      0.09817718381265234,
      0.09999999999999998,
      0.09817718381265238,
      0.09285640897740317,
      0.08446873302753787,
      0.07369367558508491,
      0.06140416772229787,
      0.04859583227770221,
      0.036306324414915166,
      0.025531266972462233,
      0.017143591022596914,
      0.011822816187347672,
      0.010000000000000031,
      0.011822816187347658,
      0.017143591022596858,
      0.025531266972462153,
      0.036306324414915096,
      0.048595832277702124,
      0.061404167722297835,
      0.07369367558508486,
      0.08446873302753782,
      0.09285640897740315
    ],
    [
      0.09285640897740309,
      0.09817718381265235,
      0.09999999999999995,
      0.09817718381265236,
      0.09285640897740315,
      0.08446873302753781,
      0.07369367558508488,
      0.061404167722297814,
      0.04859583227770218,
      0.03630632441491513,
      0.025531266972462174,
      0.017143591022596844,
      0.011822816187347606,
      0.009999999999999997,
      0.011822816187347606,
      0.017143591022596837,
      0.02553126697246217,
      0.036306324414915096,
      0.04859583227770218,
      0.061404167722297794,
      0.07369367558508488,
      0.08446873302753781
    ],
    [
      0.0844687330275378,
      0.09285640897740316,
      0.09817718381265235,
      0.09999999999999999,
      0.0981771838126524,
      0.09285640897740315,
      0.08446873302753784,
      0.07369367558508488,
      0.06140416772229785,
      0.04859583227770219,
      0.03630632441491511,
      0.025531266972462174,
      0.017143591022596834,
      0.011822816187347613,
      0.009999999999999995,
      0.01182281618734763,
      0.017143591022596858,
      0.02553126697246218,
      0.03630632441491513,
      0.04859583227770215,
      0.06140416772229785,
      0.07369367558508488
    ],
    [
      0.07369367558508488,
      0.08446873302753784,
      0.09285640897740312,
      0.09817718381265238,
      0.10000000000000002,
      0.09817718381265238,
      0.09285640897740316,
      0.08446873302753782,
      0.0736936755850849,
      0.06140416772229785,
      0.04859583227770216,
      0.0363063244149151,
      0.02553126697246216,
      0.017143591022596834,
      0.011822816187347604,
      0.01000000000000001,
      0.011822816187347611,
      0.017143591022596844,
      0.025531266972462174,
      0.03630632441491508,
      0.04859583227770218,
      0.06140416772229782
    ],
    [
      0.061404167722297835,
      0.07369367558508491,
      0.0844687330275378,
      0.09285640897740313,
      0.09817718381265239,
      0.09999999999999998,
      0.09817718381265236,
      0.09285640897740312,
      0.08446873302753781,
      0.07369367558508488,
      0.06140416772229781,
      0.04859583227770218,
      0.03630632441491511,
      0.025531266972462167,
      0.01714359102259684,
      0.011822816187347648,
      0.010000000000000002,
      0.01182281618734763,
      0.017143591022596848,
      0.025531266972462153,
      0.036306324414915124,
      0.048595832277702165
    ],
    [
      0.04859583227770219,
      0.06140416772229788,
      0.07369367558508487,
      0.08446873302753781,
      0.09285640897740313,
      0.09817718381265235,
      0.09999999999999995,
      0.09817718381265231,
      0.0928564089774031,
      0.08446873302753781,
      0.07369367558508484,
      0.06140416772229782,
      0.048595832277702165,
      0.036306324414915096,
      0.025531266972462156,
      0.017143591022596865,
      0.011822816187347597,
      0.010000000000000002,
      0.0118228161873476,
      0.017143591022596823,
      0.025531266972462184,
      0.03630632441491512
    ],
    [
      0.03630632441491515,
      0.04859583227770223,
      0.06140416772229782,
      0.07369367558508488,
      0.08446873302753784,
      0.09285640897740313,
      0.09817718381265234,
      0.09999999999999994,
      0.09817718381265234,
      0.09285640897740313,
      0.08446873302753778,
      0.07369367558508487,
      0.061404167722297835,
      0.048595832277702145,
      0.03630632441491509,
      0.02553126697246219,
      0.01714359102259682,
      0.011822816187347622,
      0.009999999999999983,
      0.011822816187347603,
      0.017143591022596858,
      0.025531266972462184
    ],
    [
      0.02553126697246219,
      0.03630632441491514,
      0.048595832277702145,
      0.06140416772229782,
      0.07369367558508488,
      0.08446873302753782,
      0.09285640897740313,
      0.09817718381265236,
      0.09999999999999998,
      0.09817718381265236,
      0.09285640897740309,
      0.0844687330275378,
      0.07369367558508486,
      0.06140416772229781,
      0.048595832277702165,
      0.03630632441491518,
      0.02553126697246219,
      0.017143591022596903,
      0.011822816187347642,
      0.010000000000000012,
      0.01182281618734763,
      0.01714359102259685
    ],
    [
      0.01714359102259688,
      0.025531266972462212,
      0.03630632441491512,
      0.04859583227770218,
      0.06140416772229784,
      0.0736936755850849,
      0.08446873302753781,
      0.09285640897740315,
      0.09817718381265238,
      0.09999999999999999,
      0.09817718381265236,
      0.09285640897740316,
      0.08446873302753782,
      0.07369367558508488,
      0.06140416772229785,
      0.048595832277702235,
      0.0363063244149151,
      0.0255312669724622,
      0.017143591022596858,
      0.01182281618734763,
      0.010000000000000009,
      0.011822816187347632
    ],
    [
      0.011822816187347625,
      0.017143591022596848,
      0.02553126697246217,
      0.036306324414915096,
      0.04859583227770215,
      0.0614041677222978,
      0.07369367558508481,
      0.08446873302753778,
      0.0928564089774031,
      0.09817718381265236,
      0.1,
      0.0981771838126524,
      0.09285640897740319,
      0.08446873302753785,
      0.07369367558508491,
      0.06140416772229788,
      0.04859583227770213,
      0.0363063244149151,
      0.02553126697246216,
      0.017143591022596848,
      0.011822816187347604,
      0.01
    ],
    [
      0.010000000000000014,
      0.011822816187347623,
      0.017143591022596875,
      0.025531266972462184,
      0.03630632441491513,
      0.04859583227770217,
      0.0614041677222978,
      0.07369367558508488,
      0.08446873302753781,
      0.09285640897740315,
      0.0981771838126524,
      0.10000000000000003,
      0.09817718381265243,
      0.09285640897740317,
      0.08446873302753785,
      0.07369367558508493,
      0.06140416772229777,
      0.04859583227770214,
      0.03630632441491509,
      0.025531266972462167,
      0.017143591022596827,
      0.01182281618734762
    ],
    [
      0.011822816187347604,
      0.009999999999999978,
      0.011822816187347629,
      0.017143591022596858,
      0.025531266972462188,
      0.03630632441491513,
      0.04859583227770217,
      0.06140416772229787,
      0.07369367558508491,
      0.08446873302753785,
      0.09285640897740319,
      0.09817718381265243,
      0.10000000000000002,
      0.09817718381265242,
      0.09285640897740319,
      0.08446873302753788,
      0.07369367558508486,
      0.06140416772229783,
      0.04859583227770217,
      0.03630632441491511,
      0.02553126697246214,
      0.01714359102259683
    ],
    [
      0.017143591022596827,
      0.011822816187347582,
      0.010000000000000002,
      0.011822816187347622,
      0.01714359102259685,
      0.02553126697246219,
      0.036306324414915124,
      0.04859583227770221,
      0.06140416772229784,
      0.07369367558508488,
      0.08446873302753784,
      0.09285640897740315,
      0.09817718381265238,
      0.1,
      0.09817718381265239,
      0.09285640897740319,
      0.08446873302753782,
      0.07369367558508491,
      0.061404167722297856,
      0.04859583227770218,
      0.03630632441491508,
      0.025531266972462156
    ],
    [
      0.025531266972462156,
      0.017143591022596823,
      0.011822816187347608,
      0.009999999999999993,
      0.011822816187347597,
      0.017143591022596834,
      0.025531266972462153,
      0.0363063244149151,
      0.04859583227770216,
      0.06140416772229783,
      0.07369367558508488,
      0.08446873302753781,
      0.09285640897740315,
      0.0981771838126524,
      0.10000000000000002,
      0.0981771838126524,
      0.09285640897740313,
      0.08446873302753785,
      0.0736936755850849,
      0.061404167722297835,
      0.04859583227770214,
      0.036306324414915096
    ],
    [
      0.036306324414915075,
      0.025531266972462142,
      0.01714359102259682,
      0.011822816187347613,
      0.009999999999999988,
      0.011822816187347622,
      0.017143591022596865,
      0.02553126697246219,
      0.03630632441491514,
      0.0485958322777022,
      0.06140416772229785,
      0.0736936755850849,
      0.08446873302753785,
      0.09285640897740317,
      0.09817718381265239,
      0.10000000000000002,
      0.09817718381265238,
      0.09285640897740315,
      0.08446873302753782,
      0.07369367558508487,
      0.06140416772229778,
      0.048595832277702124
    ],
    [
      0.04859583227770216,
      0.03630632441491511,
      0.025531266972462156,
      0.017143591022596848,
      0.011822816187347599,
      0.009999999999999988,
      0.011822816187347618,
      0.017143591022596837,
      0.025531266972462188,
      0.03630632441491514,
      0.048595832277702186,
      0.061404167722297856,
      0.07369367558508494,
      0.08446873302753788,
      0.0928564089774032,
      0.0981771838126524,
      0.10000000000000002,
      0.09817718381265242,
      0.09285640897740319,
      0.08446873302753782,
      0.07369367558508488,
      0.06140416772229783
    ],
    [
      0.061404167722297814,
      0.048595832277702165,
      0.036306324414915096,
      0.025531266972462184,
      0.017143591022596844,
      0.011822816187347622,
      0.010000000000000024,
      0.011822816187347623,
      0.017143591022596872,
      0.025531266972462205,
      0.03630632441491512,
      0.04859583227770217,
      0.061404167722297856,
      0.07369367558508491,
      0.08446873302753784,
      0.09285640897740316,
      0.0981771838126524,
      0.10000000000000002,
      0.0981771838126524,
      0.09285640897740315,
      0.08446873302753781,
      0.07369367558508487
    ],
    [
      0.07369367558508487,
      0.06140416772229782,
      0.048595832277702145,
      0.03630632441491512,
      0.02553126697246216,
      0.017143591022596834,
      0.011822816187347625,
      0.009999999999999986,
      0.011822816187347623,
      0.01714359102259685,
      0.025531266972462167,
      0.036306324414915096,
      0.04859583227770217,
      0.061404167722297835,
      0.0736936755850849,
      0.0844687330275378,
      0.09285640897740316,
      0.09817718381265239,
      0.10000000000000002,
      0.09817718381265238,
      0.09285640897740315,
      0.08446873302753782
    ],
    [
      0.08446873302753778,
      0.07369367558508487,
      0.06140416772229781,
      0.04859583227770217,
      0.036306324414915096,
      0.025531266972462136,
      0.017143591022596827,
      0.01182281618734758,
      0.00999999999999999,
      0.011822816187347623,
      0.017143591022596865,
      0.025531266972462188,
      0.03630632441491514,
      0.04859583227770219,
      0.06140416772229782,
      0.07369367558508484,
      0.0844687330275378,
      0.09285640897740312,
      0.09817718381265236,
      0.09999999999999998,
      0.09817718381265238,
      0.09285640897740315
    ],
    [
      0.0928564089774031,
      0.0844687330275378,
      0.07369367558508487,
      0.06140416772229785,
      0.04859583227770218,
      0.03630632441491512,
      0.025531266972462205,
      0.017143591022596858,
      0.011822816187347644,
      0.010000000000000018,
      0.011822816187347622,
      0.017143591022596823,
      0.02553126697246215,
      0.036306324414915096,
      0.04859583227770213,
      0.061404167722297766,
      0.07369367558508486,
      0.08446873302753778,
      0.09285640897740313,
      0.09817718381265235,
      0.09999999999999998,
      0.09817718381265236
    ],
    [
      0.09817718381265235,
      0.09285640897740313,
      0.08446873302753781,
      0.07369367558508491,
      0.06140416772229785,
      0.048595832277702165,
      0.03630632441491513,
      0.025531266972462174,
      0.017143591022596865,
      0.01182281618734763,
      0.010000000000000012,
      0.011822816187347611,
      0.017143591022596834,
      0.025531266972462167,
      0.03630632441491509,
      0.04859583227770211,
      0.0614041677222978,
      0.07369367558508486,
      0.08446873302753782,
      0.09285640897740312,
      0.09817718381265238,
      0.09999999999999999
    ]
  ],
  "A": [
    [
      5.228989059770949e-15,
      0.08458325756393446,
      0.08722174253935534,
      0.3009870111670905,
      0.01975613327335146
    ],
    [
      0.0,
      0.11792131636191125,
      0.04953401297082913,
      0.315145287306471,
      0.046191244756523794
    ],
    [
      0.006264241205519375,
      0.19321814547722693,
      0.03850387786334864,
      0.2829245989488794,
      0.002518728553157363
    ],
    [
      0.02999158231219257,
      0.24053957172879387,
      0.0166999888920513,
      0.25455507551490425,
      0.006733158896464156
    ],
    [
      0.06473109982181516,
      0.2807465079196711,
      0.0007150138837598098,
      0.21391302675731372,
      0.014214893923514493
    ],
    [
      0.10517714319202758,
      0.3241663361940127,
      1.263721719793335e-15,
      0.15415692554065108,
      1.7048686510182907e-14
    ],
    [
      0.15241300556754356,
      0.34350665352880433,
      0.00033887598859776055,
      0.09786369150763888,
      0.007869019287461974
    ],
    [
      0.20310411365077144,
      0.3345167087790845,
      9.280978469547556e-05,
      0.05159604975540148,
      0.04199679174041669
    ],
    [
      0.25292438173555504,
      0.29912115481272916,
      4.628578100866691e-13,
      0.01820986687200171,
      0.09747341136632452
    ],
    [
      0.2978584280590622,
      0.24007432543649465,
      2.13593010450878e-13,
      0.0004943418890159766,
      0.17000746973655045
    ],
    [
      0.33429431216013683,
      0.16200525951697037,
      0.0,
      4.038117167155078e-14,
      0.253999862915154
    ],
    [
      0.35544207527316624,
      0.09216781148829466,
      0.012565530948370493,
      0.0011538708830507415,
      0.30511938309762576
    ],
    [
      0.359126929666014,
      0.03873644820674136,
      0.03818956550669828,
      0.001985068703533212,
      0.31471219477800455
    ],
    [
      0.3460117343906155,
      0.0007974876673082628,
      0.07164876065748253,
      0.006337031005045457,
      0.2914008846174183
    ],
    [
      0.31375249950785045,
      3.0835754240587737e-15,
      0.12138486984733464,
      1.4416126340510038e-16,
      0.20376757780461086
    ],
    [
      0.27101116277373827,
      0.003426535571949732,
      0.16356667554681723,
      0.00809176369612356,
      0.11804966369039847
    ],
    [
      0.22116149514276015,
      0.011284143357968715,
      0.1950678326477233,
      0.029595232391163736,
      0.040322511549916444
    ],
    [
      0.17063171189892026,
      0.009905391907733761,
      0.20551279029455405,
      0.07248925554151657,
      0.0002478430565487074
    ],
    [
      0.12340576627034792,
      2.5569780686888524e-16,
      0.19441440199437754,
      0.13285269507660477,
      4.2120284319275416e-15
    ],
    [
      0.07939614958816174,
      0.0037103975305679423,
      0.1754839563502065,
      0.1898757977954964,
      0.0013358565114435065
    ],
    [
      0.041914256963995325,
      0.022121050446174108,
      0.1510866532785637,
      0.23790564511321116,
      0.0016637330400121096
    ],
    [
      0.014083995784698692,
      0.05326413688222026,
      0.12291305420719546,
      0.2734064613271836,
      0.0018110882331589825
    ]
  ],
  "B": [
    [
      3.4286655470343925e-16,
      1.6744483791095667e-15,
      1.4971243012620005e-13,
      1.3011381993408499e-13,
      0.009412697864398679,
      1.801849952661743e-15,
      0.008911657630359856,
      0.036690245183117906,
      0.08081269572504667,
      0.13892050218323826,
      0.2026245672490132,
      0.23601321337948075,
      0.24124560296048636,
      0.21623146845725255,
      0.1629973062806537,
      0.09365273100375966,
      0.04790652659229503,
      0.014192308216540508,
      3.869088658040781e-15,
      0.0004589637782983593,
      4.0436865216708325e-15,
      4.4016121421118845e-15
    ],
    [
      0.06916795921864793,
      0.10582120033448508,
      0.1450739284488307,
      0.1837461209749946,
      0.21338796777932176,
      0.24711778292092837,
      0.261649453682321,
      0.2550914252660087,
      0.22812897608371152,
      0.18225956071910634,
      0.12327879120480308,
      0.07333468680910624,
      0.033725898920334355,
      0.008602555356541206,
      2.1775341488549486e-16,
      0.004211035161072044,
      0.0016380582281134133,
      0.001116263305795723,
      9.048864129686142e-16,
      0.0017803687605170734,
      0.01508648808071581,
      0.038083632711386185
    ],
    [
      0.2062538195093401,
      0.14123334353084574,
      0.0839928437776164,
      0.039169605117595645,
      0.0011685593466968316,
      2.5225964901716962e-15,
      9.166408289779525e-05,
      0.00019661230529354314,
      0.0005735572277346205,
      3.850648681376319e-14,
      0.0021310816818487133,
      0.03693621920083534,
      0.09682787690555328,
      0.17858737474864628,
      0.27559104445907956,
      0.37233766016448233,
      0.4275732918447806,
      0.4517932400411385,
      0.4383709428993916,
      0.3942950399967679,
      0.33836087102762546,
      0.27378669944112066
    ],
    [
      0.25287377562607083,
      0.25551887884929814,
      0.24287361098881627,
      0.21596241644222486,
      0.1817238332977033,
      0.12904210195141666,
      0.08057981379075374,
      0.040902353630373145,
      0.013086341685301718,
      3.683423176016444e-14,
      0.0008423917562040383,
      2.2094406197924746e-13,
      2.4671597243148826e-13,
      4.81511379965675e-13,
      2.9951168084997623e-16,
      0.00394152676798952,
      0.028739059519700565,
      0.0646630356229584,
      0.11120869829538166,
      0.16156172528681975,
      0.2037909924421075,
      0.23515259185117426
    ],
    [
      0.002430091877912562,
      1.5906977958772583e-15,
      0.007986333227198281,
      0.025742086338276324,
      0.04283170745367937,
      0.0841330657570748,
      0.11151963294766758,
      0.12156400340499235,
      0.11371301598716752,
      0.08744037261168548,
      0.048393518648390706,
      0.02912877169395068,
      0.026557506723109327,
      0.04248082528612649,
      0.07560871481436074,
      0.11580471834820862,
      0.12722675714590312,
      0.1235476098884244,
      0.10051685335351809,
      0.06575488957847675,
      0.03692413713528202,
      0.015079737269430682
    ]
  ],
  "M": [
    [
      0.09999999999999999,
      0.09817718381265236,
      0.09285640897740315,
      0.08446873302753782,
      0.0736936755850849,
      0.061404167722297835,
      0.048595832277702186,
      0.03630632441491512,
      0.02553126697246217,
      0.01714359102259685,
      0.011822816187347616,
      0.01,
      0.011822816187347615,
      0.017143591022596848,
      0.025531266972462163,
      0.036306324414915075,
      0.048595832277702165,
      0.06140416772229782,
      0.07369367558508487,
      0.0844687330275378,
      0.09285640897740315,
      0.09817718381265236
    ],
    [
      0.09817718381265236,
      0.09999999999999996,
      0.09817718381265236,
      0.09285640897740316,
      0.08446873302753781,
      0.0736936755850849,
      0.06140416772229785,
      0.04859583227770217,
      0.03630632441491511,
      0.025531266972462177,
      0.017143591022596844,
      0.011822816187347625,
      0.01,
      0.011822816187347616,
      0.017143591022596844,
      0.025531266972462142,
      0.036306324414915096,
      0.048595832277702145,
      0.06140416772229782,
      0.07369367558508486,
      0.08446873302753781,
      0.09285640897740315
    ],
    [
      0.09285640897740315,
      0.09817718381265236,
      0.09999999999999996,
      0.09817718381265239,
      0.09285640897740315,
      0.08446873302753781,
      0.0736936755850849,
      0.061404167722297835,
      0.048595832277702165,
      0.03630632441491512,
      0.025531266972462163,
      0.01714359102259686,
      0.01182281618734762,
      0.01,
      0.011822816187347615,
      0.017143591022596827,
      0.02553126697246217,
      0.036306324414915096,
      0.048595832277702145,
      0.0614041677222978,
      0.07369367558508487,
      0.08446873302753781
    ],
    [
      0.08446873302753782,
      0.09285640897740316,
      0.09817718381265239,
      0.09999999999999999,
      0.09817718381265239,
      0.09285640897740315,
      0.08446873302753782,
      0.0736936755850849,
      0.061404167722297835,
      0.04859583227770217,
      0.03630632441491511,
      0.02553126697246219,
      0.017143591022596855,
      0.011822816187347615,
      0.01,
      0.011822816187347608,
      0.017143591022596844,
      0.02553126697246216,
      0.036306324414915096,
      0.048595832277702165,
      0.06140416772229785,
      0.0736936755850849
    ],
    [
      0.0736936755850849,
      0.08446873302753781,
      0.09285640897740315,
      0.09817718381265239,
      0.09999999999999999,
      0.09817718381265239,
      0.09285640897740316,
      0.08446873302753782,
      0.0736936755850849,
      0.06140416772229785,
      0.048595832277702165,
      0.03630632441491513,
      0.025531266972462177,
      0.017143591022596848,
      0.01182281618734762,
      0.01,
      0.011822816187347616,
      0.01714359102259684,
      0.02553126697246216,
      0.036306324414915075,
      0.04859583227770217,
      0.061404167722297835
    ],
    [
      0.061404167722297835,
      0.0736936755850849,
      0.08446873302753781,
      0.09285640897740315,
      0.09817718381265239,
      0.09999999999999999,
      0.09817718381265239,
      0.09285640897740316,
      0.08446873302753782,
      0.0736936755850849,
      0.061404167722297835,
      0.0485958322777022,
      0.03630632441491513,
      0.02553126697246217,
      0.017143591022596855,
      0.01182281618734763,
      0.01,
      0.011822816187347611,
      0.017143591022596837,
      0.02553126697246215,
      0.03630632441491511,
      0.048595832277702165
    ],
    [
      0.048595832277702186,
      0.06140416772229785,
      0.0736936755850849,
      0.08446873302753782,
      0.09285640897740316,
      0.09817718381265239,
      0.09999999999999999,
      0.09817718381265236,
      0.09285640897740313,
      0.08446873302753781,
      0.07369367558508486,
      0.06140416772229785,
      0.048595832277702165,
      0.036306324414915096,
      0.025531266972462163,
      0.017143591022596855,
      0.011822816187347615,
      0.01,
      0.011822816187347618,
      0.01714359102259684,
      0.025531266972462184,
      0.03630632441491512
    ],
    [
      0.03630632441491512,
      0.04859583227770217,
      0.061404167722297835,
      0.0736936755850849,
      0.08446873302753782,
      0.09285640897740316,
      0.09817718381265236,
      0.09999999999999999,
      0.09817718381265235,
      0.09285640897740315,
      0.0844687330275378,
      0.0736936755850849,
      0.061404167722297835,
      0.048595832277702165,
      0.03630632441491511,
      0.025531266972462198,
      0.017143591022596848,
      0.011822816187347622,
      0.01,
      0.011822816187347611,
      0.017143591022596855,
      0.02553126697246217
    ],
    [
      0.02553126697246217,
      0.03630632441491511,
      0.048595832277702165,
      0.061404167722297835,
      0.0736936755850849,
      0.08446873302753782,
      0.09285640897740313,
      0.09817718381265235,
      0.09999999999999999,
      0.09817718381265239,
      0.09285640897740315,
      0.08446873302753782,
      0.07369367558508491,
      0.061404167722297835,
      0.048595832277702186,
      0.03630632441491514,
      0.025531266972462177,
      0.017143591022596855,
      0.011822816187347622,
      0.01,
      0.01182281618734762,
      0.017143591022596848
    ],
    [
      0.01714359102259685,
      0.025531266972462177,
      0.03630632441491512,
      0.04859583227770217,
      0.06140416772229785,
      0.0736936755850849,
      0.08446873302753781,
      0.09285640897740315,
      0.09817718381265239,
      0.09999999999999999,
      0.09817718381265236,
      0.09285640897740316,
      0.08446873302753782,
      0.07369367558508487,
      0.06140416772229785,
      0.0485958322777022,
      0.03630632441491512,
      0.02553126697246217,
      0.017143591022596855,
      0.011822816187347623,
      0.01,
      0.01182281618734762
    ],
    [
      0.011822816187347616,
      0.017143591022596844,
      0.025531266972462163,
      0.03630632441491511,
      0.048595832277702165,
      0.061404167722297835,
      0.07369367558508486,
      0.0844687330275378,
      0.09285640897740315,
      0.09817718381265236,
      0.09999999999999996,
      0.09817718381265236,
      0.09285640897740316,
      0.08446873302753781,
      0.0736936755850849,
      0.061404167722297884,
      0.048595832277702186,
      0.03630632441491512,
      0.025531266972462184,
      0.017143591022596865,
      0.011822816187347616,
      0.01
    ],
    [
      0.01,
      0.011822816187347625,
      0.01714359102259686,
      0.02553126697246219,
      0.03630632441491513,
      0.0485958322777022,
      0.06140416772229785,
      0.0736936755850849,
      0.08446873302753782,
      0.09285640897740316,
      0.09817718381265236,
      0.09999999999999999,
      0.09817718381265239,
      0.09285640897740313,
      0.08446873302753781,
      0.07369367558508491,
      0.06140416772229782,
      0.048595832277702165,
      0.03630632441491511,
      0.02553126697246217,
      0.01714359102259683,
      0.011822816187347611
    ],
    [
      0.011822816187347615,
      0.01,
      0.01182281618734762,
      0.017143591022596855,
      0.025531266972462177,
      0.03630632441491513,
      0.048595832277702165,
      0.061404167722297835,
      0.07369367558508491,
      0.08446873302753782,
      0.09285640897740316,
      0.09817718381265239,
      0.10000000000000003,
      0.09817718381265239,
      0.09285640897740316,
      0.08446873302753785,
      0.0736936755850849,
      0.06140416772229785,
      0.048595832277702186,
      0.03630632441491513,
      0.025531266972462156,
      0.017143591022596844
    ],
    [
      0.017143591022596848,
      0.011822816187347616,
      0.01,
      0.011822816187347615,
      0.017143591022596848,
      0.02553126697246217,
      0.036306324414915096,
      0.048595832277702165,
      0.061404167722297835,
      0.07369367558508487,
      0.08446873302753781,
      0.09285640897740313,
      0.09817718381265239,
      0.09999999999999996,
      0.09817718381265239,
      0.09285640897740316,
      0.08446873302753782,
      0.0736936755850849,
      0.06140416772229785,
      0.048595832277702186,
      0.036306324414915096,
      0.02553126697246217
    ],
    [
      0.025531266972462163,
      0.017143591022596844,
      0.011822816187347615,
      0.01,
      0.01182281618734762,
      0.017143591022596855,
      0.025531266972462163,
      0.03630632441491511,
      0.048595832277702186,
      0.06140416772229785,
      0.0736936755850849,
      0.08446873302753781,
      0.09285640897740316,
      0.09817718381265239,
      0.09999999999999999,
      0.09817718381265239,
      0.09285640897740316,
      0.08446873302753782,
      0.0736936755850849,
      0.06140416772229785,
      0.048595832277702145,
      0.036306324414915096
    ],
    [
      0.036306324414915075,
      0.025531266972462142,
      0.017143591022596827,
      0.011822816187347608,
      0.01,
      0.01182281618734763,
      0.017143591022596855,
      0.025531266972462198,
      0.03630632441491514,
      0.0485958322777022,
      0.061404167722297884,
      0.07369367558508491,
      0.08446873302753785,
      0.09285640897740316,
      0.09817718381265239,
      0.09999999999999999,
      0.09817718381265239,
      0.09285640897740315,
      0.08446873302753781,
      0.07369367558508487,
      0.061404167722297794,
      0.04859583227770213
    ],
    [
      0.048595832277702165,
      0.036306324414915096,
      0.02553126697246217,
      0.017143591022596844,
      0.011822816187347616,
      0.01,
      0.011822816187347615,
      0.017143591022596848,
      0.025531266972462177,
      0.03630632441491512,
      0.048595832277702186,
      0.06140416772229782,
      0.0736936755850849,
      0.08446873302753782,
      0.09285640897740316,
      0.09817718381265239,
      0.09999999999999999,
      0.09817718381265239,
      0.09285640897740316,
      0.08446873302753782,
      0.07369367558508487,
      0.06140416772229782
    ],
    [
      0.06140416772229782,
      0.048595832277702145,
      0.036306324414915096,
      0.02553126697246216,
      0.01714359102259684,
      0.011822816187347611,
      0.01,
      0.011822816187347622,
      0.017143591022596855,
      0.02553126697246217,
      0.03630632441491512,
      0.048595832277702165,
      0.06140416772229785,
      0.0736936755850849,
      0.08446873302753782,
      0.09285640897740315,
      0.09817718381265239,
      0.09999999999999999,
      0.09817718381265239,
      0.09285640897740316,
      0.0844687330275378,
      0.07369367558508487
    ],
    [
      0.07369367558508487,
      0.06140416772229782,
      0.048595832277702145,
      0.036306324414915096,
      0.02553126697246216,
      0.017143591022596837,
      0.011822816187347618,
      0.01,
      0.011822816187347622,
      0.017143591022596855,
      0.025531266972462184,
      0.03630632441491511,
      0.048595832277702186,
      0.06140416772229785,
      0.0736936755850849,
      0.08446873302753781,
      0.09285640897740316,
      0.09817718381265239,
      0.09999999999999999,
      0.09817718381265239,
      0.09285640897740313,
      0.0844687330275378
    ],
    [
      0.0844687330275378,
      0.07369367558508486,
      0.0614041677222978,
      0.048595832277702165,
      0.036306324414915075,
      0.02553126697246215,
      0.01714359102259684,
      0.011822816187347611,
      0.01,
      0.011822816187347623,
      0.017143591022596865,
      0.02553126697246217,
      0.03630632441491513,
      0.048595832277702186,
      0.06140416772229785,
      0.07369367558508487,
      0.08446873302753782,
      0.09285640897740316,
      0.09817718381265239,
      0.09999999999999999,
      0.09817718381265236,
      0.09285640897740313
    ],
    [
      0.09285640897740315,
      0.08446873302753781,
      0.07369367558508487,
      0.06140416772229785,
      0.04859583227770217,
      0.03630632441491511,
      0.025531266972462184,
      0.017143591022596855,
      0.01182281618734762,
      0.01,
      0.011822816187347616,
      0.01714359102259683,
      0.025531266972462156,
      0.036306324414915096,
      0.048595832277702145,
      0.061404167722297794,
      0.07369367558508487,
      0.0844687330275378,
      0.09285640897740313,
      0.09817718381265236,
      0.09999999999999996,
      0.09817718381265236
    ],
    [
      0.09817718381265236,
      0.09285640897740315,
      0.08446873302753781,
      0.0736936755850849,
      0.061404167722297835,
      0.048595832277702165,
      0.03630632441491512,
      0.02553126697246217,
      0.017143591022596848,
      0.01182281618734762,
      0.01,
      0.011822816187347611,
      0.017143591022596844,
      0.02553126697246217,
      0.036306324414915096,
      0.04859583227770213,
      0.06140416772229782,
      0.07369367558508487,
      0.0844687330275378,
      0.09285640897740313,
      0.09817718381265236,
      0.09999999999999996
    ]
  ],
  "score": 1.73314645463501e-16
}