{
  "k": 12,
  "M_approx": [
    [
      0.08695652173913045,
      0.08534422988468693,
      0.08062693063245602,
      0.07315448448776758,
      0.0634810885970066,
      0.05232417448054929,
      0.04051119941892736,
      0.028918277731696265,
      0.018405203386310163,
      0.009751683012851333,
      0.0035995086301976865,
      0.00040495886798561954,
      0.0004049588679856355,
      0.003599508630197698,
      0.009751683012851339,
      0.018405203386310114,
      0.028918277731696234,
      0.04051119941892736,
      0.05232417448054928,
      0.0634810885970066,
      0.07315448448776761,
      0.08062693063245605,
      0.08534422988468691
    ],
    [
      0.08534422988468693,
      0.08695652173913045,
      0.08534422988468693,
      0.08062693063245606,
      0.0731544844877676,
      0.06348108859700663,
      0.05232417448054932,
      0.04051119941892734,
      0.02891827773169627,
      0.018405203386310166,
      0.009751683012851309,
      0.003599508630197695,
      0.00040495886798564464,
      0.00040495886798562345,
      0.003599508630197722,
      0.00975168301285131,
      0.018405203386310107,
      0.02891827773169626,
      0.04051119941892732,
      0.05232417448054927,
      0.06348108859700662,
      0.07315448448776757,
      0.080626930632456
    ],
    [
      0.08062693063245607,
      0.08534422988468694,
      0.08695652173913045,
      0.08534422988468698,
      0.08062693063245603,
      0.07315448448776755,
      0.06348108859700663,
      0.05232417448054928,
      0.04051119941892737,
      0.028918277731696234,
      0.0184052033863102,
      0.009751683012851384,
      0.0035995086301977416,
      0.00040495886798569105,
      0.0004049588679857754,
      0.0035995086301976974,
      0.009751683012851332,
      0.018405203386310166,
      0.02891827773169627,
      0.0405111994189273,
      0.05232417448054933,
      0.06348108859700662,
      0.07315448448776753
    ],
    [
      0.07315448448776757,
      0.08062693063245603,
      0.08534422988468694,
      0.08695652173913039,
      0.08534422988468691,
      0.08062693063245603,
      0.07315448448776757,
      0.06348108859700663,
      0.0523241744805493,
      0.04051119941892735,
      0.02891827773169626,
      0.01840520338631009,
      0.009751683012851288,
      0.0035995086301976965,
      0.0004049588679856796,
      0.00040495886798560084,
      0.0035995086301976913,
      0.009751683012851335,
      0.018405203386310104,
      0.02891827773169625,
      0.04051119941892735,
      0.052324174480549296,
      0.06348108859700657
    ],
    [
      0.06348108859700657,
      0.0731544844877676,
      0.08062693063245605,
      0.0853442298846869,
      0.08695652173913047,
      0.08534422988468697,
      0.08062693063245602,
      0.07315448448776758,
      0.0634810885970066,
      0.05232417448054934,
      0.040511199418927335,
      0.02891827773169626,
      0.018405203386310152,
      0.00975168301285133,
      0.003599508630197715,
      0.00040495886798564866,
      0.00040495886798562784,
      0.0035995086301977143,
      0.009751683012851271,
      0.018405203386310166,
      0.028918277731696255,
      0.04051119941892737,
      0.05232417448054927
    ],
    [
      0.05232417448054929,
      0.06348108859700664,
      0.07315448448776758,
      0.080626930632456,
      0.08534422988468694,
      0.08695652173913049,
      0.08534422988468701,
      0.08062693063245602,
      0.07315448448776755,
      0.06348108859700667,
      0.05232417448054925,
      0.04051119941892742,
      0.028918277731696296,
      0.01840520338631012,
      0.009751683012851281,
      0.003599508630197722,
      0.000404958867985631,
      0.0004049588679856269,
      0.0035995086301976614,
      0.009751683012851281,
      0.018405203386310097,
      0.02891827773169625,
      0.040511199418927314
    ],
    [
      0.040511199418927356,
      0.052324174480549275,
      0.06348108859700662,
      0.07315448448776761,
      0.08062693063245603,
      0.08534422988468693,
      0.0869565217391305,
      0.08534422988468687,
      0.08062693063245599,
      0.0731544844877676,
      0.06348108859700663,
      0.05232417448054932,
      0.04051119941892736,
      0.028918277731696262,
      0.01840520338631013,
      0.009751683012851292,
      0.003599508630197707,
      0.0004049588679856526,
      0.0004049588679856502,
      0.003599508630197684,
      0.009751683012851328,
      0.018405203386310128,
      0.028918277731696203
    ],
    [
      0.02891827773169622,
      0.040511199418927335,
      0.0523241744805493,
      0.06348108859700663,
      0.0731544844877676,
      0.08062693063245606,
      0.0853442298846869,
      0.0869565217391304,
      0.08534422988468691,
      0.08062693063245606,
      0.0731544844877676,
      0.06348108859700664,
      0.05232417448054929,
      0.04051119941892733,
      0.028918277731696244,
      0.018405203386310118,
      0.00975168301285132,
      0.0035995086301977,
      0.00040495886798560615,
      0.0004049588679856465,
      0.003599508630197695,
      0.009751683012851361,
      0.018405203386310087
    ],
    [
      0.01840520338631017,
      0.02891827773169624,
      0.040511199418927314,
      0.05232417448054926,
      0.06348108859700656,
      0.07315448448776757,
      0.08062693063245599,
      0.08534422988468694,
      0.08695652173913046,
      0.08534422988468687,
      0.08062693063245602,
      0.07315448448776761,
      0.06348108859700657,
      0.05232417448054926,
      0.04051119941892735,
      0.028918277731696206,
      0.018405203386310128,
      0.009751683012851295,
      0.0035995086301977143,
      0.0004049588679856104,
      0.00040495886798566454,
      0.0035995086301978045,
      0.009751683012851318
    ],
    [
      0.00975168301285131,
      0.018405203386310163,
      0.0289182777316963,
      0.04051119941892738,
      0.05232417448054933,
      0.06348108859700667,
      0.0731544844877675,
      0.08062693063245603,
      0.08534422988468696,
      0.08695652173913045,
      0.08534422988468693,
      0.08062693063245609,
      0.07315448448776758,
      0.06348108859700662,
      0.0523241744805493,
      0.040511199418927314,
      0.028918277731696272,
      0.018405203386310107,
      0.009751683012851299,
      0.0035995086301976705,
      0.00040495886798560323,
      0.0004049588679856893,
      0.0035995086301976805
    ],
    [
      0.00359950863019769,
      0.009751683012851344,
      0.018405203386310135,
      0.028918277731696237,
      0.04051119941892736,
      0.05232417448054934,
      0.06348108859700659,
      0.0731544844877676,
      0.08062693063245602,
      0.08534422988468693,
      0.08695652173913043,
      0.08534422988468691,
      0.08062693063245599,
      0.07315448448776754,
      0.06348108859700662,
      0.05232417448054927,
      0.04051119941892738,
      0.028918277731696237,
      0.01840520338631013,
      0.009751683012851323,
      0.0035995086301976605,
      0.00040495886798567115,
      0.0004049588679856231
    ],
    [
      0.00040495886798558116,
      0.003599508630197719,
      0.009751683012851344,
      0.018405203386310128,
      0.02891827773169627,
      0.04051119941892739,
      0.05232417448054937,
      0.06348108859700664,
      0.07315448448776758,
      0.08062693063245603,
      0.08534422988468696,
      0.08695652173913043,
      0.08534422988468685,
      0.080626930632456,
      0.07315448448776758,
      0.06348108859700656,
      0.05232417448054929,
      0.0405111994189273,
      0.028918277731696248,
      0.01840520338631013,
      0.00975168301285129,
      0.0035995086301976956,
      0.00040495886798561434
    ],
    [
      0.00040495886798560453,
      0.0004049588679856431,
      0.0035995086301977126,
      0.009751683012851316,
      0.01840520338631011,
      0.028918277731696265,
      0.04051119941892739,
      0.05232417448054926,
      0.06348108859700656,
      0.07315448448776754,
      0.08062693063245602,
      0.08534422988468687,
      0.08695652173913038,
      0.08534422988468697,
      0.08062693063245606,
      0.07315448448776755,
      0.06348108859700663,
      0.05232417448054929,
      0.04051119941892738,
      0.02891827773169628,
      0.018405203386310097,
      0.009751683012851309,
      0.003599508630197708
    ],
    [
      0.0035995086301976844,
      0.00040495886798559374,
      0.0004049588679855991,
      0.0035995086301977516,
      0.009751683012851314,
      0.018405203386310125,
      0.028918277731696265,
      0.040511199418927335,
      0.05232417448054928,
      0.06348108859700664,
      0.07315448448776761,
      0.08062693063245598,
      0.08534422988468694,
      0.0869565217391305,
      0.08534422988468698,
      0.08062693063245603,
      0.0731544844877676,
      0.0634810885970066,
      0.05232417448054934,
      0.040511199418927384,
      0.028918277731696262,
      0.018405203386310156,
      0.009751683012851314
    ],
    [
      0.00975168301285131,
      0.003599508630197747,
      0.00040495886798564345,
      0.00040495886798562556,
      0.0035995086301977117,
      0.009751683012851328,
      0.018405203386310118,
      0.028918277731696248,
      0.04051119941892736,
      0.0523241744805493,
      0.06348108859700657,
      0.07315448448776757,
      0.08062693063245603,
      0.08534422988468691,
      0.08695652173913045,
      0.08534422988468693,
      0.08062693063245603,
      0.07315448448776751,
      0.0634810885970066,
      0.0523241744805493,
      0.040511199418927356,
      0.028918277731696314,
      0.018405203386310173
    ],
    [
      0.01840520338631013,
      0.009751683012851339,
      0.003599508630197688,
      0.00040495886798561147,
      0.0004049588679856092,
      0.0035995086301976883,
      0.009751683012851323,
      0.01840520338631012,
      0.028918277731696276,
      0.040511199418927356,
      0.05232417448054927,
      0.06348108859700664,
      0.07315448448776754,
      0.08062693063245602,
      0.08534422988468691,
      0.08695652173913043,
      0.08534422988468693,
      0.08062693063245598,
      0.07315448448776757,
      0.0634810885970066,
      0.05232417448054931,
      0.04051119941892739,
      0.028918277731696296
    ],
    [
      0.028918277731696255,
      0.018405203386310104,
      0.00975168301285127,
      0.00359950863019771,
      0.00040495886798562144,
      0.0004049588679856373,
      0.003599508630197769,
      0.009751683012851325,
      0.018405203386310125,
      0.02891827773169632,
      0.04051119941892741,
      0.05232417448054927,
      0.06348108859700662,
      0.07315448448776755,
      0.08062693063245602,
      0.08534422988468693,
      0.08695652173913043,
      0.0853442298846869,
      0.08062693063245603,
      0.07315448448776755,
      0.06348108859700657,
      0.05232417448054929,
      0.04051119941892734
    ],
    [
      0.04051119941892735,
      0.028918277731696276,
      0.018405203386310146,
      0.00975168301285134,
      0.003599508630197684,
      0.0004049588679855927,
      0.0004049588679857014,
      0.0035995086301976323,
      0.009751683012851266,
      0.018405203386310097,
      0.028918277731696217,
      0.040511199418927335,
      0.05232417448054928,
      0.06348108859700659,
      0.07315448448776751,
      0.080626930632456,
      0.08534422988468693,
      0.08695652173913043,
      0.08534422988468693,
      0.08062693063245603,
      0.0731544844877676,
      0.06348108859700664,
      0.05232417448054933
    ],
    [
      0.05232417448054931,
      0.040511199418927335,
      0.028918277731696224,
      0.018405203386310073,
      0.009751683012851255,
      0.0035995086301976852,
      0.0004049588679857882,
      0.0004049588679856673,
      0.003599508630197769,
      0.009751683012851304,
      0.018405203386310118,
      0.028918277731696296,
      0.04051119941892739,
      0.05232417448054933,
      0.06348108859700663,
      0.07315448448776758,
      0.080626930632456,
      0.08534422988468686,
      0.08695652173913043,
      0.08534422988468687,
      0.08062693063245605,
      0.07315448448776757,
      0.06348108859700663
    ],
    [
      0.06348108859700656,
      0.052324174480549275,
      0.04051119941892734,
      0.02891827773169622,
      0.018405203386310104,
      0.00975168301285132,
      0.0035995086301977026,
      0.0004049588679856501,
      0.00040495886798561683,
      0.0035995086301977043,
      0.00975168301285135,
      0.01840520338631012,
      0.028918277731696265,
      0.04051119941892738,
      0.05232417448054933,
      0.06348108859700662,
      0.07315448448776755,
      0.080626930632456,
      0.0853442298846869,
      0.08695652173913043,
      0.08534422988468691,
      0.08062693063245603,
      0.07315448448776754
    ],
    [
      0.07315448448776755,
      0.06348108859700663,
      0.05232417448054933,
      0.04051119941892739,
      0.028918277731696262,
      0.018405203386310135,
      0.009751683012851332,
      0.0035995086301977277,
      0.00040495886798563743,
      0.0004049588679856425,
      0.003599508630197724,
      0.009751683012851271,
      0.01840520338631012,
      0.028918277731696262,
      0.040511199418927356,
      0.052324174480549226,
      0.0634810885970066,
      0.07315448448776758,
      0.08062693063245602,
      0.08534422988468689,
      0.08695652173913042,
      0.0853442298846869,
      0.08062693063245599
    ],
    [
      0.08062693063245603,
      0.07315448448776762,
      0.06348108859700664,
      0.05232417448054931,
      0.04051119941892738,
      0.028918277731696272,
      0.018405203386310128,
      0.009751683012851323,
      0.0035995086301976696,
      0.0004049588679856063,
      0.00040495886798562594,
      0.0035995086301976635,
      0.00975168301285129,
      0.01840520338631011,
      0.028918277731696276,
      0.040511199418927335,
      0.05232417448054928,
      0.06348108859700664,
      0.07315448448776755,
      0.08062693063245603,
      0.08534422988468693,
      0.08695652173913043,
      0.08534422988468693
    ],
    [
      0.08534422988468689,
      0.08062693063245606,
      0.07315448448776757,
      0.06348108859700652,
      0.052324174480549296,
      0.04051119941892737,
      0.028918277731696237,
      0.018405203386310135,
      0.009751683012851281,
      0.00359950863019771,
      0.0004049588679856422,
      0.00040495886798567305,
      0.003599508630197708,
      0.009751683012851316,
      0.018405203386310177,
      0.028918277731696328,
      0.040511199418927384,
      0.052324174480549324,
      0.06348108859700656,
      0.07315448448776757,
      0.08062693063245598,
      0.08534422988468691,
      0.08695652173913045
    ]
  ],
  "A": [
    [
      0.1787889689291414,
      0.27806392244950184,
      4.027386371140268e-14,
      4.2088403727252196e-16,
      0.1340252645499716,
      4.7195329643052575e-14,
      8.552590712931929e-13,
      0.12796410340599976,
      0.027617982883397476,
      1.113858129401617e-14,
      0.10097256569068173,
      0.001513879820668439
    ],
    [
      0.019534707721457625,
      0.3527687172898976,
      1.9045646093400166e-17,
      0.004908289941426899,
      0.08769302839031205,
      0.0,
      4.933872094196004e-16,
      0.11164657286303557,
      0.049367090630785496,
      0.0,
      0.12607927022613705,
      0.010048797132765663
    ],
    [
      0.0,
      0.33229095524922697,
      0.0,
      0.05235276211998616,
      0.035838230383675854,
      0.0015896345124905048,
      0.0,
      0.13874657644148622,
      0.03092762460784567,
      0.0,
      0.10001932609863745,
      0.0
    ],
    [
      3.6365580701537896e-05,
      0.2955668770906482,
      5.642886771183865e-16,
      0.09347356857790734,
      7.705583324648643e-15,
      0.018553831475189686,
      0.005698666058355901,
      0.1410191777961867,
      0.011075550342862015,
      2.02560384725553e-14,
      0.08124721370221356,
      1.4881439035377367e-16
    ],
    [
      1.9860522549116943e-13,
      0.2794304803956472,
      0.0,
      0.11717000730075795,
      0.0,
      0.048482321997438425,
      0.05085676623582849,
      0.08666231020104168,
      0.0009895966210812987,
      2.9768044484065165e-14,
      0.06868215724635966,
      1.2272387886771667e-15
    ],
    [
      2.0681742930893583e-13,
      0.2756396733496866,
      1.3838607369842437e-14,
      0.12860725509092125,
      0.024965994407734126,
      0.08143023493663099,
      0.11785116691849519,
      7.386716139024339e-14,
      8.359519116684328e-15,
      0.010708626295195992,
      0.055004363948641846,
      0.00010167216466835668
    ],
    [
      0.0,
      0.22977190397667077,
      0.0,
      0.16381699250444468,
      0.011988004818538501,
      0.07453413025333763,
      0.11830507273949425,
      2.0659060625187498e-14,
      1.0772507745910486e-15,
      0.08848442020366383,
      8.278664196090566e-14,
      0.004153008556605476
    ],
    [
      0.0019425251671580657,
      0.15047021562450244,
      1.1884483162281686e-15,
      0.17274148470784156,
      0.0,
      0.0941416419843202,
      0.06091009551111543,
      8.163923652180808e-15,
      9.506479945992561e-15,
      0.14937047870703438,
      2.9563605612352713e-13,
      0.05221327675095739
    ],
    [
      0.024583599169740476,
      0.06664901903219561,
      0.0016742135175961145,
      0.17457372159241968,
      0.0,
      0.11143932472446326,
      0.004663594938285321,
      1.9506653880358272e-13,
      0.00017893058694463213,
      0.20766430939974156,
      0.0,
      0.0990111576266269
    ],
    [
      0.04214997326133751,
      0.007826790682180068,
      0.046747105014618234,
      0.17328658180612072,
      0.0,
      0.1050226847905452,
      3.6932798248462507e-13,
      1.673986638940746e-14,
      1.0991599445122932e-13,
      0.18098668657571915,
      7.530970998085591e-14,
      0.11424714999805072
    ],
    [
      3.905421887287419e-14,
      0.0,
      0.10575867689691197,
      0.15889522879122822,
      3.646960907772694e-16,
      0.0720958165527428,
      0.010699567830778219,
      4.256019401900421e-15,
      0.020142013898873868,
      0.1489426799640615,
      2.8381558016014834e-14,
      0.11746862924421254
    ],
    [
      7.328733972381356e-14,
      1.0897773783635439e-13,
      0.20802478613113348,
      0.14875865227489585,
      0.003273729726127652,
      0.026255092250781195,
      0.0865008134689142,
      1.105643537571116e-13,
      0.023547633927648717,
      0.0011060631118682582,
      7.87566624822965e-06,
      0.08004544138839241
    ],
    [
      1.0772660407638218e-14,
      1.6644018621917907e-15,
      0.22728620243123318,
      0.11972671933294415,
      0.03143482156932711,
      0.0025745730016481306,
      0.07785087910980566,
      1.6302913436753098e-16,
      0.04427367943259944,
      0.016323511411489966,
      0.0003571790185199629,
      0.08743018044608632
    ],
    [
      0.0007585130413984961,
      3.5493409669586056e-05,
      0.18074440515842807,
      0.07475641937376062,
      0.0772147470155456,
      0.0005826081849822151,
      0.0006589439569826589,
      2.3969162090077544e-07,
      0.07633547145907796,
      0.14989739127082335,
      0.008209867813066447,
      0.1316315372169178
    ],
    [
      0.011967288044802082,
      0.0,
      0.2393531009960877,
      0.02533501072787958,
      0.09125767140256194,
      0.0,
      1.1327993328375436e-15,
      0.0,
      0.07670747861648214,
      1.324852434961943e-12,
      0.0857130687663068,
      0.14091511475009794
    ],
    [
      0.10870290774723344,
      0.00014451377298947015,
      0.20964488120878683,
      0.00023483851340564736,
      0.1458246365835836,
      7.780302673439053e-15,
      5.662934664823129e-13,
      8.58745067601006e-14,
      0.07404115000174416,
      0.02639976302759283,
      0.07850921467373374,
      0.13103803699255762
    ],
    [
      0.27975084809269407,
      0.0,
      0.11377838502887906,
      0.0,
      0.22999887858382279,
      0.0,
      0.011707708611820519,
      4.120190850379424e-16,
      0.06463984544275726,
      0.17967173066053413,
      0.0,
      0.09874929650387076
    ],
    [
      0.4344132494101852,
      5.90176995383284e-14,
      0.14096111448709472,
      5.474020883225229e-15,
      0.2651304138013867,
      5.588615992930615e-15,
      0.103813455323604,
      0.0018859493680331964,
      0.0227218065296833,
      0.01854398167613988,
      0.00013718554955779902,
      0.03219820050971312
    ],
    [
      0.515467362263623,
      0.0,
      0.11346632876204953,
      0.0,
      0.2721232066789247,
      1.6668392330975744e-15,
      0.0902605664857369,
      0.0436460735162685,
      0.0017325768662035045,
      0.0,
      0.0,
      0.012099054353741883
    ],
    [
      0.5252048131033122,
      0.007240931467719656,
      0.0450481784297063,
      7.173104797342525e-16,
      0.2562756077184127,
      5.891076156537249e-16,
      2.7965983529433347e-15,
      0.10950646425758091,
      5.315708805038632e-15,
      0.09310512031639506,
      1.2098701861885723e-13,
      0.028086309265718364
    ],
    [
      0.5109785234777008,
      0.0643433494297153,
      0.0050210831590861565,
      0.0,
      0.25419972720317763,
      8.833810562543779e-16,
      0.0006389564911546952,
      0.12021893888474046,
      0.0,
      0.11251071219253912,
      2.572717492487432e-13,
      0.01069300220084311
    ],
    [
      0.44332588411633905,
      0.12438501938267948,
      0.00013108349643292146,
      2.075986294417184e-14,
      0.2217606985428555,
      1.4920317660595742e-14,
      0.0010897007110569857,
      0.13416351132467616,
      1.1446062404318348e-14,
      0.06291104109309183,
      0.030631071839351223,
      4.531268426949714e-14
    ],
    [
      0.3580242009277886,
      0.17911247331337588,
      1.0878121190697704e-14,
      0.0,
      0.1833893937172609,
      0.011457607975334126,
      0.0,
      0.13455097189231216,
      3.467691425138952e-14,
      0.0034897994544385567,
      0.07419817820204316,
      0.0
    ]
  ],
  "B": [
    [
      0.09099938470654277,
      0.06576710108475478,
      0.032527382818466385,
      1.1202013584702433e-13,
      1.8672776336840015e-05,
      1.0183395610370712e-14,
      0.0,
      0.0,
      1.601293433242453e-05,
      1.44546049607502e-06,
      3.659570583252819e-16,
      0.0,
      0.001998695932585434,
      0.020132722123272717,
      0.04460864492607773,
      0.04113040686605165,
      0.1123658289814112,
      0.12896996239570555,
      0.12470245902801232,
      0.003471245434598977,
      0.0020545888995085132,
      1.5632426960693305e-14,
      0.05133931722016222
    ],
    [
      0.1649254216733592,
      0.18357504040843522,
      0.17642341935082065,
      0.1517974726795021,
      0.15435034191428898,
      0.13650671248080204,
      0.09919043321402614,
      0.05592635005298939,
      0.0027135287279974434,
      1.2593877316092368e-12,
      0.00011898624438146725,
      2.8351516862689944e-16,
      1.1750552750269666e-14,
      4.605466232126964e-19,
      0.0,
      2.0251083473350044e-17,
      2.243756764211226e-15,
      9.29531059888752e-14,
      2.2187197801515017e-16,
      5.120661972218751e-14,
      2.4663001835612616e-14,
      0.05174009174464848,
      0.11882659163960992
    ],
    [
      1.966556675762445e-15,
      1.8875990075957237e-17,
      9.880046529450415e-06,
      3.2278479570380234e-18,
      0.0001991576106056349,
      0.00022940875633184203,
      0.0,
      9.615687691381018e-16,
      0.004845419730335839,
      0.07984229486038144,
      0.0422942995948935,
      0.12849337031978098,
      0.32907302590502646,
      0.3553037257973542,
      0.25498187172790016,
      0.2619170981826161,
      0.18678529551636286,
      0.12195051623052754,
      0.08854943381712992,
      0.07023452958610782,
      0.005803961309746505,
      1.5405247655730763e-16,
      8.286265709268023e-14
    ],
    [
      1.6884984426286384e-16,
      2.34856244902533e-14,
      0.000309499030834278,
      0.0159841601138881,
      0.12687498048239923,
      0.23486108233478975,
      0.33302432873031024,
      0.37699706200273364,
      0.40028881277554407,
      0.3399293737908518,
      0.2821405388066972,
      0.18570252654082936,
      0.06192209942840089,
      0.002378022855801555,
      0.0,
      0.00022097519425136984,
      1.517646795340544e-15,
      5.6604020399473194e-14,
      3.129907591146253e-16,
      1.1858580740492705e-13,
      1.7939850822106544e-15,
      0.0,
      1.1166144055266253e-13
    ],
    [
      0.0016316561056038952,
      1.968132682310414e-14,
      7.793781077597699e-13,
      0.0,
      3.1054080652719686e-13,
      5.704850828819157e-14,
      0.0,
      0.0,
      0.0001931157943411634,
      2.205224298875537e-14,
      2.89847436039327e-14,
      3.6550748554767734e-17,
      0.00013860848213720253,
      7.317619035293101e-16,
      0.011299633482188681,
      0.07547338378847655,
      7.326597547804468e-15,
      0.007329836085470748,
      0.03270069873943327,
      0.24880803890029107,
      0.23509365815936076,
      0.22502333960760437,
      0.11194884568970309
    ],
    [
      0.014452749079240856,
      0.13517382884150383,
      0.2465727706806074,
      0.3232935163578691,
      0.2771753126983453,
      0.20367135774027914,
      0.10515482407668539,
      0.14149966363155497,
      0.14793069361509165,
      0.2315582150551046,
      0.03221781263905782,
      0.018647566812302688,
      0.20538040320651624,
      0.17643225590300038,
      0.0,
      0.00042935568443559855,
      6.030131074246262e-16,
      2.9885003650829966e-13,
      2.0524854923383363e-16,
      3.71742810979676e-13,
      7.655339406063595e-06,
      0.0,
      0.0011237352973597564
    ],
    [
      1.1658647087296593e-16,
      0.0005809062620234078,
      0.0372873044208573,
      0.08697525234503338,
      0.03142617081168434,
      0.0015628545025314525,
      0.0,
      0.0015962689168585644,
      0.027942745546398067,
      0.001769042036538372,
      0.1129478426544723,
      0.12300101767120024,
      0.02309296389272349,
      0.018074381917659883,
      0.07077737922805066,
      0.005750370348141671,
      4.213317570284747e-15,
      0.00044696739406136263,
      0.0,
      0.004986916087705867,
      0.058441791057001105,
      0.03228266570709704,
      1.0372374175387482e-07
    ],
    [
      0.11393743633304854,
      0.15025343272421532,
      0.20126227396170612,
      0.24182628559737296,
      0.1576727271991115,
      0.07853380474625103,
      0.009278242814549396,
      0.0,
      8.029742305670843e-05,
      1.825939752427301e-05,
      0.0,
      0.0,
      1.0511061633060842e-16,
      0.0,
      0.0,
      2.7559100543857573e-14,
      0.001130252746450892,
      0.034083430291926814,
      0.06751186718403503,
      0.16576199798216426,
      0.21673027720311408,
      0.20623705840863746,
      0.15014006485073983
    ],
    [
      1.6428795671470414e-05,
      1.9089335059064323e-16,
      2.524669393711165e-12,
      0.0,
      2.1326830593379195e-13,
      0.0008240089268666808,
      0.0,
      0.15057267378718683,
      0.26739275322218314,
      0.3065111686434051,
      0.11457764115389982,
      7.751958554835948e-16,
      1.832553685105734e-12,
      8.773983007544381e-16,
      0.0,
      0.026676412744883454,
      0.3102360570986892,
      0.42413502229957345,
      0.43065429319796383,
      0.10451038549996142,
      0.11518621364024813,
      0.002956422172556485,
      0.00025027786577198354
    ],
    [
      0.017168987260460653,
      4.752539217292204e-15,
      0.0011721431533222707,
      0.014366354182602598,
      7.391611339271547e-13,
      0.0015606650509817324,
      0.020033806191796295,
      0.0,
      0.0010776962088750333,
      2.0219716009092838e-12,
      0.004157224677541537,
      0.054817579133864446,
      0.1392208123860246,
      0.14963313698637476,
      0.10372974246148203,
      0.08713607375787522,
      0.037090005435950514,
      5.8740483214958195e-15,
      4.6927492816265654e-14,
      0.000252021063461456,
      0.00020960124107587664,
      0.0,
      0.0021410924263591926
    ],
    [
      0.09931397788489434,
      0.03281243838451874,
      3.380930077848079e-12,
      3.178615264902143e-14,
      0.003782207670582191,
      0.042525461719048474,
      0.11629531632374164,
      0.09119966277293313,
      0.10128295615458487,
      0.012715016348365296,
      2.123450496271757e-14,
      0.0,
      0.0002626335326812649,
      2.5699535007165166e-17,
      0.0,
      0.0005737576599884964,
      1.6156688558589373e-15,
      0.0029600980571478086,
      0.05059210051899375,
      0.053621556095122,
      0.10263818084275002,
      0.09515925838023127,
      0.08814783952935618
    ],
    [
      1.5517889453523007e-13,
      0.0,
      3.894775138783804e-05,
      6.5855988526275535e-15,
      9.262709837418332e-05,
      0.00027229018969200826,
      0.0,
      6.555273393907774e-16,
      6.947285986259474e-13,
      4.056618667181588e-13,
      0.265555766424964,
      0.26749736824866804,
      0.0016634495979978756,
      6.395285752034442e-13,
      0.17287568721020258,
      0.09348009453334298,
      0.07647973740385099,
      0.06361899908254591,
      0.0031164717676407353,
      0.0010881876740951465,
      7.265470948661202e-05,
      0.0,
      1.5984001987111916e-13
    ]
  ],
  "M": [
    [
      0.08695652173913043,
      0.08534422988468693,
      0.08062693063245603,
      0.07315448448776758,
      0.06348108859700662,
      0.05232417448054929,
      0.040511199418927356,
      0.02891827773169626,
      0.018405203386310128,
      0.00975168301285132,
      0.0035995086301976935,
      0.0004049588679856224,
      0.0004049588679856185,
      0.0035995086301976974,
      0.009751683012851313,
      0.01840520338631012,
      0.02891827773169624,
      0.04051119941892737,
      0.05232417448054928,
      0.06348108859700659,
      0.07315448448776758,
      0.08062693063245603,
      0.08534422988468691
    ],
    [
      0.08534422988468693,
      0.08695652173913043,
      0.08534422988468694,
      0.08062693063245603,
      0.07315448448776758,
      0.06348108859700662,
      0.05232417448054929,
      0.040511199418927356,
      0.02891827773169626,
      0.018405203386310135,
      0.009751683012851313,
      0.0035995086301977034,
      0.0004049588679856203,
      0.0004049588679856203,
      0.003599508630197695,
      0.00975168301285131,
      0.01840520338631011,
      0.028918277731696272,
      0.04051119941892733,
      0.05232417448054926,
      0.06348108859700662,
      0.07315448448776758,
      0.08062693063245599
    ],
    [
      0.08062693063245603,
      0.08534422988468694,
      0.08695652173913047,
      0.08534422988468694,
      0.08062693063245603,
      0.07315448448776758,
      0.06348108859700663,
      0.05232417448054931,
      0.040511199418927356,
      0.028918277731696272,
      0.01840520338631012,
      0.009751683012851326,
      0.0035995086301976965,
      0.0004049588679856186,
      0.0004049588679856199,
      0.0035995086301976943,
      0.009751683012851307,
      0.01840520338631015,
      0.028918277731696248,
      0.04051119941892733,
      0.05232417448054931,
      0.06348108859700663,
      0.07315448448776754
    ],
    [
      0.07315448448776758,
      0.08062693063245603,
      0.08534422988468694,
      0.08695652173913043,
      0.08534422988468693,
      0.08062693063245603,
      0.07315448448776758,
      0.06348108859700662,
      0.05232417448054931,
      0.04051119941892737,
      0.028918277731696248,
      0.01840520338631014,
      0.009751683012851313,
      0.0035995086301976926,
      0.00040495886798561933,
      0.00040495886798561933,
      0.0035995086301976887,
      0.00975168301285133,
      0.01840520338631011,
      0.028918277731696224,
      0.04051119941892737,
      0.05232417448054931,
      0.06348108859700659
    ],
    [
      0.06348108859700662,
      0.07315448448776758,
      0.08062693063245603,
      0.08534422988468693,
      0.08695652173913043,
      0.08534422988468694,
      0.08062693063245602,
      0.07315448448776758,
      0.06348108859700662,
      0.05232417448054931,
      0.04051119941892734,
      0.028918277731696272,
      0.018405203386310128,
      0.00975168301285131,
      0.0035995086301976943,
      0.0004049588679856199,
      0.0004049588679856174,
      0.003599508630197702,
      0.0097516830128513,
      0.0184052033863101,
      0.02891827773169626,
      0.04051119941892737,
      0.052324174480549254
    ],
    [
      0.05232417448054929,
      0.06348108859700662,
      0.07315448448776758,
      0.08062693063245603,
      0.08534422988468694,
      0.08695652173913043,
      0.08534422988468693,
      0.08062693063245603,
      0.07315448448776758,
      0.06348108859700666,
      0.05232417448054929,
      0.04051119941892738,
      0.028918277731696272,
      0.018405203386310128,
      0.009751683012851316,
      0.0035995086301976982,
      0.000404958867985622,
      0.0004049588679856213,
      0.0035995086301976844,
      0.00975168301285129,
      0.01840520338631013,
      0.028918277731696248,
      0.0405111994189273
    ],
    [
      0.040511199418927356,
      0.05232417448054929,
      0.06348108859700663,
      0.07315448448776758,
      0.08062693063245602,
      0.08534422988468693,
      0.08695652173913043,
      0.08534422988468691,
      0.08062693063245599,
      0.07315448448776758,
      0.06348108859700662,
      0.05232417448054931,
      0.04051119941892734,
      0.028918277731696248,
      0.018405203386310118,
      0.009751683012851307,
      0.0035995086301976982,
      0.000404958867985616,
      0.0004049588679856186,
      0.0035995086301976865,
      0.009751683012851323,
      0.018405203386310135,
      0.028918277731696224
    ],
    [
      0.02891827773169626,
      0.040511199418927356,
      0.05232417448054931,
      0.06348108859700662,
      0.07315448448776758,
      0.08062693063245603,
      0.08534422988468691,
      0.08695652173913043,
      0.08534422988468693,
      0.08062693063245603,
      0.07315448448776758,
      0.06348108859700663,
      0.05232417448054929,
      0.04051119941892734,
      0.028918277731696248,
      0.01840520338631012,
      0.00975168301285132,
      0.0035995086301976826,
      0.0004049588679856206,
      0.0004049588679856174,
      0.0035995086301977004,
      0.00975168301285132,
      0.01840520338631009
    ],
    [
      0.018405203386310128,
      0.02891827773169626,
      0.040511199418927356,
      0.05232417448054931,
      0.06348108859700662,
      0.07315448448776758,
      0.08062693063245599,
      0.08534422988468693,
      0.08695652173913043,
      0.08534422988468694,
      0.08062693063245602,
      0.07315448448776758,
      0.0634810885970066,
      0.05232417448054928,
      0.040511199418927356,
      0.028918277731696248,
      0.018405203386310135,
      0.0097516830128513,
      0.0035995086301977043,
      0.0004049588679856226,
      0.0004049588679856206,
      0.0035995086301976965,
      0.009751683012851288
    ],
    [
      0.00975168301285132,
      0.018405203386310135,
      0.028918277731696272,
      0.04051119941892737,
      0.05232417448054931,
      0.06348108859700666,
      0.07315448448776758,
      0.08062693063245603,
      0.08534422988468694,
      0.08695652173913047,
      0.08534422988468694,
      0.08062693063245603,
      0.07315448448776755,
      0.06348108859700662,
      0.05232417448054929,
      0.04051119941892734,
      0.028918277731696272,
      0.0184052033863101,
      0.00975168301285132,
      0.0035995086301977004,
      0.0004049588679856174,
      0.0004049588679856213,
      0.0035995086301976813
    ],
    [
      0.0035995086301976935,
      0.009751683012851313,
      0.01840520338631012,
      0.028918277731696248,
      0.04051119941892734,
      0.05232417448054929,
      0.06348108859700662,
      0.07315448448776758,
      0.08062693063245602,
      0.08534422988468694,
      0.08695652173913043,
      0.08534422988468693,
      0.08062693063245602,
      0.0731544844877676,
      0.06348108859700662,
      0.05232417448054929,
      0.04051119941892737,
      0.02891827773169624,
      0.018405203386310142,
      0.009751683012851332,
      0.0035995086301976935,
      0.0004049588679856199,
      0.00040495886798561304
    ],
    [
      0.0004049588679856224,
      0.0035995086301977034,
      0.009751683012851326,
      0.01840520338631014,
      0.028918277731696272,
      0.04051119941892738,
      0.05232417448054931,
      0.06348108859700663,
      0.07315448448776758,
      0.08062693063245603,
      0.08534422988468693,
      0.08695652173913043,
      0.08534422988468691,
      0.08062693063245602,
      0.07315448448776754,
      0.06348108859700659,
      0.05232417448054928,
      0.0405111994189273,
      0.028918277731696248,
      0.018405203386310128,
      0.009751683012851294,
      0.0035995086301976844,
      0.0004049588679856221
    ],
    [
      0.0004049588679856185,
      0.0004049588679856203,
      0.0035995086301976965,
      0.009751683012851313,
      0.018405203386310128,
      0.028918277731696272,
      0.04051119941892734,
      0.05232417448054929,
      0.0634810885970066,
      0.07315448448776755,
      0.08062693063245602,
      0.08534422988468691,
      0.08695652173913042,
      0.08534422988468693,
      0.08062693063245602,
      0.07315448448776755,
      0.06348108859700662,
      0.05232417448054926,
      0.040511199418927356,
      0.028918277731696272,
      0.018405203386310107,
      0.009751683012851307,
      0.003599508630197708
    ],
    [
      0.0035995086301976974,
      0.0004049588679856203,
      0.0004049588679856186,
      0.0035995086301976926,
      0.00975168301285131,
      0.018405203386310128,
      0.028918277731696248,
      0.04051119941892734,
      0.05232417448054928,
      0.06348108859700662,
      0.0731544844877676,
      0.08062693063245602,
      0.08534422988468693,
      0.08695652173913047,
      0.08534422988468694,
      0.08062693063245602,
      0.0731544844877676,
      0.0634810885970066,
      0.052324174480549324,
      0.04051119941892738,
      0.028918277731696248,
      0.01840520338631013,
      0.009751683012851346
    ],
    [
      0.009751683012851313,
      0.003599508630197695,
      0.0004049588679856199,
      0.00040495886798561933,
      0.0035995086301976943,
      0.009751683012851316,
      0.018405203386310118,
      0.028918277731696248,
      0.040511199418927356,
      0.05232417448054929,
      0.06348108859700662,
      0.07315448448776754,
      0.08062693063245602,
      0.08534422988468694,
      0.08695652173913043,
      0.08534422988468693,
      0.08062693063245603,
      0.07315448448776754,
      0.06348108859700663,
      0.05232417448054931,
      0.04051119941892734,
      0.028918277731696248,
      0.01840520338631016
    ],
    [
      0.01840520338631012,
      0.00975168301285131,
      0.0035995086301976943,
      0.00040495886798561933,
      0.0004049588679856199,
      0.0035995086301976982,
      0.009751683012851307,
      0.01840520338631012,
      0.028918277731696248,
      0.04051119941892734,
      0.05232417448054929,
      0.06348108859700659,
      0.07315448448776755,
      0.08062693063245602,
      0.08534422988468693,
      0.08695652173913043,
      0.08534422988468691,
      0.08062693063245599,
      0.0731544844877676,
      0.06348108859700662,
      0.05232417448054928,
      0.04051119941892734,
