{
  "k": 13,
  "M_approx": [
    [
      0.08,
      0.07874332644514533,
      0.07505226720175459,
      0.06915874509685643,
      0.061433071799160015,
      0.05236067977499779,
      0.04251162078117253,
      0.03250474741657105,
      0.02296882833739706,
      0.014503040410052369,
      0.007639320225002067,
      0.0028089405644699645,
      0.0003154119474210088,
      0.0003154119474208869,
      0.0028089405644699007,
      0.007639320225002148,
      0.0145030404100525,
      0.02296882833739704,
      0.03250474741657096,
      0.0425116207811725,
      0.05236067977499791,
      0.061433071799159904,
      0.06915874509685653,
      0.07505226720175454,
      0.07874332644514523
    ],
    [
      0.07874332644514523,
      0.08000000000000003,
      0.07874332644514524,
      0.07505226720175459,
      0.0691587450968563,
      0.061433071799159966,
      0.05236067977499783,
      0.042511620781172564,
      0.032504747416571105,
      0.02296882833739713,
      0.014503040410052478,
      0.0076393202250021166,
      0.002808940564469954,
      0.00031541194742085876,
      0.00031541194742083924,
      0.0028089405644702143,
      0.007639320225002009,
      0.01450304041005239,
      0.022968828337397083,
      0.03250474741657098,
      0.042511620781172495,
      0.05236067977499792,
      0.06143307179915986,
      0.06915874509685646,
      0.07505226720175458
    ],
    [
      0.07505226720175451,
      0.07874332644514526,
      0.07999999999999993,
      0.07874332644514524,
      0.07505226720175444,
      0.06915874509685654,
      0.06143307179915982,
      0.052360679774997886,
      0.042511620781172585,
      0.032504747416571,
      0.02296882833739712,
      0.014503040410052388,
      0.007639320225002041,
      0.0028089405644698734,
      0.0003154119474207979,
      0.00031541194742131114,
      0.0028089405644698773,
      0.00763932022500205,
      0.01450304041005237,
      0.02296882833739701,
      0.032504747416570945,
      0.04251162078117253,
      0.05236067977499788,
      0.06143307179915987,
      0.06915874509685647
    ],
    [
      0.06915874509685647,
      0.07505226720175462,
      0.07874332644514535,
      0.08000000000000002,
      0.07874332644514544,
      0.07505226720175434,
      0.06915874509685653,
      0.06143307179915984,
      0.052360679774997795,
      0.04251162078117252,
      0.03250474741657097,
      0.0229688283373971,
      0.014503040410052409,
      0.007639320225002248,
      0.0028089405644702043,
      0.0003154119474217873,
      0.00031541194742146125,
      0.0028089405644701735,
      0.007639320225002211,
      0.01450304041005245,
      0.022968828337397204,
      0.032504747416571014,
      0.04251162078117242,
      0.052360679774997775,
      0.0614330717991598
    ],
    [
      0.06143307179915978,
      0.06915874509685635,
      0.0750522672017545,
      0.07874332644514521,
      0.08000000000000027,
      0.07874332644514509,
      0.07505226720175466,
      0.06915874509685645,
      0.06143307179915982,
      0.05236067977499787,
      0.042511620781172516,
      0.03250474741657103,
      0.022968828337397103,
      0.01450304041005235,
      0.007639320225001971,
      0.0028089405644702733,
      0.00031541194742109555,
      0.0003154119474207688,
      0.002808940564469838,
      0.00763932022500198,
      0.014503040410052391,
      0.022968828337397124,
      0.03250474741657106,
      0.04251162078117256,
      0.05236067977499785
    ],
    [
      0.052360679774997955,
      0.0614330717991599,
      0.06915874509685639,
      0.07505226720175472,
      0.07874332644514506,
      0.0800000000000001,
      0.07874332644514517,
      0.07505226720175452,
      0.06915874509685654,
      0.061433071799159904,
      0.052360679774997906,
      0.04251162078117249,
      0.03250474741657099,
      0.02296882833739706,
      0.014503040410052426,
      0.007639320225001995,
      0.002808940564470039,
      0.00031541194742089004,
      0.000315411947420907,
      0.00280894056447003,
      0.007639320225001974,
      0.014503040410052433,
      0.022968828337397027,
      0.03250474741657099,
      0.0425116207811726
    ],
    [
      0.04251162078117256,
      0.052360679774997906,
      0.06143307179915984,
      0.06915874509685663,
      0.07505226720175434,
      0.07874332644514537,
      0.07999999999999985,
      0.07874332644514513,
      0.0750522672017546,
      0.0691587450968565,
      0.0614330717991599,
      0.05236067977499788,
      0.04251162078117256,
      0.03250474741657101,
      0.02296882833739712,
      0.014503040410052211,
      0.007639320225002087,
      0.0028089405644699354,
      0.00031541194742087237,
      0.0003154119474210418,
      0.0028089405644700157,
      0.007639320225002057,
      0.014503040410052315,
      0.02296882833739698,
      0.03250474741657101
    ],
    [
      0.03250474741657095,
      0.04251162078117266,
      0.05236067977499782,
      0.06143307179915988,
      0.06915874509685628,
      0.07505226720175463,
      0.07874332644514528,
      0.08000000000000004,
      0.07874332644514524,
      0.07505226720175452,
      0.0691587450968564,
      0.0614330717991598,
      0.05236067977499788,
      0.042511620781172516,
      0.032504747416571056,
      0.02296882833739707,
      0.014503040410052447,
      0.007639320225002232,
      0.002808940564470098,
      0.0003154119474213053,
      0.0003154119474212021,
      0.0028089405644699163,
      0.007639320225002219,
      0.014503040410052457,
      0.022968828337396996
    ],
    [
      0.02296882833739713,
      0.03250474741657093,
      0.042511620781172585,
      0.05236067977499785,
      0.0614330717991599,
      0.06915874509685652,
      0.07505226720175455,
      0.07874332644514521,
      0.07999999999999997,
      0.07874332644514526,
      0.07505226720175456,
      0.06915874509685649,
      0.061433071799159904,
      0.05236067977499788,
      0.04251162078117247,
      0.03250474741657109,
      0.022968828337397038,
      0.01450304041005235,
      0.007639320225002045,
      0.0028089405644700412,
      0.00031541194742132963,
      0.00031541194742101044,
      0.0028089405644699896,
      0.00763932022500209,
      0.014503040410052485
    ],
    [
      0.014503040410052462,
      0.022968828337397128,
      0.03250474741657106,
      0.04251162078117254,
      0.05236067977499782,
      0.061433071799159945,
      0.06915874509685645,
      0.07505226720175448,
      0.07874332644514526,
      0.08000000000000002,
      0.07874332644514524,
      0.07505226720175456,
      0.06915874509685649,
      0.06143307179915986,
      0.052360679774997886,
      0.04251162078117261,
      0.032504747416570945,
      0.022968828337397048,
      0.014503040410052346,
      0.007639320225002118,
      0.0028089405644701523,
      0.0003154119474208637,
      0.00031541194742086483,
      0.002808940564469983,
      0.007639320225002147
    ],
    [
      0.007639320225002105,
      0.014503040410052416,
      0.02296882833739707,
      0.03250474741657102,
      0.04251162078117235,
      0.052360679774998004,
      0.061433071799159855,
      0.0691587450968564,
      0.07505226720175465,
      0.0787433264451453,
      0.07999999999999996,
      0.0787433264451452,
      0.07505226720175448,
      0.06915874509685643,
      0.061433071799159876,
      0.05236067977499799,
      0.04251162078117248,
      0.03250474741657102,
      0.022968828337397086,
      0.014503040410052384,
      0.007639320225002084,
      0.002808940564469884,
      0.0003154119474208309,
      0.00031541194742100334,
      0.002808940564469963
    ],
    [
      0.002808940564469902,
      0.007639320225002175,
      0.014503040410052374,
      0.022968828337397017,
      0.032504747416571035,
      0.0425116207811725,
      0.05236067977499791,
      0.06143307179915986,
      0.06915874509685649,
      0.07505226720175452,
      0.07874332644514524,
      0.08,
      0.07874332644514528,
      0.07505226720175451,
      0.06915874509685639,
      0.061433071799159814,
      0.052360679774997795,
      0.04251162078117251,
      0.03250474741657106,
      0.022968828337397156,
      0.01450304041005235,
      0.007639320225002104,
      0.0028089405644701536,
      0.0003154119474212212,
      0.0003154119474209622
    ],
    [
      0.0003154119474208447,
      0.0028089405644699094,
      0.0076393202250021695,
      0.014503040410052294,
      0.02296882833739736,
      0.03250474741657089,
      0.04251162078117263,
      0.05236067977499799,
      0.0614330717991598,
      0.06915874509685643,
      0.07505226720175455,
      0.07874332644514523,
      0.07999999999999999,
      0.07874332644514526,
      0.07505226720175458,
      0.06915874509685645,
      0.06143307179915985,
      0.05236067977499787,
      0.04251162078117251,
      0.03250474741657103,
      0.022968828337397072,
      0.014503040410052384,
      0.007639320225002068,
      0.002808940564469951,
      0.0003154119474209443
    ],
    [
      0.00031541194742124024,
      0.0003154119474210374,
      0.0028089405644700495,
      0.0076393202250019,
      0.014503040410052861,
      0.02296882833739697,
      0.032504747416571146,
      0.0425116207811726,
      0.052360679774997664,
      0.06143307179915969,
      0.06915874509685636,
      0.0750522672017545,
      0.0787433264451453,
      0.08000000000000008,
      0.07874332644514537,
      0.07505226720175458,
      0.06915874509685652,
      0.06143307179915984,
      0.05236067977499781,
      0.04251162078117245,
      0.032504747416571105,
      0.022968828337397214,
      0.014503040410052324,
      0.0076393202250020845,
      0.0028089405644703184
    ],
    [
      0.0028089405644698643,
      0.00031541194742085074,
      0.0003154119474212603,
      0.0028089405644699133,
      0.0076393202250025945,
      0.014503040410052079,
      0.022968828337397173,
      0.03250474741657109,
      0.04251162078117237,
      0.05236067977499788,
      0.06143307179915985,
      0.06915874509685647,
      0.07505226720175455,
      0.07874332644514527,
      0.08000000000000003,
      0.07874332644514527,
      0.07505226720175459,
      0.06915874509685645,
      0.06143307179915981,
      0.052360679774997865,
      0.042511620781172564,
      0.032504747416571014,
      0.022968828337397124,
      0.01450304041005243,
      0.007639320225002156
    ],
    [
      0.00763932022500197,
      0.0028089405644698773,
      0.0003154119474210147,
      0.0003154119474206437,
      0.0028089405644704663,
      0.007639320225001849,
      0.014503040410052544,
      0.02296882833739718,
      0.03250474741657087,
      0.042511620781172474,
      0.05236067977499787,
      0.0614330717991599,
      0.06915874509685652,
      0.0750522672017546,
      0.07874332644514526,
      0.08000000000000002,
      0.07874332644514524,
      0.07505226720175452,
      0.0691587450968564,
      0.06143307179915982,
      0.052360679774997955,
      0.042511620781172495,
      0.032504747416571035,
      0.022968828337397093,
      0.01450304041005238
    ],
    [
      0.014503040410052204,
      0.007639320225002282,
      0.0028089405644714364,
      0.00031541194742193353,
      0.0003154119474221566,
      0.0028089405644697116,
      0.007639320225002145,
      0.014503040410052317,
      0.022968828337397138,
      0.032504747416571306,
      0.042511620781172606,
      0.05236067977499784,
      0.061433071799159605,
      0.06915874509685632,
      0.07505226720175447,
      0.07874332644514528,
      0.08000000000000017,
      0.07874332644514528,
      0.0750522672017545,
      0.06915874509685639,
      0.06143307179915975,
      0.052360679774997775,
      0.04251162078117273,
      0.032504747416571216,
      0.022968828337397027
    ],
    [
      0.022968828337397527,
      0.014503040410052681,
      0.007639320225000973,
      0.002808940564469793,
      0.0003154119474243243,
      0.0003154119474234163,
      0.002808940564470444,
      0.007639320225001726,
      0.014503040410053257,
      0.022968828337397294,
      0.032504747416571014,
      0.04251162078117242,
      0.052360679774997976,
      0.06143307179915972,
      0.0691587450968564,
      0.0750522672017543,
      0.07874332644514491,
      0.08,
      0.07874332644514553,
      0.07505226720175474,
      0.06915874509685661,
      0.061433071799159904,
      0.052360679774997615,
      0.04251162078117229,
      0.032504747416571216
    ],
    [
      0.032504747416570924,
      0.022968828337396992,
      0.014503040410052438,
      0.007639320225001917,
      0.002808940564470534,
      0.0003154119474205137,
      0.0003154119474211782,
      0.002808940564469939,
      0.007639320225001851,
      0.014503040410052284,
      0.022968828337397055,
      0.03250474741657104,
      0.04251162078117257,
      0.05236067977499794,
      0.06143307179915987,
      0.0691587450968565,
      0.07505226720175465,
      0.07874332644514524,
      0.07999999999999992,
      0.07874332644514515,
      0.07505226720175447,
      0.06915874509685642,
      0.06143307179915992,
      0.05236067977499796,
      0.04251162078117252
    ],
    [
      0.04251162078117246,
      0.0325047474165709,
      0.022968828337397083,
      0.014503040410052253,
      0.007639320225002663,
      0.002808940564469602,
      0.0003154119474214028,
      0.00031541194742107446,
      0.0028089405644697034,
      0.0076393202250020125,
      0.014503040410052445,
      0.022968828337397145,
      0.03250474741657103,
      0.04251162078117259,
      0.0523606797749979,
      0.06143307179915989,
      0.06915874509685653,
      0.07505226720175455,
      0.07874332644514513,
      0.08,
      0.07874332644514517,
      0.07505226720175451,
      0.06915874509685647,
      0.06143307179915986,
      0.0523606797749979
    ],
    [
      0.052360679774997865,
      0.04251162078117252,
      0.03250474741657102,
      0.022968828337397034,
      0.014503040410052499,
      0.00763932022500195,
      0.0028089405644703266,
      0.0003154119474210468,
      0.00031541194742085545,
      0.002808940564469973,
      0.007639320225002092,
      0.014503040410052417,
      0.02296882833739709,
      0.03250474741657103,
      0.04251162078117257,
      0.05236067977499789,
      0.061433071799159925,
      0.06915874509685653,
      0.07505226720175452,
      0.07874332644514521,
      0.07999999999999995,
      0.07874332644514523,
      0.07505226720175456,
      0.06915874509685653,
      0.06143307179915983
    ],
    [
      0.06143307179915989,
      0.0523606797749979,
      0.042511620781172564,
      0.03250474741657108,
      0.022968828337397027,
      0.014503040410052468,
      0.007639320225002188,
      0.0028089405644698934,
      0.00031541194742098523,
      0.0003154119474209753,
      0.002808940564469923,
      0.007639320225002088,
      0.014503040410052426,
      0.02296882833739708,
      0.03250474741657104,
      0.04251162078117247,
      0.052360679774997886,
      0.06143307179915994,
      0.06915874509685646,
      0.07505226720175448,
      0.07874332644514521,
      0.08000000000000003,
      0.07874332644514524,
      0.07505226720175463,
      0.06915874509685645
    ],
    [
      0.06915874509685647,
      0.061433071799159855,
      0.05236067977499788,
      0.04251162078117255,
      0.03250474741657086,
      0.022968828337397176,
      0.014503040410052405,
      0.007639320225002079,
      0.002808940564470045,
      0.00031541194742096783,
      0.00031541194742089725,
      0.002808940564469941,
      0.007639320225002146,
      0.014503040410052426,
      0.022968828337397152,
      0.032504747416570966,
      0.042511620781172495,
      0.052360679774998,
      0.06143307179915991,
      0.06915874509685647,
      0.07505226720175454,
      0.07874332644514528,
      0.07999999999999995,
      0.07874332644514524,
      0.07505226720175455
    ],
    [
      0.07505226720175451,
      0.06915874509685645,
      0.06143307179915988,
      0.05236067977499791,
      0.04251162078117252,
      0.03250474741657099,
      0.022968828337396958,
      0.014503040410052367,
      0.007639320225002071,
      0.0028089405644699263,
      0.0003154119474209294,
      0.00031541194742089524,
      0.002808940564470008,
      0.00763932022500215,
      0.014503040410052473,
      0.022968828337397062,
      0.03250474741657095,
      0.0425116207811726,
      0.052360679774997934,
      0.061433071799159945,
      0.06915874509685643,
      0.07505226720175456,
      0.07874332644514523,
      0.0799999999999999,
      0.07874332644514527
    ],
    [
      0.07874332644514519,
      0.07505226720175454,
      0.06915874509685652,
      0.06143307179915985,
      0.0523606797749981,
      0.04251162078117243,
      0.03250474741657101,
      0.022968828337397128,
      0.014503040410052374,
      0.007639320225002099,
      0.0028089405644699393,
      0.00031541194742092327,
      0.00031541194742101787,
      0.00280894056446997,
      0.007639320225002098,
      0.014503040410052367,
      0.022968828337397194,
      0.03250474741657102,
      0.042511620781172516,
      0.05236067977499792,
      0.06143307179915993,
      0.06915874509685653,
      0.07505226720175459,
      0.07874332644514516,
      0.07999999999999996
    ]
  ],
  "A": [
    [
      0.07647211030201133,
      0.0,
      0.10924704852301695,
      0.16836345668439223,
      4.724529877037601e-05,
      0.05537391368835095,
      1.5478113641747294e-17,
      0.12378003348847498,
      5.750951904739243e-16,
      0.0,
      0.11143764157637842,
      0.01863784397030446,
      0.0
    ],
    [
      0.23308879041769326,
      0.0,
      0.04017552780336995,
      0.15376858811197514,
      0.0,
      0.0033443661657787493,
      5.52193616277555e-16,
      0.15782540586981003,
      0.0,
      7.018758840569483e-17,
      0.1723449477834073,
      0.16846302131874263,
      0.0
    ],
    [
      0.33217124743913673,
      4.2150158829987193e-16,
      0.004332968015790318,
      0.09016549942217635,
      0.0005228054706334574,
      0.001797516837334819,
      0.0,
      0.18024997702116186,
      0.0,
      0.05854133218983519,
      0.15426405761617043,
      0.18043918716750101,
      7.104661467472766e-18
    ],
    [
      0.36273180180862374,
      0.0,
      0.0,
      0.0,
      0.01322886581526399,
      0.04212169481603996,
      0.0,
      0.18594245708821494,
      0.0,
      0.15277775622738868,
      0.07214448781877489,
      0.0750541033169671,
      0.0
    ],
    [
      0.2990432413670504,
      0.00010656885454490813,
      2.6819615088191857e-15,
      0.005881040141591002,
      0.10932568039497031,
      0.06364005351045098,
      1.1581898828479846e-16,
      0.1522509740229487,
      3.2210791589681e-16,
      0.154905318614382,
      0.02236978443620597,
      0.0010221712879747461,
      0.0013387557269872634
    ],
    [
      0.11316830625990115,
      0.0,
      2.3698306943177777e-17,
      0.15861108677847213,
      0.32040492759534217,
      0.049483530977249196,
      0.0,
      0.06757822764366496,
      6.491840772830316e-17,
      0.012756489945675156,
      0.03561410370597698,
      0.0,
      0.0
    ],
    [
      0.09640910649990832,
      1.503874945794404e-16,
      7.604937395029495e-17,
      0.15042636229917394,
      0.23142618911078094,
      0.0658616666997243,
      0.0,
      0.007899653853790257,
      0.1788689813026152,
      2.6616151204033464e-16,
      0.01294522336118071,
      6.83961817617943e-16,
      2.7248012303556335e-17
    ],
    [
      0.14308293344014578,
      0.0465666362634371,
      0.0,
      0.08415971639001359,
      0.13162414509366951,
      0.07014312839710127,
      0.0,
      0.0,
      0.2690430394037993,
      0.0,
      0.0,
      0.0,
      0.0
    ],
    [
      0.21613142488323253,
      0.11696295502810097,
      0.0,
      2.3505996432460083e-16,
      0.048136673272646736,
      0.06088414994897828,
      0.0,
      0.020105380706736627,
      0.2887705224957335,
      0.0,
      0.0,
      0.006456007979261249,
      0.007040806473106867
    ],
    [
      0.2071111138529958,
      0.13810863261487671,
      0.0,
      0.0,
      0.10359744128636422,
      0.03729163738371031,
      0.0,
      0.0,
      0.24630184418890513,
      0.0,
      0.0,
      0.0025904522881878525,
      0.06369319598793437
    ],
    [
      0.20112508542774102,
      0.16992569134966481,
      4.100413831185254e-15,
      0.000670474356300801,
      0.1974124386209596,
      0.0032620630005433704,
      0.005531943385617066,
      5.775139505112993e-17,
      0.1311794483764238,
      1.9857238553113454e-14,
      0.009432455500466471,
      4.085597097125935e-16,
      0.1239272246763016
    ],
    [
      0.13003095482979052,
      0.21422311622969223,
      0.0,
      0.0,
      0.20879731918559366,
      0.0,
      0.1146601298597894,
      0.0,
      0.09189791616301297,
      0.0,
      0.0014340083719974763,
      0.0,
      0.06968797720769443
    ],
    [
      0.06546552137184421,
      0.25127622412441797,
      0.0022460733232886497,
      1.5453546131725546e-05,
      0.1740495557205872,
      2.7692377905823237e-15,
      0.22622584725959433,
      0.00041624231321720845,
      0.08741818630997136,
      2.5371899307774043e-14,
      0.0,
      0.01442753562023772,
      0.005144335847489503
    ],
    [
      0.02111009750157354,
      0.2714904063350182,
      0.02321752448908571,
      0.0,
      0.14677389528966311,
      0.0,
      0.2626944472286338,
      0.0,
      0.06594928624121497,
      0.0,
      0.0,
      1.2882137785840822e-15,
      0.0
    ],
    [
      0.0,
      0.2788011882762876,
      0.045377781758354545,
      0.0,
      0.07834727697423323,
      0.0,
      0.2798405857037794,
      0.0,
      0.07844836264419819,
      6.2145260567542295e-18,
      0.009787814501504821,
      0.002127083795235205,
      0.0014892446316095845
    ],
    [
      0.0,
      0.2717134188038171,
      0.07303084143249529,
      0.0,
      0.002812039553960198,
      0.0,
      0.25823612434716886,
      0.0018271221692367462,
      0.09339115977579239,
      0.002376765699536083,
      0.023679828445173103,
      5.3029382730033296e-15,
      0.028463841221409495
    ],
    [
      0.0,
      0.205361072664054,
      0.06353911045752618,
      0.0,
      0.0,
      0.0,
      0.3231473996551208,
      0.0,
      0.05565509605902407,
      0.12310679370673229,
      0.002896645479301212,
      0.0,
      0.04988575457156126
    ],
    [
      0.0,
      0.16487389837810026,
      0.06402816960296148,
      0.005222455266675932,
      0.0,
      0.0,
      0.3569754327654729,
      0.016315721480781406,
      0.0,
      0.18977081493447556,
      0.0,
      0.0,
      0.055049613681263085
    ],
    [
      0.0010294786249905135,
      0.08218003075697076,
      0.0684276892048341,
      0.04156319986387348,
      6.08372478166703e-15,
      1.8646309784733458e-15,
      0.3357510179101846,
      0.0005418789999837521,
      0.0010340348774120999,
      0.25158965411092477,
      8.085278272294667e-16,
      0.002489133826482509,
      0.10756602111821753
    ],
    [
      0.0,
      0.005407740490486887,
      0.044299457400958926,
      0.07468615578742362,
      0.0,
      0.0,
      0.3987177429022398,
      0.0,
      0.0,
      0.33092587155101333,
      0.0,
      0.043727175258827286,
      0.08820810819306954
    ],
    [
      0.0,
      3.17426093219685e-17,
      0.11563366537935454,
      0.13787823775803779,
      0.0,
      0.0,
      0.15415730271515832,
      0.0,
      0.0,
      0.1771234519693215,
      0.055922992950780896,
      0.00120835076535622,
      0.19091333674036612
    ],
    [
      0.0,
      0.0,
      0.15165598800719543,
      0.1904728516615957,
      0.0,
      3.3748976985940793e-17,
      0.014189141281095509,
      0.013748862979866468,
      0.0,
      0.05744048543234198,
      0.1052924379823097,
      1.500831586699904e-16,
      0.21591249845825167
    ],
    [
      1.0187533286318545e-17,
      0.0,
      0.14008366770722938,
      0.22624520994667077,
      0.0,
      2.0939706175370144e-16,
      0.01896310336007391,
      0.04135318994760634,
      0.0,
      1.239980728500733e-14,
      0.14027779171267635,
      0.04983910961977156,
      0.14650984229902855
    ],
    [
      0.0,
      0.0,
      0.0898547027633196,
      0.2410046315447511,
      0.00020915716198507145,
      0.0028377157330668856,
      0.14499359133948456,
      0.0791152921321478,
      4.482461486001927e-16,
      0.0032810729868077352,
      0.15609624095995095,
      0.1322765819496377,
      0.001679938606517651
    ],
    [
      0.0,
      0.0,
      0.12432723955240454,
      0.1993829482904872,
      0.0,
      0.05300930726895373,
      0.05056069945438041,
      0.09740235444499107,
      0.0,
      2.2897329866024732e-15,
      0.10875876811026329,
      0.012224341041927917,
      0.0005393954150175904
    ]
  ],
  "B": [
    [
      1.4361354681090102e-14,
      0.014941283307545565,
      0.10507082899387425,
      0.12148143460604262,
      0.11716870709370408,
      0.09726145269915804,
      0.06306874069153928,
      0.05960541960415241,
      0.0943441336469187,
      0.09670100131977755,
      0.0614611157880955,
      0.03237651306604959,
      6.129959365901518e-16,
      0.0009822438932869614,
      3.5956882617018314e-06,
      0.0,
      0.0,
      4.0718329121326427e-16,
      0.0003232083291433446,
      0.0,
      0.0,
      2.917051844085549e-15,
      0.0,
      0.0,
      0.0
    ],
    [
      0.0,
      0.0,
      0.0,
      1.141339962066998e-17,
      0.0,
      0.0,
      0.0,
      0.027995269406304677,
      0.08209024493080654,
      0.10170769830537758,
      0.14945839088624807,
      0.18081972974643165,
      0.20839317345385158,
      0.18680348739959543,
      0.1614994261055619,
      0.13562458191337282,
      0.11873396308493553,
      0.07826467734505387,
      0.0512815589707224,
      0.006773346170785337,
      0.0,
      1.4437479672521705e-16,
      0.0,
      0.0,
      0.0
    ],
    [
      0.012717745270291094,
      0.0,
      0.0,
      7.0368474081273385e-15,
      0.0,
      0.0,
      0.0,
      0.0,
      0.0,
      0.0,
      6.707725103784363e-16,
      4.508452554752514e-14,
      0.0,
      1.4948911996820656e-14,
      2.6362810735874983e-14,
      0.0699167059663255,
      0.10474483763427661,
      0.2027553610985051,
      0.28531603034441,
      0.3308176786542857,
      0.29646114939513024,
      0.3033547916164642,
      0.3563786729152243,
      0.2979081255267746,
      0.12098363741538289
    ],
    [
      0.11323631699267582,
      0.1571790274508373,
      0.20643796718001575,
      0.1633962135032903,
      0.06039533731134906,
      0.0,
      0.0,
      0.0,
      0.0,
      0.0,
      0.0,
      9.996650593348138e-16,
      0.0,
      0.0,
      1.3063352169789076e-15,
      0.0,
      0.017709610478826156,
      0.0005470306992683629,
      8.827558320585853e-05,
      0.0,
      0.003747778164549863,
      0.030326040840535425,
      0.08980295006923553,
      0.1153963182181844,
      0.10219436985741036
    ],
    [
      0.0,
      0.0,
      0.004025818887425945,
      0.034252050562456726,
      0.08196006214477417,
      0.12298682380876311,
      0.15188608068586784,
      0.1593211436021678,
      0.14342763009261206,
      0.13771877951098654,
      0.13190688699788994,
      0.11794370412692112,
      0.09833461811229607,
      0.0690953392795456,
      0.03744753549212008,
      0.023842705174154273,
      0.0,
      0.0006726097051833836,
      0.0001083240715068375,
      0.0,
      0.0,
      0.0019503227763821042,
      0.0006194107937475002,
      0.0,
      0.0
    ],
    [
      0.32637066894914235,
      0.38700349390988886,
      0.2769078318583893,
      0.3676964017140453,
      0.5206942724410475,
      0.4742080378858085,
      0.19245230903413696,
      0.10415358089644274,
      0.2242885155705213,
      0.1282481900393643,
      0.052967666966637385,
      0.005057485227401094,
      0.0,
      0.004135479988358278,
      0.050398118350332026,
      0.0,
      0.0,
      5.459918586483108e-06,
      0.0005834500321134564,
      0.0,
      0.0,
      2.463543799450952e-16,
      0.0,
      0.06830774597382096,
      0.20484086583932526
    ],
    [
      0.0,
      0.0,
      0.0,
      0.0001809265998109994,
      0.0,
      0.0,
      0.0,
      0.0,
      0.0017469525078913164,
      0.01663292876865776,
      6.2004549658321385e-15,
      1.510623518447445e-14,
      0.001713546181952011,
      0.05013054331691851,
      0.09650754056757993,
      0.11342398745344806,
      0.12431662019087407,
      0.13107478263537958,
      0.12072838916476364,
      0.1255906056237477,
      0.09753405026535485,
      0.059534659861260664,
      0.023365155122332164,
      0.00275084240534978,
      0.0
    ],
    [
      0.13688172684365,
      0.2262934019348606,
      0.13675072120326884,
      0.09162567696249584,
      0.0,
      0.019331780564834103,
      0.17216159075644605,
      0.1791215917076538,
      0.021138052790303945,
      1.1222839827431435e-16,
      1.1057157304429612e-16,
      0.00036709043409280086,
      0.0,
      4.0449718177311276e-15,
      1.158936719265961e-16,
      0.0,
      0.0,
      6.17204469882288e-15,
      4.690867038102181e-15,
      0.039927312418837554,
      0.0,
      0.010395148110032039,
      0.10708424020613823,
      0.14067932435381875,
      0.1010389512644963
    ],
    [
      0.0003053465216946202,
      0.0,
      0.0,
      7.921596761522933e-15,
      0.0,
      0.04343298542429478,
      0.13465571736812162,
      0.15570619838216526,
      0.09965240949406837,
      0.10911627025212944,
      0.12015729827506526,
      0.12080368911314547,
      0.11044069636847065,
      0.09027395014744084,
      0.0614015750338981,
      0.05023349463988024,
      0.027815487664233488,
      0.01434657023519079,
      0.0011599368778919433,
      0.0,
      0.0,
      1.4013842054963404e-16,
      0.0,
      0.0,
      0.0
    ],
    [
      0.09159573567844817,
      0.02893031729728194,
      0.022817104400939533,
      0.0020871795895827084,
      0.0,
      0.0,
      0.0,
      7.342881860057169e-05,
      1.130152788571457e-15,
      0.001382386841030723,
      0.04080947310822128,
      0.06136579178668872,
      0.07822302407907836,
      0.04033587065896925,
      0.0008138401382775875,
      0.0,
      0.0,
      4.324957498996609e-05,
      0.015776658695599886,
      0.008679782377567278,
      0.0680509211354923,
      0.1071368572952576,
      0.10004420743039356,
      0.10305688394910477,
      0.11896324710874152
    ],
    [
      0.21989902802256134,
      1.0849412635958374e-16,
      0.0,
      1.0163428532807999e-15,
      0.10888869544996811,
      0.13521626700581962,
      0.050072865671338736,
      0.0,
      0.0,
      0.0,
      0.0,
      0.0,
      0.0,
      1.1150785209179458e-15,
      3.6164708786527706e-17,
      0.0,
      0.0,
      0.0003458590759925013,
      4.3265046611606476e-14,
      3.616470878652836e-17,
      0.17343663109013238,
      0.19652116521607213,
      0.00038879183051783467,
      0.0,
      0.21959347158556944
    ],
    [
      0.0013462426800492366,
      0.09105278830601812,
      8.019347645525752e-17,
      0.03514439187759001,
      0.07154874823755435,
      0.06423786919331259,
      0.007213179116977835,
      0.0,
      0.03815652056880508,
      2.291893105511053e-15,
      0.0,
      0.0001060629040252939,
      0.016673929640351828,
      0.0004311411876451501,
      0.000866801923763506,
      0.0,
      0.0042024610711744745,
      0.036883437395794305,
      0.0677611301123905,
      0.07664844297030904,
      0.0007949515810791461,
      4.9345187593289445e-14,
      0.09698791798974227,
      0.10099891525069511,
      0.0
    ],
    [
      0.0353797442116886,
      0.08174280727308368,
      0.0,
      2.49716033117542e-16,
      0.0,
      0.0,
      0.0,
      0.0015839961039900664,
      0.0,
      0.0,
      0.0021528379422892517,
      0.01903267438935427,
      0.04624817116841327,
      0.09235503793052129,
      0.14398722231527777,
      0.14032973956279401,
      0.14514375990968031,
      0.13283655955297094,
      0.10769545802202199,
      0.10213506186565979,
      0.04406877746972636,
      0.0017798368624152418,
      5.719619477641678e-15,
      0.0,
      7.362399538969729e-06
    ]
  ],
  "M": [
    [
      0.08,
      0.07874332644514526,
      0.07505226720175454,
      0.06915874509685647,
      0.06143307179915986,
      0.0523606797749979,
      0.042511620781172536,
      0.03250474741657102,
      0.022968828337397097,
      0.014503040410052412,
      0.007639320225002104,
      0.0028089405644699463,
      0.00031541194742088814,
      0.00031541194742088706,
      0.002808940564469943,
      0.0076393202250020905,
      0.014503040410052419,
      0.022968828337397107,
      0.03250474741657101,
      0.042511620781172516,
      0.05236067977499789,
      0.06143307179915988,
      0.06915874509685645,
      0.07505226720175452,
      0.07874332644514523
    ],
    [
      0.07874332644514526,
      0.08,
      0.07874332644514526,
      0.07505226720175458,
      0.06915874509685645,
      0.06143307179915988,
      0.0523606797749979,
      0.042511620781172536,
      0.03250474741657102,
      0.022968828337397097,
      0.014503040410052417,
      0.007639320225002108,
      0.0028089405644699476,
      0.0003154119474208866,
      0.00031541194742088635,
      0.0028089405644699363,
      0.00763932022500211,
      0.014503040410052419,
      0.02296882833739709,
      0.032504747416570993,
      0.04251162078117252,
      0.05236067977499791,
      0.06143307179915986,
      0.06915874509685643,
      0.07505226720175454
    ],
    [
      0.07505226720175454,
      0.07874332644514526,
      0.08,
      0.07874332644514523,
      0.07505226720175454,
      0.06915874509685645,
      0.06143307179915986,
      0.0523606797749979,
      0.042511620781172536,
      0.03250474741657102,
      0.022968828337397097,
      0.014503040410052417,
      0.00763932022500211,
      0.002808940564469943,
      0.00031541194742088744,
      0.0003154119474208838,
      0.0028089405644699476,
      0.00763932022500211,
      0.014503040410052405,
      0.022968828337397065,
      0.032504747416570993,
      0.04251162078117255,
      0.05236067977499787,
      0.06143307179915982,
      0.06915874509685643
    ],
    [
      0.06915874509685647,
      0.07505226720175458,
      0.07874332644514523,
      0.08,
      0.07874332644514527,
      0.07505226720175456,
      0.06915874509685647,
      0.06143307179915986,
      0.0523606797749979,
      0.042511620781172536,
      0.03250474741657102,
      0.022968828337397097,
      0.014503040410052419,
      0.007639320225002098,
      0.002808940564469943,
      0.00031541194742088885,
      0.0003154119474208883,
      0.002808940564469951,
      0.007639320225002102,
      0.014503040410052402,
      0.02296882833739709,
      0.03250474741657103,
      0.042511620781172536,
      0.05236067977499785,
      0.061433071799159855
    ],
    [
      0.06143307179915986,
      0.06915874509685645,
      0.07505226720175454,
      0.07874332644514527,
      0.08,
      0.07874332644514523,
      0.07505226720175454,
      0.06915874509685647,
      0.06143307179915988,
      0.0523606797749979,
      0.042511620781172536,
      0.03250474741657102,
      0.022968828337397107,
      0.014503040410052412,
      0.00763932022500211,
      0.0028089405644699528,
      0.00031541194742088543,
      0.0003154119474208883,
      0.002808940564469941,
      0.0076393202250020905,
      0.014503040410052405,
      0.022968828337397107,
      0.032504747416570993,
      0.0425116207811725,
      0.05236067977499787
    ],
    [
      0.0523606797749979,
      0.06143307179915988,
      0.06915874509685645,
      0.07505226720175456,
      0.07874332644514523,
      0.08,
      0.07874332644514526,
      0.07505226720175454,
      0.06915874509685647,
      0.06143307179915988,
      0.0523606797749979,
      0.042511620781172536,
      0.03250474741657102,
      0.02296882833739709,
      0.014503040410052412,
      0.007639320225002116,
      0.0028089405644699376,
      0.0003154119474208849,
      0.00031541194742088543,
      0.0028089405644699363,
      0.007639320225002093,
      0.014503040410052419,
      0.02296882833739708,
      0.03250474741657097,
      0.042511620781172516
    ],
    [
      0.042511620781172536,
      0.0523606797749979,
      0.06143307179915986,
      0.06915874509685647,
      0.07505226720175454,
      0.07874332644514526,
      0.08,
      0.07874332644514523,
      0.07505226720175454,
      0.06915874509685645,
      0.06143307179915986,
      0.05236067977499789,
      0.042511620781172536,
      0.03250474741657101,
      0.02296882833739709,
      0.014503040410052419,
      0.0076393202250020905,
      0.0028089405644699363,
      0.00031541194742088716,
      0.00031541194742088435,
      0.002808940564469941,
      0.007639320225002113,
      0.014503040410052405,
      0.02296882833739706,
      0.032504747416570993
    ],
    [
      0.03250474741657102,
      0.042511620781172536,
      0.0523606797749979,
      0.06143307179915986,
      0.06915874509685647,
      0.07505226720175454,
      0.07874332644514523,
      0.08,
      0.07874332644514523,
      0.07505226720175454,
      0.06915874509685645,
      0.061433071799159855,
      0.0523606797749979,
      0.04251162078117252,
      0.03250474741657101,
      0.022968828337397107,
      0.014503040410052397,
      0.0076393202250020905,
      0.0028089405644699445,
      0.00031541194742088776,
      0.0003154119474208866,
      0.0028089405644699476,
      0.007639320225002097,
      0.014503040410052381,
      0.022968828337397065
    ],
    [
      0.022968828337397097,
      0.03250474741657102,
      0.042511620781172536,
      0.0523606797749979,
      0.06143307179915988,
      0.06915874509685647,
      0.07505226720175454,
      0.07874332644514523,
      0.08,
      0.07874332644514526,
      0.07505226720175454,
      0.06915874509685647,
      0.06143307179915986,
      0.05236067977499789,
      0.042511620781172536,
      0.03250474741657104,
      0.02296882833739708,
      0.014503040410052397,
      0.007639320225002102,
      0.002808940564469951,
      0.00031541194742088776,
      0.0003154119474208883,
      0.0028089405644699393,
      0.00763932022500208,
      0.014503040410052397
    ],
    [
      0.014503040410052412,
      0.022968828337397097,
      0.03250474741657102,
      0.042511620781172536,
      0.0523606797749979,
      0.06143307179915988,
      0.06915874509685645,
      0.07505226720175454,
      0.07874332644514526,
      0.08000000000000003,
      0.07874332644514523,
      0.07505226720175456,
      0.06915874509685647,
      0.06143307179915986,
      0.05236067977499791,
      0.042511620781172564,
      0.03250474741657101,
      0.02296882833739709,
      0.014503040410052419,
      0.007639320225002118,
      0.0028089405644699493,
      0.00031541194742088543,
      0.0003154119474208849,
      0.0028089405644699294,
      0.007639320225002088
    ],
    [
      0.007639320225002104,
      0.014503040410052417,
      0.022968828337397097,
      0.03250474741657102,
      0.042511620781172536,
      0.0523606797749979,
      0.06143307179915986,
      0.06915874509685645,
      0.07505226720175454,
      0.07874332644514523,
      0.07999999999999999,
      0.07874332644514523,
