{
  "k": 13,
  "M_approx": [
    [
      0.07999999999936408,
      0.07874332644505537,
      0.07505226719974548,
      0.06915874510075987,
      0.06143307179819558,
      0.05236067977509845,
      0.04251162078075788,
      0.0325047474160005,
      0.02296882833730997,
      0.014503040410130046,
      0.007639320225159146,
      0.002808940564680556,
      0.00031541194791533144,
      0.0003154119474428045,
      0.0028089405644274998,
      0.007639320224797839,
      0.014503040409977628,
      0.022968828336926157,
      0.03250474741666406,
      0.04251162078103111,
      0.052360679775249455,
      0.06143307180000334,
      0.06915874509692319,
      0.07505226720163098,
      0.07874332644485386
    ],
    [
      0.07874332644515786,
      0.08000000000024823,
      0.07874332644537795,
      0.07505226720004898,
      0.06915874509712987,
      0.061433071799058894,
      0.0523606797747149,
      0.04251162078225327,
      0.0325047474164239,
      0.022968828337489814,
      0.014503040409949536,
      0.0076393202248218805,
      0.002808940564699879,
      0.00031541194766867913,
      0.0003154119481543567,
      0.002808940564728073,
      0.007639320225178719,
      0.01450304040977977,
      0.02296882833689877,
      0.03250474741660575,
      0.042511620781130965,
      0.05236067977456055,
      0.06143307179918891,
      0.06915874509752892,
      0.07505226720204272
    ],
    [
      0.07505226720198249,
      0.07874332644521267,
      0.08000000000049805,
      0.07874332644310088,
      0.07505226720221472,
      0.06915874509672627,
      0.06143307179912422,
      0.05236067977596911,
      0.04251162078096037,
      0.03250474741649578,
      0.022968828337084655,
      0.014503040409877519,
      0.007639320225087016,
      0.002808940564592421,
      0.00031541194814042493,
      0.0003154119477066531,
      0.002808940564693779,
      0.00763932022507122,
      0.014503040409779615,
      0.02296882833767875,
      0.03250474741662235,
      0.0425116207805103,
      0.052360679774989614,
      0.06143307179980797,
      0.06915874509710013
    ],
    [
      0.06915874509717042,
      0.07505226720158438,
      0.07874332644466604,
      0.08000000000155676,
      0.07874332644479065,
      0.07505226720158535,
      0.06915874509711564,
      0.061433071798333266,
      0.05236067977521446,
      0.04251162078132159,
      0.03250474741653143,
      0.02296882833755081,
      0.01450304041028356,
      0.00763932022492537,
      0.002808940564497249,
      0.0003154119471973182,
      0.00031541194723328793,
      0.0028089405651101304,
      0.007639320225279228,
      0.01450304040989392,
      0.022968828337440284,
      0.0325047474168129,
      0.042511620780990814,
      0.05236067977470743,
      0.06143307179869652
    ],
    [
      0.06143307179969745,
      0.06915874509700023,
      0.07505226720296412,
      0.07874332644315415,
      0.08000000000053954,
      0.07874332644526671,
      0.0750522672024462,
      0.06915874509599874,
      0.06143307179954357,
      0.052360679775201605,
      0.04251162078126654,
      0.03250474741627615,
      0.02296882833726239,
      0.014503040409964673,
      0.007639320225018806,
      0.002808940564390564,
      0.00031541194723571866,
      0.0003154119498650544,
      0.002808940565092934,
      0.007639320224668467,
      0.014503040409738287,
      0.022968828337192753,
      0.03250474741629353,
      0.04251162078112308,
      0.052360679774702115
    ],
    [
      0.05236067977561299,
      0.06143307179892887,
      0.0691587450967067,
      0.07505226720014484,
      0.07874332644611015,
      0.07999999999956353,
      0.0787433264459499,
      0.0750522672018519,
      0.06915874509656014,
      0.061433071798613084,
      0.05236067977492238,
      0.04251162078159667,
      0.03250474741654399,
      0.022968828337361948,
      0.014503040410418118,
      0.007639320225578905,
      0.002808940565013826,
      0.000315411950544563,
      0.0003154119495893427,
      0.0028089405653679103,
      0.007639320225201091,
      0.014503040409554588,
      0.022968828337643944,
      0.03250474741704145,
      0.04251162078150511
    ],
    [
      0.04251162078119522,
      0.0523606797746035,
      0.06143307179902388,
      0.06915874509685539,
      0.07505226720212493,
      0.0787433264454454,
      0.07999999999987699,
      0.07874332644502278,
      0.07505226720187325,
      0.0691587450970903,
      0.06143307179920949,
      0.05236067977461524,
      0.04251162078102623,
      0.03250474741642668,
      0.022968828337021515,
      0.014503040410072358,
      0.007639320225178353,
      0.0028089405652889105,
      0.00031541194886314857,
      0.0003154119482571877,
      0.0028089405649636655,
      0.007639320224836159,
      0.014503040410022773,
      0.022968828337266805,
      0.03250474741681567
    ],
    [
      0.03250474741558973,
      0.04251162078087841,
      0.052360679776278965,
      0.06143307180031846,
      0.0691587450966035,
      0.07505226720064782,
      0.07874332644495757,
      0.07999999999982108,
      0.07874332644525446,
      0.07505226720192706,
      0.0691587450970414,
      0.06143307179947782,
      0.05236067977510468,
      0.04251162078108346,
      0.03250474741644427,
      0.022968828337203043,
      0.014503040409911626,
      0.007639320224322208,
      0.0028089405656566498,
      0.0003154119477982758,
      0.0003154119477715711,
      0.00280894056484056,
      0.0076393202250232125,
      0.01450304040946483,
      0.022968828337423038
    ],
    [
      0.022968828338351344,
      0.03250474741707861,
      0.042511620780162816,
      0.05236067977563892,
      0.06143307179837937,
      0.06915874509741723,
      0.07505226720132922,
      0.07874332644523561,
      0.07999999999997089,
      0.07874332644524401,
      0.07505226720181399,
      0.06915874509665788,
      0.06143307179931896,
      0.052360679775262466,
      0.042511620781263006,
      0.032504747416498087,
      0.022968828337291754,
      0.014503040408937592,
      0.007639320226093905,
      0.00280894056442785,
      0.00031541194811527583,
      0.0003154119495750811,
      0.0028089405644335878,
      0.0076393202246817175,
      0.014503040409744964
    ],
    [
      0.014503040410724926,
      0.022968828337460674,
      0.0325047474154029,
      0.04251162078184487,
      0.05236067977487163,
      0.06143307179946807,
      0.06915874509658014,
      0.07505226720170911,
      0.07874332644526291,
      0.08000000000002772,
      0.07874332644519548,
      0.07505226720148166,
      0.06915874509685065,
      0.06143307179924276,
      0.052360679774945705,
      0.042511620781146814,
      0.03250474741654396,
      0.02296882833730849,
      0.014503040410698852,
      0.007639320225092989,
      0.0028089405646600073,
      0.0003154119481394512,
      0.0003154119474731521,
      0.0028089405657491556,
      0.007639320225045676
    ],
    [
      0.00763932022380989,
      0.014503040409662812,
      0.02296882833896513,
      0.032504747416339554,
      0.04251162078098816,
      0.052360679774200086,
      0.0614330718000354,
      0.06915874509636608,
      0.0750522672022435,
      0.07874332644495054,
      0.07999999999999236,
      0.07874332644522654,
      0.07505226720156256,
      0.06915874509672588,
      0.06143307179952396,
      0.052360679774875865,
      0.04251162078089348,
      0.03250474741706619,
      0.02296882833743475,
      0.014503040409812058,
      0.007639320224894972,
      0.002808940564985332,
      0.0003154119472850231,
      0.00031541194900302263,
      0.0028089405636301267
    ],
    [
      0.002808940565729602,
      0.007639320224899326,
      0.01450304040829716,
      0.022968828339474907,
      0.03250474741620194,
      0.04251162078259929,
      0.0523606797743375,
      0.06143307179801102,
      0.06915874509673736,
      0.07505226720177066,
      0.07874332644557316,
      0.08000000000045776,
      0.07874332644552576,
      0.07505226720164443,
      0.06915874509609987,
      0.0614330717989,
      0.052360679775102344,
      0.042511620781267745,
      0.032504747416237746,
      0.022968828337573976,
      0.014503040410175177,
      0.007639320225388408,
      0.00280894056510155,
      0.00031541195154397944,
      0.00031541194831104116
    ],
    [
      0.00031541194893922416,
      0.0028089405644509957,
      0.007639320227001415,
      0.014503040409992115,
      0.022968828337495775,
      0.03250474741542868,
      0.04251162078126606,
      0.05236067977563436,
      0.06143307179921823,
      0.0691587450967175,
      0.07505226720162483,
      0.0787433264453618,
      0.07999999999981044,
      0.07874332644497915,
      0.07505226720178405,
      0.06915874509671527,
      0.06143307179896904,
      0.052360679775923034,
      0.042511620781174715,
      0.03250474741636647,
      0.022968828337010857,
      0.014503040409767808,
      0.007639320225318384,
      0.002808940566159241,
      0.0003154119476758202
    ],
    [
      0.0003154119517406546,
      0.00031541194827847086,
      0.0028089405657948144,
      0.0076393202249906,
      0.014503040409492357,
      0.022968828337615845,
      0.03250474741553721,
      0.04251162078258625,
      0.052360679774476865,
      0.061433071799193606,
      0.06915874509653949,
      0.07505226720153634,
      0.07874332644518899,
      0.08000000000037956,
      0.07874332644532288,
      0.07505226720179026,
      0.06915874509674994,
      0.06143307179895353,
      0.052360679775067746,
      0.042511620780426855,
      0.03250474741633727,
      0.02296882833827065,
      0.014503040410008328,
      0.007639320224670384,
      0.0028089405646377023
    ],
    [
      0.002808940564384166,
      0.000315411946466559,
      0.00031541195240365207,
      0.0028089405644264936,
      0.007639320224554383,
      0.014503040408283607,
      0.022968828337625802,
      0.03250474741745593,
      0.042511620781208154,
      0.052360679775041274,
      0.06143307179909009,
      0.06915874509726926,
      0.07505226720144006,
      0.078743326444763,
      0.07999999999979619,
      0.0787433264449301,
      0.07505226720160985,
      0.06915874509786697,
      0.06143307179955129,
      0.05236067977520248,
      0.04251162078110579,
      0.03250474741602042,
      0.022968828337380353,
      0.014503040409546098,
      0.007639320224564532
    ],
    [
      0.00763932022533176,
      0.00280894056600154,
      0.0003154119562189211,
      0.0003154119523420348,
      0.0028089405649307088,
      0.007639320229085378,
      0.014503040409525356,
      0.02296882833495868,
      0.03250474741617396,
      0.04251162078162866,
      0.052360679775149646,
      0.06143307179868475,
      0.06915874509721169,
      0.07505226720229353,
      0.07874332644518306,
      0.08000000000034312,
      0.07874332644554313,
      0.07505226720082872,
      0.06915874509578526,
      0.06143307179879189,
      0.052360679775391716,
      0.042511620782022363,
      0.032504747416544875,
      0.022968828337711664,
      0.014503040410794157
    ],
    [
      0.014503040410098835,
      0.007639320225011822,
      0.00280894056399313,
      0.0003154119578133356,
      0.00031541194968344666,
      0.0028089405655643716,
      0.007639320226448439,
      0.014503040412365132,
      0.022968828337784797,
      0.03250474741613806,
      0.04251162078050817,
      0.05236067977465034,
      0.061433071798857694,
      0.06915874509673002,
      0.07505226720233849,
      0.07874332644563756,
      0.08000000000019702,
      0.07874332644496507,
      0.07505226720172524,
      0.06915874509738687,
      0.06143307179861041,
      0.052360679772993496,
      0.04251162078105072,
      0.032504747417790254,
      0.022968828337724307
    ],
    [
      0.02296882833732315,
      0.014503040409503664,
      0.007639320224183249,
      0.0028089405668447675,
      0.00031541194626085275,
      0.00031541194796969567,
      0.002808940563539733,
      0.007639320225908267,
      0.014503040409578425,
      0.022968828337278677,
      0.03250474741666549,
      0.042511620781081505,
      0.05236067977517657,
      0.061433071799285845,
      0.06915874509677221,
      0.07505226720183512,
      0.07874332644532205,
      0.07999999999952971,
      0.07874332644500306,
      0.07505226720167048,
      0.06915874509693085,
      0.061433071799711206,
      0.052360679774870335,
      0.04251162078166673,
      0.03250474741612466
    ],
    [
      0.0325047474169402,
      0.022968828337078976,
      0.014503040409918105,
      0.007639320225142123,
      0.002808940563791398,
      0.0003154119482341498,
      0.0003154119463454556,
      0.002808940566085725,
      0.007639320224328538,
      0.014503040409946487,
      0.02296882833743693,
      0.03250474741625377,
      0.042511620781232794,
      0.05236067977514198,
      0.06143307179914436,
      0.06915874509705135,
      0.07505226720201838,
      0.07874332644491226,
      0.07999999999971538,
      0.07874332644510357,
      0.07505226720170488,
      0.06915874509688522,
      0.06143307179903461,
      0.052360679775475746,
      0.04251162078111817
    ],
    [
      0.042511620782098906,
      0.032504747416438516,
      0.022968828336205012,
      0.014503040411431625,
      0.0076393202264924765,
      0.0028089405657689523,
      0.00031541195131045335,
      0.00031541195471898093,
      0.0028089405642358783,
      0.007639320223818948,
      0.014503040409742074,
      0.02296882833931029,
      0.03250474741613148,
      0.042511620780136386,
      0.05236067977528823,
      0.06143307179885808,
      0.06915874509630424,
      0.07505226720109302,
      0.07874332644650514,
      0.08000000000061859,
      0.07874332644541542,
      0.07505226720209585,
      0.06915874509662674,
      0.061433071797979515,
      0.052360679774163164
    ],
    [
      0.05236067977535395,
      0.0425116207809347,
      0.03250474741669479,
      0.022968828337234518,
      0.014503040410065032,
      0.0076393202250423925,
      0.002808940563915197,
      0.0003154119512269434,
      0.0003154119504135812,
      0.0028089405678706483,
      0.007639320226400022,
      0.014503040408199872,
      0.02296882833757252,
      0.03250474741726863,
      0.042511620781015995,
      0.05236067977486803,
      0.06143307179917354,
      0.06915874509690277,
      0.07505226720085713,
      0.07874332644546485,
      0.080000000000491,
      0.07874332644504532,
      0.07505226720189805,
      0.06915874509662549,
      0.061433071799103546
    ],
    [
      0.06143307179931135,
      0.0523606797746764,
      0.04251162078320851,
      0.032504747415585414,
      0.02296882833699906,
      0.014503040409460573,
      0.007639320224201316,
      0.0028089405663603334,
      0.0003154119469698948,
      0.00031541194763479825,
      0.0028089405645912464,
      0.007639320224940816,
      0.014503040410020205,
      0.02296882833724787,
      0.03250474741634517,
      0.04251162078110191,
      0.05236067977507551,
      0.06143307179958915,
      0.0691587450969843,
      0.07505226720193008,
      0.07874332644515523,
      0.07999999999949102,
      0.07874332644527637,
      0.07505226720091221,
      0.0691587450971468
    ],
    [
      0.06915874509640434,
      0.061433071798866395,
      0.05236067977471197,
      0.042511620783970375,
      0.03250474741549998,
      0.022968828337072825,
      0.014503040409272973,
      0.0076393202252967645,
      0.002808940564266654,
      0.0003154119476985591,
      0.00031541194780882294,
      0.0028089405646626407,
      0.00763932022534592,
      0.014503040409988666,
      0.022968828336988392,
      0.03250474741632585,
      0.04251162078111823,
      0.05236067977522667,
      0.06143307179949339,
      0.06915874509671972,
      0.07505226720185147,
      0.07874332644561452,
      0.08000000000012539,
      0.07874332644430766,
      0.07505226720163641
    ],
    [
      0.07505226720119093,
      0.06915874509732721,
      0.06143307179927593,
      0.05236067977393915,
      0.04251162078117226,
      0.03250474741707732,
      0.022968828337374667,
      0.014503040411020804,
      0.007639320224290973,
      0.0028089405641670067,
      0.0003154119481312184,
      0.00031541194841155977,
      0.002808940564959531,
      0.007639320224983961,
      0.014503040409995971,
      0.022968828337331413,
      0.03250474741645558,
      0.04251162078179497,
      0.052360679775321266,
      0.06143307179851552,
      0.06915874509630564,
      0.07505226720192726,
      0.07874332644523671,
      0.08000000000028917,
      0.07874332644554585
    ],
    [
      0.07874332644444937,
      0.07505226720243956,
      0.06915874509666753,
      0.06143307179814331,
      0.052360679775252855,
      0.042511620781654845,
      0.03250474741636914,
      0.0229688283380416,
      0.014503040409770676,
      0.00763932022487293,
      0.002808940564658138,
      0.00031541194697161894,
      0.0003154119474239739,
      0.002808940564504458,
      0.007639320225225184,
      0.014503040410069832,
      0.02296882833727727,
      0.03250474741707795,
      0.04251162078111358,
      0.052360679774463015,
      0.06143307179882906,
      0.0691587450971128,
      0.07505226720179746,
      0.07874332644563269,
      0.08000000000022989
    ]
  ],
  "A": [
    [
      0.008267662786400263,
      0.0,
      0.0005136488245305473,
      0.08267870112341612,
      0.13880891735269024,
      0.05867203749939764,
      0.0,
      0.20172063103150897,
      0.0,
      0.0007413325327226689,
      0.002412111860494222,
      0.05995193589116316,
      0.13897923709555982
    ],
    [
      0.006642969209929227,
      0.0,
      0.0,
      0.028587777771419003,
      0.07656486189047472,
      0.09528160880405213,
      0.0,
      0.002935168327736918,
      0.0,
      0.033454369664178044,
      0.0,
      0.14376284507608245,
      0.23566371463125374
    ],
    [
      0.00052309077213851,
      0.0,
      0.03189873613168579,
      0.0,
      0.08211700379496258,
      0.10304209836026691,
      0.0,
      0.0,
      0.0,
      0.037875815887616016,
      0.006038764614905385,
      0.1224373870561385,
      0.23899400196209994
    ],
    [
      0.0,
      0.0,
      0.10313738193099142,
      0.00034078529837358644,
      0.1620586433788154,
      0.07772427481717087,
      0.0,
      0.1572158735523397,
      0.0,
      0.01574759849236725,
      0.0037387729935754233,
      0.004494399341284279,
      0.12603481135211614
    ],
    [
      0.133963456121712,
      0.0,
      0.17593841855248207,
      0.0,
      0.17692960057038504,
      0.04330359087484456,
      0.0,
      0.039616935048331435,
      0.0,
      0.011717259137509138,
      0.0,
      0.0,
      0.01429309833038026
    ],
    [
      0.29582494024470185,
      0.0,
      0.20722214231291394,
      0.0,
      0.13291099776346127,
      0.015194783536451678,
      0.0,
      0.0,
      0.0,
      0.0,
      0.08437525086562143,
      0.0,
      0.0
    ],
    [
      0.4268000733055213,
      0.0,
      0.19205135451383631,
      0.0,
      0.06595302292779893,
      0.0,
      0.0,
      0.0,
      0.036886926174288855,
      0.004844895765481166,
      0.17559124488689332,
      0.0,
      0.035799434438660585
    ],
    [
      0.4887324665419102,
      0.0,
      0.13141705889635982,
      0.0,
      0.003855125253429823,
      0.0011612971466896914,
      0.0,
      0.0,
      0.13352268234672818,
      0.04277654271078744,
      0.2119269872498962,
      0.0,
      0.08140321897753282
    ],
    [
      0.44318070233508433,
      0.0,
      0.17546462471719543,
      0.0,
      0.0,
      0.001067346825381717,
      0.04557658657953808,
      0.0,
      0.0832728270286718,
      0.0,
      0.20146090311213352,
      0.0,
      0.03022789967762375
    ],
    [
      0.33115224522730513,
      0.0,
      0.15986308343337274,
      0.0,
      0.0,
      0.0190874695143654,
      0.08354668756234682,
      0.0,
      0.11072791706059036,
      0.00220821889333219,
      0.13341085100500064,
      0.0,
      0.0
    ],
    [
      0.16288487884790143,
      0.0,
      0.07681837736852572,
      0.0,
      0.0,
      0.05504713854225443,
      0.10879214674953855,
      0.001492347263180493,
      0.2252382354340701,
      0.05530772686528445,
      0.013540577790591339,
      0.0,
      0.0002697310180406037
    ],
    [
      0.00752290870749547,
      0.021779946953402442,
      0.10136936691173526,
      0.0,
      0.0,
      0.07197441014586474,
      0.15909270212233478,
      0.07490642449354531,
      0.14040887892750917,
      0.0,
      0.0,
      0.0,
      0.0
    ],
    [
      0.0,
      0.18877659089922133,
      0.11420759553486,
      0.0,
      0.0,
      0.03961771213176515,
      0.11692227060341275,
      0.0,
      0.1515165465096414,
      0.04030753988121474,
      0.003567991556581857,
      0.0,
      0.0
    ],
    [
      0.0,
      0.3283553820950611,
      0.1845515361656752,
      0.00561432299595331,
      0.0,
      0.0020349423310346824,
      0.10105832358153427,
      0.0,
      0.0353850227758851,
      0.0011263406012118886,
      0.0733850689434302,
      0.0,
      0.0
    ],
    [
      0.0,
      0.33046668126821455,
      0.07280081753607488,
      0.03991489449057598,
      0.0,
      0.0,
      0.0747193575118174,
      0.001576787799080734,
      0.18068457777059072,
      0.07373505689886654,
      0.00937430796077621,
      0.0,
      0.0
    ],
    [
      0.0,
      0.281163144113293,
      0.008174700555060647,
      0.07923121635758792,
      0.0,
      0.0,
      0.0804429726685513,
      0.0836478590550143,
      0.21257170325672847,
      0.0694232306975219,
      0.0,
      0.0,
      0.0
    ],
    [
      0.0,
      0.20713570422648434,
      0.0,
      0.11571872940255441,
      0.0,
      0.0,
      0.11006248890383168,
      0.19852440976967536,
      0.13238156406831195,
      0.0,
      0.03685855838137854,
      0.008945793238802263,
      0.0
    ],
    [
      0.0,
      0.21837510134227645,
      0.0005603334560063903,
      0.12394247786494367,
      0.0,
      0.0,
      0.10229545043401239,
      0.07119098585924422,
      0.09290764312352588,
      0.0004885916550882284,
      0.002814239066693044,
      0.07621359803268887,
      0.0009491717169913986
    ],
    [
      0.000868465398763622,
      0.2389521938127867,
      0.0006689509761928644,
      0.12614005944302584,
      0.0001502746039362674,
      0.0,
      0.08400403539795627,
      0.00010325224329158202,
      0.05041799435570097,
      0.0007099058071559565,
      0.0,
      0.12177629801414741,
      0.030299709055430286
    ],
    [
      0.0,
      0.2706579044256114,
      0.0,
      0.1215868755985571,
      0.0,
      0.0,
      0.055418095927929796,
      0.0,
      0.006323029880607495,
      0.0,
      0.033495587039682743,
      0.13937391585688869,
      0.09085992130823621
    ],
    [
      0.0,
      0.24071093295957338,
      0.0,
      0.129922296879673,
      0.041082999756529154,
      0.0,
      0.03881314201765072,
      0.0,
      0.0,
      0.003010577326391434,
      0.0,
      0.13830426507467755,
      0.06873752654171204
    ],
    [
      0.0008995994080932662,
      0.26570370669650994,
      0.0,
      0.11851073998795011,
      0.06461674180028594,
      0.0,
      0.0,
      0.0,
      0.0,
      0.026107560462991546,
      0.003920588488275973,
      0.13015504119698698,
      0.10217864580600235
    ],
    [
      0.02063185513786644,
      0.16659693744916382,
      0.0,
      0.1363753535099945,
      0.11977375684529555,
      0.00017462200328016074,
      0.0,
      0.1441981601158001,
      0.0,
      0.0013447356758374013,
      0.0,
      0.07469943654114017,
      0.05945183925554254
    ],
    [
      0.16403226816655342,
      0.06217582992720154,
      0.0,
      0.13891186723206017,
      0.09893116959887484,
      0.002642921392497744,
      0.0,
      0.0,
      0.0,
      0.0,
      0.0,
      0.14036697505606335,
      0.047813151089161274
    ],
    [
      0.17883323781503607,
      0.0,
      0.001166398602680993,
      0.12306095655220593,
      0.10289078396684534,
      0.019882579636204087,
      0.0,
      0.0,
      0.0012730418254881014,
      0.0,
      0.00024963571074021213,
      0.14238837853090247,
      0.06781652842977473
    ]
  ],
  "B": [
    [
      0.04374350773132106,
      0.06489412432150453,
      0.07391390360487271,
      0.09505926304250077,
      0.10193903880218937,
      0.08507344355879738,
      0.09803752417071705,
      0.08193149952343595,
      0.040819083452353355,
      0.013255157831651165,
      0.0,
      0.0,
      0.0,
      0.014333863535036413,
      0.04211646260478006,
      0.020171354199887543,
      0.0020234054906978797,
      0.0,
      0.0,
      0.0,
      0.0,
      0.0,
      0.0,
      0.0,
      0.013502215737170226
    ],
    [
      0.0,
      1.5885387658520164e-05,
      0.0,
      0.0,
      2.1644008717014202e-06,
      0.0,
      3.01822514544241e-09,
      0.0,
      0.0,
      0.0,
      0.0,
      0.005023407267831293,
      0.04517737146811509,
      0.08505077710470808,
      0.12214684597976692,
      0.12032947132003943,
      0.1151847207215636,
      0.11143477303510507,
      0.10342412042786939,
      0.10504521076090349,
      0.09194615026589069,
      0.06643354400641423,
      0.03955711031953848,
      0.014481759400920216,
      0.0002524981323242366
    ],
    [
      0.0,
      0.0005822233137315047,
      0.0,
      0.03858391511928535,
      0.07324180531137923,
      0.0885057176391362,
      0.16659414382318485,
      0.2157096721615126,
      0.23230113006386213,
      0.228410131095446,
      0.2057626428055723,
      0.1670140721292465,
      0.12495854130546541,
      0.07103547836866601,
      0.008618328577448759,
      7.425240210272862e-05,
      1.3565042044797348e-07,
      0.0,
      0.0,
      0.0,
      0.0,
      0.0,
      0.0,
      0.0,
      0.0
    ],
    [
      0.0546100009710519,
      0.0006141543451914054,
      0.0,
      0.0,
      0.0,
      0.0,
      0.0,
      0.0,
      0.0,
      0.0,
      0.0,
      2.2123131109535183e-05,
      0.0,
      1.0260487157169086e-08,
      0.0,
      0.08724252145204016,
      0.15950909986791986,
      0.22521680346148906,
      0.24855706626722557,
      0.3269841149739203,
      0.29523728658020754,
      0.19393044106756027,
      0.23887313111283032,
      0.2385056320096105,
      0.1752303612368125
    ],
    [
      0.2965914023537513,
      0.30873658223059464,
      0.313164348531057,
      0.2638124528458049,
      0.21177619708702589,
      0.1739289993546444,
      0.057750037451700216,
      0.0,
      0.0,
      0.0,
      0.0,
      4.3131203089794525e-08,
      0.0,
      0.0,
      0.0,
      0.00028713124366781996,
      0.0,
      0.0,
      0.0,
      0.004560029120543326,
      0.04259001999102771,
      0.10771328678834415,
      0.1713554052874864,
      0.23119412822437382,
      0.2747708540906975
    ],
    [
      0.0,
      0.06649296204258445,
      0.18985278662855812,
      0.2548472310646668,
      0.33417605171045933,
      0.45710485714923776,
      0.44429317815341113,
      0.4024450794957277,
      0.33628740853444994,
      0.24013841725947357,
      0.11934216016660726,
      0.0,
      0.0,
      0.0,
      0.0,
      2.6199658616726913e-09,
      0.0,
      0.0,
      0.020757910030944637,
      0.14497492115247834,
      0.13021825343422377,
      0.012291059605152546,
      0.0,
      0.0,
      0.0
    ],
    [
      0.0,
      0.0,
      0.0,
      0.0,
      0.0008246117616143442,
      0.0,
      5.134137532885837e-06,
      0.0,
      0.006469810356899562,
      0.07237086259579939,
      0.18956943946635668,
      0.324802684067404,
      0.30508643114424205,
      0.30949137235366564,
      0.33776032667479666,
      0.30931573957482206,
      0.2617180420748605,
      0.21683007252329686,
      0.167128890256573,
      0.05823608659116674,
      0.0038709329053771644,
      0.0,
      0.0,
      0.0,
      0.0
    ],
    [
      0.03310613431742348,
      0.030784680407397496,
      0.0037707116450102804,
      0.0,
      0.00016181775539212719,
      0.0,
      0.036692464478044765,
      0.03979080214095289,
      0.012947107973170781,
      0.0,
      0.0011707430621001312,
      0.011535165157502086,
      0.0,
      0.0002030463129320314,
      0.012140218161573511,
      0.0005328287479623484,
      0.0,
      0.0008882223917470162,
      0.028958136639399272,
      0.013103394180364781,
      0.033538364632893315,
      0.0708585335869426,
      0.02599762054962215,
      0.0,
      0.002781291690961677
    ],
    [
      0.0,
      0.0,
      0.0,
      0.0,
      0.0008397734422014527,
      0.0,
      6.0907263975963624e-05,
      0.04988304035796795,
      0.13603298787364906,
      0.16381629587044125,
      0.13566738536025874,
      0.0742309541703997,
      0.11790830383352952,
      0.11849808867601513,
      0.07594489152767717,
      0.06697040023696516,
      0.058395854857148405,
      0.03932772396833695,
      0.0,
      0.0,
      0.0,
      0.0,
      0.0,
      0.0,
      0.0
    ],
    [
      0.007825135194773356,
      0.0025349133694220977,
      0.0,
      0.0,
      0.02810615651106103,
      0.09961813099864213,
      0.14488775524702813,
      0.1047679288825992,
      0.001232190815900088,
      0.0,
      0.093515169903752,
      0.22731938745954064,
      0.08396333850844036,
      0.006564053285688823,
      0.0,
      0.0013250581246192334,
      0.0036420584862443726,
      0.0,
      0.06510190603281714,
      0.0030267406830591526,
      0.0,
      0.03659361980411146,
      0.004060483378821532,
      0.0,
      0.00454723123552048
    ],
    [
      0.0,
      0.0008330456017216563,
      0.03301217984120119,
      0.0,
      0.002189909390142316,
      0.07620863888652486,
      0.00939650621601916,
      0.0,
      0.04545989400699281,
      0.07740868912991089,
      0.09373276823646225,
      0.09366018050180809,
      0.07834727267900977,
      0.047506703265870504,
      0.0030581463571141844,
      0.019183123918527743,
      0.026196528296986574,
      0.003738204595644967,
      0.0,
      0.0,
      0.0,
      0.0,
      0.0022970058960832995,
      0.021054813342311025,
      0.02367116214627329
    ],
    [
      0.18011423547612496,
      0.1590407052586943,
      0.09429917278026496,
      0.035258131883178376,
      2.1529996194333808e-05,
      0.0,
      0.0,
      0.0,
      0.0002886364165064004,
      0.0,
      0.0,
      0.0,
      0.0,
      0.0,
      0.0,
      7.317878555150679e-05,
      0.0202890249285757,
      0.0239399899987963,
      0.08084388464813555,
      0.06159239618211985,
      0.12732565501068943,
      0.23378452920025566,
      0.15985268359505003,
      0.12625367001008553,
      0.13575688242583758
    ],
    [
      0.11851798826883997,
      0.11261010830088956,
      0.09597434044578107,
      0.10553582225263519,
      0.08266981700397287,
      0.0028206877694750567,
      0.0,
      0.0,
      0.0003006949777365869,
      0.0,
      0.0,
      0.0,
      0.0,
      0.0,
      0.0,
      0.0004348371325370212,
      0.00011549247967700844,
      0.0196054973236362,
      0.0,
      0.0,
      0.0,
      0.010000467427405055,
      0.07761649691763126,
      0.11239942404590608,
      0.1240676756427188
    ]
  ],
  "M": [
    [
      0.08,
      0.07874332644514526,
      0.07505226720175454,
      0.06915874509685647,
      0.06143307179915986,
      0.0523606797749979,
      0.042511620781172536,
      0.03250474741657102,
      0.022968828337397097,
      0.014503040410052412,
      0.007639320225002104,
      0.0028089405644699463,
      0.00031541194742088814,
      0.00031541194742088706,
      0.002808940564469943,
      0.0076393202250020905,
      0.014503040410052419,
      0.022968828337397107,
      0.03250474741657101,
      0.042511620781172516,
      0.05236067977499789,
      0.06143307179915988,
      0.06915874509685645,
      0.07505226720175452,
      0.07874332644514523
    ],
    [
      0.07874332644514526,
      0.08,
      0.07874332644514526,
      0.07505226720175458,
      0.06915874509685645,
      0.06143307179915988,
      0.0523606797749979,
      0.042511620781172536,
      0.03250474741657102,
      0.022968828337397097,
      0.014503040410052417,
      0.007639320225002108,
      0.0028089405644699476,
      0.0003154119474208866,
      0.00031541194742088635,
      0.0028089405644699363,
      0.00763932022500211,
      0.014503040410052419,
      0.02296882833739709,
      0.032504747416570993,
      0.04251162078117252,
      0.05236067977499791,
      0.06143307179915986,
      0.06915874509685643,
      0.07505226720175454
    ],
    [
      0.07505226720175454,
      0.07874332644514526,
      0.08,
      0.07874332644514523,
      0.07505226720175454,
      0.06915874509685645,
      0.06143307179915986,
      0.0523606797749979,
      0.042511620781172536,
      0.03250474741657102,
      0.022968828337397097,
      0.014503040410052417,
      0.00763932022500211,
      0.002808940564469943,
      0.00031541194742088744,
      0.0003154119474208838,
      0.0028089405644699476,
      0.00763932022500211,
      0.014503040410052405,
      0.022968828337397065,
      0.032504747416570993,
      0.04251162078117255,
      0.05236067977499787,
      0.06143307179915982,
      0.06915874509685643
    ],
    [
      0.06915874509685647,
      0.07505226720175458,
      0.07874332644514523,
      0.08,
      0.07874332644514527,
      0.07505226720175456,
      0.06915874509685647,
      0.06143307179915986,
      0.0523606797749979,
      0.042511620781172536,
      0.03250474741657102,
      0.022968828337397097,
      0.014503040410052419,
      0.007639320225002098,
      0.002808940564469943,
      0.00031541194742088885,
      0.0003154119474208883,
      0.002808940564469951,
      0.007639320225002102,
      0.014503040410052402,
      0.02296882833739709,
      0.03250474741657103,
      0.042511620781172536,
      0.05236067977499785,
      0.061433071799159855
    ],
    [
      0.06143307179915986,
      0.06915874509685645,
      0.07505226720175454,
      0.07874332644514527,
      0.08,
      0.07874332644514523,
      0.07505226720175454,
      0.06915874509685647,
      0.06143307179915988,
      0.0523606797749979,
      0.042511620781172536,
      0.03250474741657102,
      0.022968828337397107,
      0.014503040410052412,
      0.00763932022500211,
      0.0028089405644699528,
      0.00031541194742088543,
      0.0003154119474208883,
      0.002808940564469941,
      0.0076393202250020905,
      0.014503040410052405,
      0.022968828337397107,
      0.032504747416570993,
      0.0425116207811725,
      0.05236067977499787
    ],
    [
      0.0523606797749979,
      0.06143307179915988,
      0.06915874509685645,
      0.07505226720175456,
      0.07874332644514523,
      0.08,
      0.07874332644514526,
      0.07505226720175454,
      0.06915874509685647,
      0.06143307179915988,
      0.0523606797749979,
      0.042511620781172536,
      0.03250474741657102,
      0.02296882833739709,
      0.014503040410052412,
      0.007639320225002116,
      0.0028089405644699376,
      0.0003154119474208849,
      0.00031541194742088543,
      0.0028089405644699363,
      0.007639320225002093,
      0.014503040410052419,
      0.02296882833739708,
      0.03250474741657097,
      0.042511620781172516
    ],
    [
      0.042511620781172536,
      0.0523606797749979,
      0.06143307179915986,
      0.06915874509685647,
      0.07505226720175454,
      0.07874332644514526,
      0.08,
      0.07874332644514523,
      0.07505226720175454,
      0.06915874509685645,
      0.06143307179915986,
      0.05236067977499789,
      0.042511620781172536,
      0.03250474741657101,
      0.02296882833739709,
      0.014503040410052419,
      0.0076393202250020905,
      0.0028089405644699363,
      0.00031541194742088716,
      0.00031541194742088435,
      0.002808940564469941,
      0.007639320225002113,
      0.014503040410052405,
      0.02296882833739706,
      0.032504747416570993
    ],
    [
      0.03250474741657102,
      0.042511620781172536,
      0.0523606797749979,
      0.06143307179915986,
      0.06915874509685647,
      0.07505226720175454,
      0.07874332644514523,
      0.08,
      0.07874332644514523,
      0.07505226720175454,
      0.06915874509685645,
      0.061433071799159855,
      0.0523606797749979,
      0.04251162078117252,
      0.03250474741657101,
      0.022968828337397107,
      0.014503040410052397,
      0.0076393202250020905,
      0.0028089405644699445,
      0.00031541194742088776,
      0.0003154119474208866,
      0.0028089405644699476,
      0.007639320225002097,
      0.014503040410052381,
      0.022968828337397065
    ],
    [
      0.022968828337397097,
      0.03250474741657102,
      0.042511620781172536,
      0.0523606797749979,
      0.06143307179915988,
      0.06915874509685647,
      0.07505226720175454,
      0.07874332644514523,
      0.08,
      0.07874332644514526,
      0.07505226720175454,
      0.06915874509685647,
      0.06143307179915986,
      0.05236067977499789,
      0.042511620781172536,
      0.03250474741657104,
      0.02296882833739708,
      0.014503040410052397,
      0.007639320225002102,
      0.002808940564469951,
      0.00031541194742088776,
      0.0003154119474208883,
      0.0028089405644699393,
      0.00763932022500208,
      0.014503040410052397
    ],
    [
      0.014503040410052412,
      0.022968828337397097,
      0.03250474741657102,
      0.042511620781172536,
      0.0523606797749979,
      0.06143307179915988,
      0.06915874509685645,
      0.07505226720175454,
      0.07874332644514526,
      0.08000000000000003,
      0.07874332644514523,
      0.07505226720175456,
      0.06915874509685647,
      0.06143307179915986,
      0.05236067977499791,
      0.042511620781172564,
      0.03250474741657101,
      0.02296882833739709,
      0.014503040410052419,
      0.007639320225002118,
      0.0028089405644699493,
      0.00031541194742088543,
      0.0003154119474208849,
      0.0028089405644699294,
      0.007639320225002088
    ],
    [
      0.007639320225002104,
      0.014503040410052417,
      0.022968828337397097,
      0.03250474741657102,
      0.042511620781172536,
      0.0523606797749979,
      0.06143307179915986,
      0.06915874509685645,
      0.07505226720175454,
      0.07874332644514523,
      0.07999999999999999,
      0.07874332644514523,
      0.07505226720175454,
      0.06915874509685645,
      0.06143307179915986,
      0.0523606797749979,
      0.042511620781172516,
      0.032504747416570993,
      0.02296882833739709,
      0.014503040410052428,
      0.00763932022500211,
      0.002808940564469941,
      0.0003154119474208883,
      0.0003154119474208821,
      0.0028089405644699354
    ],
    [
      0.0028089405644699463,
      0.007639320225002108,
      0.014503040410052417,
      0.022968828337397097,
      0.03250474741657102,
      0.042511620781172536,
      0.05236067977499789,
      0.061433071799159855,
      0.06915874509685647,
      0.07505226720175456,
      0.07874332644514523,
      0.07999999999999999,
      0.07874332644514523,
      0.07505226720175454,
      0.06915874509685645,
      0.06143307179915986,
      0.05236067977499787,
      0.042511620781172516,
      0.03250474741657101,
      0.022968828337397097,
      0.014503040410052412,
      0.007639320225002093,
      0.002808940564469947,
      0.0003154119474208905,
