{
  "k": 28,
  "M_approx": [
    [
      0.07142857142857142,
      0.07053313972077942,
      0.06789174528222926,
      0.0636368386595725,
      0.05798177863781191,
      0.051210133539912786,
      0.04366146192701122,
      0.03571428571428572,
      0.027767109501560205,
      0.02021843788865865,
      0.013446792790759521,
      0.007791732768998946,
      0.003536826146342175,
      0.0008954317077920113,
      0.0,
      0.0008954317077920095,
      0.0035368261463421717,
      0.007791732768998942,
      0.013446792790759513,
      0.02021843788865863,
      0.027767109501560187,
      0.035714285714285705,
      0.043661461927011196,
      0.051210133539912786,
      0.0579817786378119,
      0.0636368386595725,
      0.06789174528222927,
      0.07053313972077942
    ],
    [
      0.07053313972077942,
      0.07142857142857142,
      0.07053313972077942,
      0.06789174528222926,
      0.0636368386595725,
      0.05798177863781191,
      0.05121013353991279,
      0.043661461927011244,
      0.03571428571428572,
      0.027767109501560205,
      0.020218437888658642,
      0.01344679279075953,
      0.007791732768998938,
      0.0035368261463421683,
      0.0008954317077920148,
      0.0,
      0.0008954317077920131,
      0.0035368261463421774,
      0.007791732768998934,
      0.01344679279075951,
      0.02021843788865863,
      0.027767109501560194,
      0.035714285714285685,
      0.04366146192701122,
      0.05121013353991277,
      0.05798177863781191,
      0.06363683865957252,
      0.06789174528222926
    ],
    [
      0.06789174528222926,
      0.07053313972077942,
      0.07142857142857142,
      0.07053313972077942,
      0.06789174528222926,
      0.0636368386595725,
      0.0579817786378119,
      0.05121013353991279,
      0.04366146192701122,
      0.03571428571428573,
      0.027767109501560205,
      0.020218437888658656,
      0.013446792790759521,
      0.007791732768998929,
      0.003536826146342175,
      0.0008954317077920184,
      0.0,
      0.0008954317077920164,
      0.003536826146342173,
      0.0077917327689989305,
      0.013446792790759502,
      0.020218437888658642,
      0.027767109501560167,
      0.035714285714285705,
      0.043661461927011216,
      0.05121013353991279,
      0.05798177863781195,
      0.0636368386595725
    ],
    [
      0.0636368386595725,
      0.06789174528222926,
      0.07053313972077942,
      0.07142857142857142,
      0.07053313972077942,
      0.06789174528222924,
      0.0636368386595725,
      0.05798177863781191,
      0.051210133539912786,
      0.043661461927011244,
      0.03571428571428572,
      0.027767109501560215,
      0.020218437888658642,
      0.013446792790759507,
      0.007791732768998937,
      0.003536826146342182,
      0.0008954317077920143,
      0.0,
      0.0008954317077920137,
      0.0035368261463421717,
      0.007791732768998925,
      0.013446792790759513,
      0.020218437888658604,
      0.027767109501560194,
      0.035714285714285705,
      0.04366146192701122,
      0.05121013353991283,
      0.05798177863781191
    ],
    [
      0.05798177863781191,
      0.0636368386595725,
      0.06789174528222926,
      0.07053313972077942,
      0.07142857142857142,
      0.0705331397207794,
      0.06789174528222926,
      0.0636368386595725,
      0.0579817786378119,
      0.051210133539912814,
      0.043661461927011244,
      0.03571428571428573,
      0.027767109501560205,
      0.02021843788865863,
      0.013446792790759521,
      0.007791732768998946,
      0.003536826146342175,
      0.0008954317077920111,
      0.0,
      0.000895431707792012,
      0.0035368261463421704,
      0.007791732768998934,
      0.013446792790759488,
      0.02021843788865863,
      0.027767109501560187,
      0.035714285714285705,
      0.04366146192701125,
      0.051210133539912786
    ],
    [
      0.051210133539912786,
      0.05798177863781191,
      0.0636368386595725,
      0.06789174528222924,
      0.0705331397207794,
      0.07142857142857142,
      0.0705331397207794,
      0.06789174528222926,
      0.0636368386595725,
      0.05798177863781193,
      0.05121013353991279,
      0.043661461927011244,
      0.03571428571428572,
      0.027767109501560187,
      0.020218437888658642,
      0.013446792790759535,
      0.007791732768998942,
      0.0035368261463421683,
      0.0008954317077920156,
      0.0,
      0.0008954317077920111,
      0.0035368261463421704,
      0.00779173276899891,
      0.01344679279075951,
      0.02021843788865862,
      0.027767109501560194,
      0.03571428571428574,
      0.043661461927011216
    ],
    [
      0.04366146192701122,
      0.05121013353991279,
      0.0579817786378119,
      0.0636368386595725,
      0.06789174528222926,
      0.0705331397207794,
      0.07142857142857141,
      0.0705331397207794,
      0.06789174528222924,
      0.0636368386595725,
      0.0579817786378119,
      0.051210133539912814,
      0.043661461927011216,
      0.0357142857142857,
      0.027767109501560194,
      0.020218437888658656,
      0.013446792790759513,
      0.007791732768998929,
      0.003536826146342174,
      0.0008954317077920156,
      0.0,
      0.0008954317077920129,
      0.0035368261463421596,
      0.007791732768998929,
      0.01344679279075951,
      0.020218437888658642,
      0.027767109501560226,
      0.035714285714285705
    ],
    [
      0.03571428571428572,
      0.043661461927011244,
      0.05121013353991279,
      0.05798177863781191,
      0.0636368386595725,
      0.06789174528222926,
      0.0705331397207794,
      0.07142857142857142,
      0.0705331397207794,
      0.06789174528222926,
      0.0636368386595725,
      0.05798177863781191,
      0.051210133539912786,
      0.043661461927011216,
      0.035714285714285705,
      0.027767109501560215,
      0.020218437888658642,
      0.013446792790759499,
      0.007791732768998934,
      0.0035368261463421774,
      0.0008954317077920164,
      0.0,
      0.0008954317077920075,
      0.003536826146342174,
      0.0077917327689989305,
      0.013446792790759516,
      0.020218437888658663,
      0.027767109501560205
    ],
    [
      0.027767109501560205,
      0.03571428571428572,
      0.04366146192701122,
      0.051210133539912786,
      0.0579817786378119,
      0.0636368386595725,
      0.06789174528222924,
      0.0705331397207794,
      0.07142857142857142,
      0.07053313972077942,
      0.06789174528222926,
      0.0636368386595725,
      0.0579817786378119,
      0.05121013353991277,
      0.043661461927011216,
      0.03571428571428573,
      0.027767109501560187,
      0.020218437888658614,
      0.013446792790759513,
      0.007791732768998934,
      0.003536826146342175,
      0.0008954317077920129,
      0.0,
      0.0008954317077920137,
      0.003536826146342174,
      0.007791732768998937,
      0.013446792790759544,
      0.020218437888658642
    ],
    [
      0.02021843788865865,
      0.027767109501560205,
      0.03571428571428573,
      0.043661461927011244,
      0.051210133539912814,
      0.05798177863781193,
      0.0636368386595725,
      0.06789174528222926,
      0.07053313972077942,
      0.07142857142857142,
      0.07053313972077942,
      0.06789174528222926,
      0.0636368386595725,
      0.0579817786378119,
      0.051210133539912786,
      0.043661461927011244,
      0.035714285714285705,
      0.027767109501560173,
      0.02021843788865863,
      0.013446792790759513,
      0.007791732768998937,
      0.003536826146342174,
      0.0008954317077920209,
      0.0,
      0.0008954317077920137,
      0.0035368261463421774,
      0.007791732768998957,
      0.013446792790759516
    ],
    [
      0.013446792790759521,
      0.020218437888658642,
      0.027767109501560205,
      0.03571428571428572,
      0.043661461927011244,
      0.05121013353991279,
      0.0579817786378119,
      0.0636368386595725,
      0.06789174528222926,
      0.07053313972077942,
      0.07142857142857142,
      0.07053313972077942,
      0.06789174528222926,
      0.06363683865957248,
      0.05798177863781191,
      0.05121013353991279,
      0.04366146192701122,
      0.0357142857142857,
      0.027767109501560205,
      0.02021843788865865,
      0.013446792790759526,
      0.007791732768998938,
      0.0035368261463421895,
      0.0008954317077920156,
      0.0,
      0.0008954317077920137,
      0.003536826146342187,
      0.007791732768998934
    ],
    [
      0.007791732768998946,
      0.01344679279075953,
      0.020218437888658656,
      0.027767109501560215,
      0.03571428571428573,
      0.043661461927011244,
      0.051210133539912814,
      0.05798177863781191,
      0.0636368386595725,
      0.06789174528222926,
      0.07053313972077942,
      0.07142857142857142,
      0.07053313972077942,
      0.06789174528222924,
      0.06363683865957248,
      0.05798177863781191,
      0.051210133539912786,
      0.043661461927011196,
      0.0357142857142857,
      0.027767109501560187,
      0.02021843788865863,
      0.013446792790759502,
      0.0077917327689989435,
      0.0035368261463421683,
      0.000895431707792012,
      0.0,
      0.000895431707792024,
      0.0035368261463421774
    ],
    [
      0.003536826146342175,
      0.007791732768998938,
      0.013446792790759521,
      0.020218437888658642,
      0.027767109501560205,
      0.03571428571428572,
      0.043661461927011216,
      0.051210133539912786,
      0.0579817786378119,
      0.0636368386595725,
      0.06789174528222926,
      0.07053313972077942,
      0.07142857142857142,
      0.07053313972077942,
      0.06789174528222926,
      0.06363683865957251,
      0.05798177863781191,
      0.05121013353991277,
      0.04366146192701122,
      0.03571428571428572,
      0.027767109501560205,
      0.020218437888658642,
      0.01344679279075954,
      0.007791732768998942,
      0.0035368261463421774,
      0.0008954317077920143,
      0.0,
      0.0008954317077920129
    ],
    [
      0.0008954317077920113,
      0.0035368261463421683,
      0.007791732768998929,
      0.013446792790759507,
      0.02021843788865863,
      0.027767109501560187,
      0.0357142857142857,
      0.043661461927011216,
      0.05121013353991277,
      0.0579817786378119,
      0.06363683865957248,
      0.06789174528222924,
      0.07053313972077942,
      0.07142857142857142,
      0.07053313972077942,
      0.06789174528222927,
      0.06363683865957251,
      0.0579817786378119,
      0.05121013353991279,
      0.04366146192701125,
      0.03571428571428574,
      0.027767109501560215,
      0.02021843788865868,
      0.013446792790759535,
      0.00779173276899895,
      0.003536826146342181,
      0.0008954317077920111,
      0.0
    ],
    [
      0.0,
      0.0008954317077920148,
      0.003536826146342175,
      0.007791732768998937,
      0.013446792790759521,
      0.020218437888658642,
      0.027767109501560194,
      0.035714285714285705,
      0.043661461927011216,
      0.051210133539912786,
      0.05798177863781191,
      0.06363683865957248,
      0.06789174528222926,
      0.07053313972077942,
      0.07142857142857142,
      0.07053313972077942,
      0.06789174528222926,
      0.06363683865957248,
      0.05798177863781191,
      0.05121013353991279,
      0.043661461927011244,
      0.03571428571428572,
      0.027767109501560232,
      0.02021843788865865,
      0.013446792790759521,
      0.007791732768998937,
      0.0035368261463421613,
      0.0008954317077920151
    ],
    [
      0.0008954317077920095,
      0.0,
      0.0008954317077920184,
      0.003536826146342182,
      0.007791732768998946,
      0.013446792790759535,
      0.020218437888658656,
      0.027767109501560215,
      0.03571428571428573,
      0.043661461927011244,
      0.05121013353991279,
      0.05798177863781191,
      0.06363683865957251,
      0.06789174528222927,
      0.07053313972077942,
      0.07142857142857142,
      0.07053313972077942,
      0.06789174528222923,
      0.06363683865957248,
      0.0579817786378119,
      0.051210133539912786,
      0.043661461927011216,
      0.03571428571428573,
      0.027767109501560187,
      0.02021843788865863,
      0.013446792790759502,
      0.007791732768998907,
      0.0035368261463421683
    ],
    [
      0.0035368261463421717,
      0.0008954317077920131,
      0.0,
      0.0008954317077920143,
      0.003536826146342175,
      0.007791732768998942,
      0.013446792790759513,
      0.020218437888658642,
      0.027767109501560187,
      0.035714285714285705,
      0.04366146192701122,
      0.051210133539912786,
      0.05798177863781191,
      0.06363683865957251,
      0.06789174528222926,
      0.07053313972077942,
      0.07142857142857142,
      0.0705331397207794,
      0.06789174528222924,
      0.0636368386595725,
      0.05798177863781191,
      0.05121013353991279,
      0.04366146192701125,
      0.03571428571428572,
      0.027767109501560205,
      0.020218437888658642,
      0.013446792790759493,
      0.007791732768998938
    ],
    [
      0.007791732768998942,
      0.0035368261463421774,
      0.0008954317077920164,
      0.0,
      0.0008954317077920111,
      0.0035368261463421683,
      0.007791732768998929,
      0.013446792790759499,
      0.020218437888658614,
      0.027767109501560173,
      0.0357142857142857,
      0.043661461927011196,
      0.05121013353991277,
      0.0579817786378119,
      0.06363683865957248,
      0.06789174528222923,
      0.0705331397207794,
      0.07142857142857141,
      0.0705331397207794,
      0.06789174528222926,
      0.0636368386595725,
      0.05798177863781191,
      0.051210133539912814,
      0.043661461927011244,
      0.03571428571428573,
      0.027767109501560215,
      0.02021843788865862,
      0.01344679279075953
    ],
    [
      0.013446792790759513,
      0.007791732768998934,
      0.003536826146342173,
      0.0008954317077920137,
      0.0,
      0.0008954317077920156,
      0.003536826146342174,
      0.007791732768998934,
      0.013446792790759513,
      0.02021843788865863,
      0.027767109501560205,
      0.0357142857142857,
      0.04366146192701122,
      0.05121013353991279,
      0.05798177863781191,
      0.06363683865957248,
      0.06789174528222924,
      0.0705331397207794,
      0.07142857142857142,
      0.07053313972077942,
      0.06789174528222927,
      0.0636368386595725,
      0.05798177863781193,
      0.05121013353991279,
      0.04366146192701122,
      0.03571428571428572,
      0.027767109501560173,
      0.020218437888658642
    ],
    [
      0.02021843788865863,
      0.01344679279075951,
      0.0077917327689989305,
      0.0035368261463421717,
      0.000895431707792012,
      0.0,
      0.0008954317077920156,
      0.0035368261463421774,
      0.007791732768998934,
      0.013446792790759513,
      0.02021843788865865,
      0.027767109501560187,
      0.03571428571428572,
      0.04366146192701125,
      0.05121013353991279,
      0.0579817786378119,
      0.0636368386595725,
      0.06789174528222926,
      0.07053313972077942,
      0.07142857142857142,
      0.0705331397207794,
      0.06789174528222926,
      0.0636368386595725,
      0.05798177863781191,
      0.051210133539912786,
      0.04366146192701122,
      0.03571428571428568,
      0.027767109501560205
    ],
    [
      0.027767109501560187,
      0.02021843788865863,
      0.013446792790759502,
      0.007791732768998925,
      0.0035368261463421704,
      0.0008954317077920111,
      0.0,
      0.0008954317077920164,
      0.003536826146342175,
      0.007791732768998937,
      0.013446792790759526,
      0.02021843788865863,
      0.027767109501560205,
      0.03571428571428574,
      0.043661461927011244,
      0.051210133539912786,
      0.05798177863781191,
      0.0636368386595725,
      0.06789174528222927,
      0.0705331397207794,
      0.07142857142857142,
      0.0705331397207794,
      0.06789174528222927,
      0.0636368386595725,
      0.0579817786378119,
      0.051210133539912786,
      0.043661461927011196,
      0.035714285714285705
    ],
    [
      0.035714285714285705,
      0.027767109501560194,
      0.020218437888658642,
      0.013446792790759513,
      0.007791732768998934,
      0.0035368261463421704,
      0.0008954317077920129,
      0.0,
      0.0008954317077920129,
      0.003536826146342174,
      0.007791732768998938,
      0.013446792790759502,
      0.020218437888658642,
      0.027767109501560215,
      0.03571428571428572,
      0.043661461927011216,
      0.05121013353991279,
      0.05798177863781191,
      0.0636368386595725,
      0.06789174528222926,
      0.0705331397207794,
      0.07142857142857142,
      0.07053313972077942,
      0.06789174528222926,
      0.0636368386595725,
      0.05798177863781191,
      0.05121013353991276,
      0.043661461927011244
    ],
    [
      0.043661461927011196,
      0.035714285714285685,
      0.027767109501560167,
      0.020218437888658604,
      0.013446792790759488,
      0.00779173276899891,
      0.0035368261463421596,
      0.0008954317077920075,
      0.0,
      0.0008954317077920209,
      0.0035368261463421895,
      0.0077917327689989435,
      0.01344679279075954,
      0.02021843788865868,
      0.027767109501560232,
      0.03571428571428573,
      0.04366146192701125,
      0.051210133539912814,
      0.05798177863781193,
      0.0636368386595725,
      0.06789174528222927,
      0.07053313972077942,
      0.07142857142857142,
      0.0705331397207794,
      0.06789174528222924,
      0.06363683865957247,
      0.05798177863781188,
      0.05121013353991277
    ],
    [
      0.051210133539912786,
      0.04366146192701122,
      0.035714285714285705,
      0.027767109501560194,
      0.02021843788865863,
      0.01344679279075951,
      0.007791732768998929,
      0.003536826146342174,
      0.0008954317077920137,
      0.0,
      0.0008954317077920156,
      0.0035368261463421683,
      0.007791732768998942,
      0.013446792790759535,
      0.02021843788865865,
      0.027767109501560187,
      0.03571428571428572,
      0.043661461927011244,
      0.05121013353991279,
      0.05798177863781191,
      0.0636368386595725,
      0.06789174528222926,
      0.0705331397207794,
      0.07142857142857142,
      0.0705331397207794,
      0.06789174528222927,
      0.06363683865957248,
      0.05798177863781193
    ],
    [
      0.0579817786378119,
      0.05121013353991277,
      0.043661461927011216,
      0.035714285714285705,
      0.027767109501560187,
      0.02021843788865862,
      0.01344679279075951,
      0.0077917327689989305,
      0.003536826146342174,
      0.0008954317077920137,
      0.0,
      0.000895431707792012,
      0.0035368261463421774,
      0.00779173276899895,
      0.013446792790759521,
      0.02021843788865863,
      0.027767109501560205,
      0.03571428571428573,
      0.04366146192701122,
      0.051210133539912786,
      0.0579817786378119,
      0.0636368386595725,
      0.06789174528222924,
      0.0705331397207794,
      0.07142857142857141,
      0.07053313972077942,
      0.06789174528222924,
      0.06363683865957248
    ],
    [
      0.0636368386595725,
      0.05798177863781191,
      0.05121013353991279,
      0.04366146192701122,
      0.035714285714285705,
      0.027767109501560194,
      0.020218437888658642,
      0.013446792790759516,
      0.007791732768998937,
      0.0035368261463421774,
      0.0008954317077920137,
      0.0,
      0.0008954317077920143,
      0.003536826146342181,
      0.007791732768998937,
      0.013446792790759502,
      0.020218437888658642,
      0.027767109501560215,
      0.03571428571428572,
      0.04366146192701122,
      0.051210133539912786,
      0.05798177863781191,
      0.06363683865957247,
      0.06789174528222927,
      0.07053313972077942,
      0.07142857142857142,
      0.07053313972077942,
      0.06789174528222926
    ],
    [
      0.06789174528222927,
      0.06363683865957252,
      0.05798177863781195,
      0.05121013353991283,
      0.04366146192701125,
      0.03571428571428574,
      0.027767109501560226,
      0.020218437888658663,
      0.013446792790759544,
      0.007791732768998957,
      0.003536826146342187,
      0.000895431707792024,
      0.0,
      0.0008954317077920111,
      0.0035368261463421613,
      0.007791732768998907,
      0.013446792790759493,
      0.02021843788865862,
      0.027767109501560173,
      0.03571428571428568,
      0.043661461927011196,
      0.05121013353991276,
      0.05798177863781188,
      0.06363683865957248,
      0.06789174528222924,
      0.07053313972077942,
      0.07142857142857147,
      0.07053313972077943
    ],
    [
      0.07053313972077942,
      0.06789174528222926,
      0.0636368386595725,
      0.05798177863781191,
      0.051210133539912786,
      0.043661461927011216,
      0.035714285714285705,
      0.027767109501560205,
      0.020218437888658642,
      0.013446792790759516,
      0.007791732768998934,
      0.0035368261463421774,
      0.0008954317077920129,
      0.0,
      0.0008954317077920151,
      0.0035368261463421683,
      0.007791732768998938,
      0.01344679279075953,
      0.020218437888658642,
      0.027767109501560205,
      0.035714285714285705,
      0.043661461927011244,
      0.05121013353991277,
      0.05798177863781193,
      0.06363683865957248,
      0.06789174528222926,
      0.07053313972077943,
      0.07142857142857142
    ]
  ],
  "A": [
    [
      1.0,
      0.0,
      0.0,
      0.0,
      0.0,
      0.0,
      0.0,
      0.0,
      0.0,
      0.0,
      0.0,
      0.0,
      0.0,
      0.0,
      0.0,
      0.0,
      0.0,
      0.0,
      0.0,
      0.0,
      0.0,
      0.0,
      0.0,
      0.0,
      0.0,
      0.0,
      0.0,
      0.0
    ],
    [
      0.0,
      1.0,
      0.0,
      0.0,
      0.0,
      0.0,
      0.0,
      0.0,
      0.0,
      0.0,
      0.0,
      0.0,
      0.0,
      0.0,
      0.0,
      0.0,
      0.0,
      0.0,
      0.0,
      0.0,
      0.0,
      0.0,
      0.0,
      0.0,
      0.0,
      0.0,
      0.0,
      0.0
    ],
    [
      0.0,
      0.0,
      1.0,
      0.0,
      0.0,
      0.0,
      0.0,
      0.0,
      0.0,
      0.0,
      0.0,
      0.0,
      0.0,
      0.0,
      0.0,
      0.0,
      0.0,
      0.0,
      0.0,
      0.0,
      0.0,
      0.0,
      0.0,
      0.0,
      0.0,
      0.0,
      0.0,
      0.0
    ],
    [
      0.0,
      0.0,
      0.0,
      1.0,
      0.0,
      0.0,
      0.0,
      0.0,
      0.0,
      0.0,
      0.0,
      0.0,
      0.0,
      0.0,
      0.0,
      0.0,
      0.0,
      0.0,
      0.0,
      0.0,
      0.0,
      0.0,
      0.0,
      0.0,
      0.0,
      0.0,
      0.0,
      0.0
    ],
    [
      0.0,
      0.0,
      0.0,
      0.0,
      1.0,
      0.0,
      0.0,
      0.0,
      0.0,
      0.0,
      0.0,
      0.0,
      0.0,
      0.0,
      0.0,
      0.0,
      0.0,
      0.0,
      0.0,
      0.0,
      0.0,
      0.0,
      0.0,
      0.0,
      0.0,
      0.0,
      0.0,
      0.0
    ],
    [
      0.0,
      0.0,
      0.0,
      0.0,
      0.0,
      1.0,
      0.0,
      0.0,
      0.0,
      0.0,
      0.0,
      0.0,
      0.0,
      0.0,
      0.0,
      0.0,
      0.0,
      0.0,
      0.0,
      0.0,
      0.0,
      0.0,
      0.0,
      0.0,
      0.0,
      0.0,
      0.0,
      0.0
    ],
    [
      0.0,
      0.0,
      0.0,
      0.0,
      0.0,
      0.0,
      1.0,
      0.0,
      0.0,
      0.0,
      0.0,
      0.0,
      0.0,
      0.0,
      0.0,
      0.0,
      0.0,
      0.0,
      0.0,
      0.0,
      0.0,
      0.0,
      0.0,
      0.0,
      0.0,
      0.0,
      0.0,
      0.0
    ],
    [
      0.0,
      0.0,
      0.0,
      0.0,
      0.0,
      0.0,
      0.0,
      1.0,
      0.0,
      0.0,
      0.0,
      0.0,
      0.0,
      0.0,
      0.0,
      0.0,
      0.0,
      0.0,
      0.0,
      0.0,
      0.0,
      0.0,
      0.0,
      0.0,
      0.0,
      0.0,
      0.0,
      0.0
    ],
    [
      0.0,
      0.0,
      0.0,
      0.0,
      0.0,
      0.0,
      0.0,
      0.0,
      1.0,
      0.0,
      0.0,
      0.0,
      0.0,
      0.0,
      0.0,
      0.0,
      0.0,
      0.0,
      0.0,
      0.0,
      0.0,
      0.0,
      0.0,
      0.0,
      0.0,
      0.0,
      0.0,
      0.0
    ],
    [
      0.0,
      0.0,
      0.0,
      0.0,
      0.0,
      0.0,
      0.0,
      0.0,
      0.0,
      1.0,
      0.0,
      0.0,
      0.0,
      0.0,
      0.0,
      0.0,
      0.0,
      0.0,
      0.0,
      0.0,
      0.0,
      0.0,
      0.0,
      0.0,
      0.0,
      0.0,
      0.0,
      0.0
    ],
    [
      0.0,
      0.0,
      0.0,
      0.0,
      0.0,
      0.0,
      0.0,
      0.0,
      0.0,
      0.0,
      1.0,
      0.0,
      0.0,
      0.0,
      0.0,
      0.0,
      0.0,
      0.0,
      0.0,
      0.0,
      0.0,
      0.0,
      0.0,
      0.0,
      0.0,
      0.0,
      0.0,
      0.0
    ],
    [
      0.0,
      0.0,
      0.0,
      0.0,
      0.0,
      0.0,
      0.0,
      0.0,
      0.0,
      0.0,
      0.0,
      1.0,
      0.0,
      0.0,
      0.0,
      0.0,
      0.0,
      0.0,
      0.0,
      0.0,
      0.0,
      0.0,
      0.0,
      0.0,
      0.0,
      0.0,
      0.0,
      0.0
    ],
    [
      0.0,
      0.0,
      0.0,
      0.0,
      0.0,
      0.0,
      0.0,
      0.0,
      0.0,
      0.0,
      0.0,
      0.0,
      1.0,
      0.0,
      0.0,
      0.0,
      0.0,
      0.0,
      0.0,
      0.0,
      0.0,
      0.0,
      0.0,
      0.0,
      0.0,
      0.0,
      0.0,
      0.0
    ],
    [
      0.0,
      0.0,
      0.0,
      0.0,
      0.0,
      0.0,
      0.0,
      0.0,
      0.0,
      0.0,
      0.0,
      0.0,
      0.0,
      1.0,
      0.0,
      0.0,
      0.0,
      0.0,
      0.0,
      0.0,
      0.0,
      0.0,
      0.0,
      0.0,
      0.0,
      0.0,
      0.0,
      0.0
    ],
    [
      0.0,
      0.0,
      0.0,
      0.0,
      0.0,
      0.0,
      0.0,
      0.0,
      0.0,
      0.0,
      0.0,
      0.0,
      0.0,
      0.0,
      1.0,
      0.0,
      0.0,
      0.0,
      0.0,
      0.0,
      0.0,
      0.0,
      0.0,
      0.0,
      0.0,
      0.0,
      0.0,
      0.0
    ],
    [
      0.0,
      0.0,
      0.0,
      0.0,
      0.0,
      0.0,
      0.0,
      0.0,
      0.0,
      0.0,
      0.0,
      0.0,
      0.0,
      0.0,
      0.0,
      1.0,
      0.0,
      0.0,
      0.0,
      0.0,
      0.0,
      0.0,
      0.0,
      0.0,
      0.0,
      0.0,
      0.0,
      0.0
    ],
    [
      0.0,
      0.0,
      0.0,
      0.0,
      0.0,
      0.0,
      0.0,
      0.0,
      0.0,
      0.0,
      0.0,
      0.0,
      0.0,
      0.0,
      0.0,
      0.0,
      1.0,
      0.0,
      0.0,
      0.0,
      0.0,
      0.0,
      0.0,
      0.0,
      0.0,
      0.0,
      0.0,
      0.0
    ],
    [
      0.0,
      0.0,
      0.0,
      0.0,
      0.0,
      0.0,
      0.0,
      0.0,
      0.0,
      0.0,
      0.0,
      0.0,
      0.0,
      0.0,
      0.0,
      0.0,
      0.0,
      1.0,
      0.0,
      0.0,
      0.0,
      0.0,
      0.0,
      0.0,
      0.0,
      0.0,
      0.0,
      0.0
    ],
    [
      0.0,
      0.0,
      0.0,
      0.0,
      0.0,
      0.0,
      0.0,
      0.0,
      0.0,
      0.0,
      0.0,
      0.0,
      0.0,
      0.0,
      0.0,
      0.0,
      0.0,
      0.0,
      1.0,
      0.0,
      0.0,
      0.0,
      0.0,
      0.0,
      0.0,
      0.0,
      0.0,
      0.0
    ],
    [
      0.0,
      0.0,
      0.0,
      0.0,
      0.0,
      0.0,
      0.0,
      0.0,
      0.0,
      0.0,
      0.0,
      0.0,
      0.0,
      0.0,
      0.0,
      0.0,
      0.0,
      0.0,
      0.0,
      1.0,
      0.0,
      0.0,
      0.0,
      0.0,
      0.0,
      0.0,
      0.0,
      0.0
    ],
    [
      0.0,
      0.0,
      0.0,
      0.0,
      0.0,
      0.0,
      0.0,
      0.0,
      0.0,
      0.0,
      0.0,
      0.0,
      0.0,
      0.0,
      0.0,
      0.0,
      0.0,
      0.0,
      0.0,
      0.0,
      1.0,
      0.0,
      0.0,
      0.0,
      0.0,
      0.0,
      0.0,
      0.0
    ],
    [
      0.0,
      0.0,
      0.0,
      0.0,
      0.0,
      0.0,
      0.0,
      0.0,
      0.0,
      0.0,
      0.0,
      0.0,
      0.0,
      0.0,
      0.0,
      0.0,
      0.0,
      0.0,
      0.0,
      0.0,
      0.0,
      1.0,
      0.0,
      0.0,
      0.0,
      0.0,
      0.0,
      0.0
    ],
    [
      0.0,
      0.0,
      0.0,
      0.0,
      0.0,
      0.0,
      0.0,
      0.0,
      0.0,
      0.0,
      0.0,
      0.0,
      0.0,
      0.0,
      0.0,
      0.0,
      0.0,
      0.0,
      0.0,
      0.0,
      0.0,
      0.0,
      1.0,
      0.0,
      0.0,
      0.0,
      0.0,
      0.0
    ],
    [
      0.0,
      0.0,
      0.0,
      0.0,
      0.0,
      0.0,
      0.0,
      0.0,
      0.0,
      0.0,
      0.0,
      0.0,
      0.0,
      0.0,
      0.0,
      0.0,
      0.0,
      0.0,
      0.0,
      0.0,
      0.0,
      0.0,
      0.0,
      1.0,
      0.0,
      0.0,
      0.0,
      0.0
    ],
    [
      0.0,
      0.0,
      0.0,
      0.0,
      0.0,
      0.0,
      0.0,
      0.0,
      0.0,
      0.0,
      0.0,
      0.0,
      0.0,
      0.0,
      0.0,
      0.0,
      0.0,
      0.0,
      0.0,
      0.0,
      0.0,
      0.0,
      0.0,
      0.0,
      1.0,
      0.0,
      0.0,
      0.0
    ],
    [
      0.0,
      0.0,
      0.0,
      0.0,
      0.0,
      0.0,
      0.0,
      0.0,
      0.0,
      0.0,
      0.0,
      0.0,
      0.0,
      0.0,
      0.0,
      0.0,
      0.0,
      0.0,
      0.0,
      0.0,
      0.0,
      0.0,
      0.0,
      0.0,
      0.0,
      1.0,
      0.0,
      0.0
    ],
    [
      0.0,
      0.0,
      0.0,
      0.0,
      0.0,
      0.0,
      0.0,
      0.0,
      0.0,
      0.0,
      0.0,
      0.0,
      0.0,
      0.0,
      0.0,
      0.0,
      0.0,
      0.0,
      0.0,
      0.0,
      0.0,
      0.0,
      0.0,
      0.0,
      0.0,
      0.0,
      1.0,
      0.0
    ],
    [
      0.0,
      0.0,
      0.0,
      0.0,
      0.0,
      0.0,
      0.0,
      0.0,
      0.0,
      0.0,
      0.0,
      0.0,
      0.0,
      0.0,
      0.0,
      0.0,
      0.0,
      0.0,
      0.0,
      0.0,
      0.0,
      0.0,
      0.0,
      0.0,
      0.0,
      0.0,
      0.0,
      1.0
    ]
  ],
  "B": [
    [
      0.07142857142857142,
      0.07053313972077942,
      0.06789174528222926,
      0.0636368386595725,
      0.05798177863781191,
      0.051210133539912786,
      0.04366146192701122,
      0.03571428571428572,
      0.027767109501560205,
      0.02021843788865865,
      0.013446792790759521,
      0.007791732768998946,
      0.003536826146342175,
      0.0008954317077920113,
      0.0,
      0.0008954317077920095,
      0.0035368261463421717,
      0.007791732768998942,
      0.013446792790759513,
      0.02021843788865863,
      0.027767109501560187,
      0.035714285714285705,
      0.043661461927011196,
      0.051210133539912786,
      0.0579817786378119,
      0.0636368386595725,
      0.06789174528222927,
      0.07053313972077942
    ],
    [
      0.07053313972077942,
      0.07142857142857142,
      0.07053313972077942,
      0.06789174528222926,
      0.0636368386595725,
      0.05798177863781191,
      0.05121013353991279,
      0.043661461927011244,
      0.03571428571428572,
      0.027767109501560205,
      0.020218437888658642,
      0.01344679279075953,
      0.007791732768998938,
      0.0035368261463421683,
      0.0008954317077920148,
      0.0,
      0.0008954317077920131,
      0.0035368261463421774,
      0.007791732768998934,
      0.01344679279075951,
      0.02021843788865863,
      0.027767109501560194,
      0.035714285714285685,
      0.04366146192701122,
      0.05121013353991277,
      0.05798177863781191,
      0.06363683865957252,
      0.06789174528222926
    ],
    [
      0.06789174528222926,
      0.07053313972077942,
      0.07142857142857142,
      0.07053313972077942,
      0.06789174528222926,
      0.0636368386595725,
      0.0579817786378119,
      0.05121013353991279,
      0.04366146192701122,
      0.03571428571428573,
      0.027767109501560205,
      0.020218437888658656,
      0.013446792790759521,
      0.007791732768998929,
      0.003536826146342175,
      0.0008954317077920184,
      0.0,
      0.0008954317077920164,
      0.003536826146342173,
      0.0077917327689989305,
      0.013446792790759502,
      0.020218437888658642,
      0.027767109501560167,
      0.035714285714285705,
      0.043661461927011216,
      0.05121013353991279,
      0.05798177863781195,
      0.0636368386595725
    ],
    [
      0.0636368386595725,
      0.06789174528222926,
      0.07053313972077942,
      0.07142857142857142,
      0.07053313972077942,
      0.06789174528222924,
      0.0636368386595725,
      0.05798177863781191,
      0.051210133539912786,
      0.043661461927011244,
      0.03571428571428572,
      0.027767109501560215,
      0.020218437888658642,
      0.013446792790759507,
      0.007791732768998937,
      0.003536826146342182,
      0.0008954317077920143,
      0.0,
      0.0008954317077920137,
      0.0035368261463421717,
      0.007791732768998925,
      0.013446792790759513,
      0.020218437888658604,
      0.027767109501560194,
      0.035714285714285705,
      0.04366146192701122,
      0.05121013353991283,
      0.05798177863781191
    ],
    [
      0.05798177863781191,
      0.0636368386595725,
      0.06789174528222926,
      0.07053313972077942,
      0.07142857142857142,
      0.0705331397207794,
      0.06789174528222926,
      0.0636368386595725,
      0.0579817786378119,
      0.051210133539912814,
      0.043661461927011244,
      0.03571428571428573,
      0.027767109501560205,
      0.02021843788865863,
      0.013446792790759521,
      0.007791732768998946,
      0.003536826146342175,
      0.0008954317077920111,
      0.0,
      0.000895431707792012,
      0.0035368261463421704,
      0.007791732768998934,
      0.013446792790759488,
      0.02021843788865863,
      0.027767109501560187,
      0.035714285714285705,
      0.04366146192701125,
      0.051210133539912786
    ],
    [
      0.051210133539912786,
      0.05798177863781191,
      0.0636368386595725,
      0.06789174528222924,
      0.0705331397207794,
      0.07142857142857142,
      0.0705331397207794,
      0.06789174528222926,
      0.0636368386595725,
      0.05798177863781193,
      0.05121013353991279,
      0.043661461927011244,
      0.03571428571428572,
      0.027767109501560187,
      0.020218437888658642,
      0.013446792790759535,
      0.007791732768998942,
      0.0035368261463421683,
      0.0008954317077920156,
      0.0,
      0.0008954317077920111,
      0.0035368261463421704,
      0.00779173276899891,
      0.01344679279075951,
      0.02021843788865862,
      0.027767109501560194,
      0.03571428571428574,
      0.043661461927011216
    ],
    [
      0.04366146192701122,
      0.05121013353991279,
      0.0579817786378119,
      0.0636368386595725,
      0.06789174528222926,
      0.0705331397207794,
      0.07142857142857141,
      0.0705331397207794,
      0.06789174528222924,
      0.0636368386595725,
      0.0579817786378119,
      0.051210133539912814,
      0.043661461927011216,
      0.0357142857142857,
      0.027767109501560194,
      0.020218437888658656,
      0.013446792790759513,
      0.007791732768998929,
      0.003536826146342174,
      0.0008954317077920156,
      0.0,
      0.0008954317077920129,
      0.0035368261463421596,
      0.007791732768998929,
      0.01344679279075951,
      0.020218437888658642,
      0.027767109501560226,
      0.035714285714285705
    ],
    [
      0.03571428571428572,
      0.043661461927011244,
      0.05121013353991279,
      0.05798177863781191,
      0.0636368386595725,
      0.06789174528222926,
      0.0705331397207794,
      0.07142857142857142,
      0.0705331397207794,
      0.06789174528222926,
      0.0636368386595725,
      0.05798177863781191,
      0.051210133539912786,
      0.043661461927011216,
      0.035714285714285705,
      0.027767109501560215,
      0.020218437888658642,
      0.013446792790759499,
      0.007791732768998934,
      0.0035368261463421774,
      0.0008954317077920164,
      0.0,
      0.0008954317077920075,
      0.003536826146342174,
      0.0077917327689989305,
      0.013446792790759516,
      0.020218437888658663,
      0.027767109501560205
    ],
    [
      0.027767109501560205,
      0.03571428571428572,
      0.04366146192701122,
      0.051210133539912786,
      0.0579817786378119,
      0.0636368386595725,
      0.06789174528222924,
      0.0705331397207794,
      0.07142857142857142,
      0.07053313972077942,
      0.06789174528222926,
      0.0636368386595725,
      0.0579817786378119,
      0.05121013353991277,
      0.043661461927011216,
      0.03571428571428573,
      0.027767109501560187,
      0.020218437888658614,
      0.013446792790759513,
      0.007791732768998934,
      0.003536826146342175,
      0.0008954317077920129,
      0.0,
      0.0008954317077920137,
      0.003536826146342174,
      0.007791732768998937,
      0.013446792790759544,
      0.020218437888658642
    ],
    [
      0.02021843788865865,
      0.027767109501560205,
      0.03571428571428573,
      0.043661461927011244,
      0.051210133539912814,
      0.05798177863781193,
      0.0636368386595725,
      0.06789174528222926,
      0.07053313972077942,
      0.07142857142857142,
      0.07053313972077942,
      0.06789174528222926,
      0.0636368386595725,
      0.0579817786378119,
      0.051210133539912786,
      0.043661461927011244,
      0.035714285714285705,
      0.027767109501560173,
      0.02021843788865863,
      0.013446792790759513,
      0.007791732768998937,
      0.003536826146342174,
      0.0008954317077920209,
      0.0,
      0.0008954317077920137,
      0.0035368261463421774,
      0.007791732768998957,
      0.013446792790759516
    ],
    [
      0.013446792790759521,
      0.020218437888658642,
      0.027767109501560205,
      0.03571428571428572,
      0.043661461927011244,
      0.05121013353991279,
      0.0579817786378119,
      0.0636368386595725,
      0.06789174528222926,
      0.07053313972077942,
      0.07142857142857142,
      0.07053313972077942,
      0.06789174528222926,
      0.06363683865957248,
      0.05798177863781191,
      0.05121013353991279,
      0.04366146192701122,
      0.0357142857142857,
      0.027767109501560205,
      0.02021843788865865,
      0.013446792790759526,
      0.007791732768998938,
      0.0035368261463421895,
      0.0008954317077920156,
      0.0,
      0.0008954317077920137,
      0.003536826146342187,
      0.007791732768998934
    ],
    [
      0.007791732768998946,
      0.01344679279075953,
      0.020218437888658656,
      0.027767109501560215,
      0.03571428571428573,
      0.043661461927011244,
      0.051210133539912814,
      0.05798177863781191,
      0.0636368386595725,
      0.06789174528222926,
      0.07053313972077942,
      0.07142857142857142,
      0.07053313972077942,
      0.06789174528222924,
      0.06363683865957248,
      0.05798177863781191,
      0.051210133539912786,
      0.043661461927011196,
      0.0357142857142857,
      0.027767109501560187,
      0.02021843788865863,
      0.013446792790759502,
      0.0077917327689989435,
      0.0035368261463421683,
      0.000895431707792012,
      0.0,
      0.000895431707792024,
      0.0035368261463421774
    ],
    [
      0.003536826146342175,
      0.007791732768998938,
      0.013446792790759521,
      0.020218437888658642,
      0.027767109501560205,
      0.03571428571428572,
      0.043661461927011216,
      0.051210133539912786,
      0.0579817786378119,
      0.0636368386595725,
      0.06789174528222926,
      0.07053313972077942,
      0.07142857142857142,
