{
  "k": 32,
  "M_approx": [
    [
      0.0625,
      0.06189954001260096,
      0.06012123539097771,
      0.057233425384454535,
      0.05334708691207961,
      0.048611569781862575,
      0.04320885726140906,
      0.03734657256300401,
      0.03125000000000001,
      0.025153427436996,
      0.01929114273859095,
      0.01388843021813744,
      0.009152913087920394,
      0.005266574615545458,
      0.00237876460902229,
      0.0006004599873990506,
      0.0,
      0.0006004599873990492,
      0.002378764609022287,
      0.005266574615545456,
      0.009152913087920388,
      0.013888430218137434,
      0.019291142738590925,
      0.025153427436995973,
      0.031249999999999993,
      0.03734657256300401,
      0.043208857261409064,
      0.04861156978186256,
      0.05334708691207961,
      0.057233425384454535,
      0.06012123539097771,
      0.061899540012600944
    ],
    [
      0.06189954001260096,
      0.0625,
      0.06189954001260096,
      0.06012123539097771,
      0.05723342538445455,
      0.05334708691207962,
      0.048611569781862575,
      0.04320885726140906,
      0.03734657256300401,
      0.031250000000000014,
      0.025153427436996,
      0.019291142738590956,
      0.013888430218137437,
      0.009152913087920388,
      0.005266574615545462,
      0.0023787646090222925,
      0.0006004599873990492,
      0.0,
      0.0006004599873990476,
      0.0023787646090222855,
      0.00526657461554546,
      0.009152913087920394,
      0.013888430218137416,
      0.019291142738590932,
      0.02515342743699599,
      0.03125000000000001,
      0.03734657256300402,
      0.043208857261409044,
      0.048611569781862575,
      0.05334708691207961,
      0.057233425384454535,
      0.06012123539097771
    ],
    [
      0.06012123539097771,
      0.06189954001260096,
      0.0625,
      0.061899540012600944,
      0.06012123539097771,
      0.05723342538445455,
      0.05334708691207961,
      0.048611569781862575,
      0.04320885726140906,
      0.03734657256300401,
      0.031249999999999993,
      0.025153427436996,
      0.01929114273859095,
      0.013888430218137423,
      0.00915291308792039,
      0.005266574615545466,
      0.00237876460902229,
      0.0006004599873990476,
      0.0,
      0.0006004599873990464,
      0.0023787646090222877,
      0.005266574615545464,
      0.009152913087920376,
      0.013888430218137415,
      0.019291142738590943,
      0.025153427436996,
      0.03125000000000001,
      0.037346572563004,
      0.043208857261409044,
      0.048611569781862575,
      0.05334708691207961,
      0.05723342538445452
    ],
    [
      0.057233425384454535,
      0.06012123539097771,
      0.061899540012600944,
      0.062499999999999986,
      0.061899540012600944,
      0.06012123539097771,
      0.057233425384454535,
      0.05334708691207961,
      0.04861156978186256,
      0.04320885726140906,
      0.037346572563004,
      0.031250000000000014,
      0.02515342743699599,
      0.019291142738590943,
      0.013888430218137427,
      0.009152913087920394,
      0.005266574615545462,
      0.002378764609022287,
      0.0006004599873990488,
      0.0,
      0.0006004599873990485,
      0.002378764609022291,
      0.00526657461554545,
      0.009152913087920376,
      0.013888430218137423,
      0.019291142738590943,
      0.025153427436996,
      0.031249999999999986,
      0.037346572563004,
      0.04320885726140906,
      0.04861156978186256,
      0.05334708691207958
    ],
    [
      0.05334708691207961,
      0.05723342538445455,
      0.06012123539097771,
      0.061899540012600944,
      0.0625,
      0.06189954001260096,
      0.06012123539097771,
      0.057233425384454535,
      0.05334708691207961,
      0.04861156978186258,
      0.04320885726140906,
      0.03734657256300402,
      0.031250000000000014,
      0.02515342743699599,
      0.01929114273859095,
      0.01388843021813744,
      0.009152913087920394,
      0.00526657461554546,
      0.0023787646090222903,
      0.0006004599873990506,
      0.0,
      0.0006004599873990485,
      0.0023787646090222816,
      0.005266574615545452,
      0.009152913087920385,
      0.01388843021813743,
      0.01929114273859095,
      0.025153427436995984,
      0.031249999999999993,
      0.03734657256300401,
      0.04320885726140903,
      0.04861156978186255
    ],
    [
      0.048611569781862575,
      0.05334708691207962,
      0.05723342538445455,
      0.06012123539097771,
      0.06189954001260096,
      0.0625,
      0.06189954001260096,
      0.06012123539097771,
      0.057233425384454535,
      0.05334708691207961,
      0.048611569781862575,
      0.043208857261409064,
      0.03734657256300401,
      0.031249999999999993,
      0.02515342743699599,
      0.01929114273859095,
      0.013888430218137434,
      0.009152913087920388,
      0.005266574615545464,
      0.0023787646090222925,
      0.0006004599873990485,
      0.0,
      0.0006004599873990444,
      0.002378764609022283,
      0.005266574615545458,
      0.00915291308792039,
      0.01388843021813744,
      0.019291142738590943,
      0.02515342743699599,
      0.031249999999999993,
      0.037346572563004,
      0.04320885726140903
    ],
    [
      0.04320885726140906,
      0.048611569781862575,
      0.05334708691207961,
      0.057233425384454535,
      0.06012123539097771,
      0.06189954001260096,
      0.0625,
      0.061899540012600944,
      0.06012123539097771,
      0.057233425384454535,
      0.05334708691207961,
      0.04861156978186258,
      0.043208857261409044,
      0.037346572563004,
      0.031249999999999993,
      0.02515342743699599,
      0.019291142738590943,
      0.013888430218137427,
      0.009152913087920388,
      0.005266574615545466,
      0.002378764609022287,
      0.0006004599873990479,
      0.0,
      0.000600459987399045,
      0.0023787646090222886,
      0.005266574615545462,
      0.009152913087920399,
      0.013888430218137423,
      0.019291142738590943,
      0.02515342743699599,
      0.031249999999999986,
      0.03734657256300399
    ],
    [
      0.03734657256300401,
      0.04320885726140906,
      0.048611569781862575,
      0.05334708691207961,
      0.057233425384454535,
      0.06012123539097771,
      0.061899540012600944,
      0.0625,
      0.06189954001260096,
      0.06012123539097771,
      0.057233425384454535,
      0.05334708691207962,
      0.04861156978186258,
      0.04320885726140906,
      0.03734657256300401,
      0.03125000000000001,
      0.02515342743699599,
      0.019291142738590943,
      0.013888430218137434,
      0.009152913087920399,
      0.005266574615545462,
      0.002378764609022287,
      0.0006004599873990525,
      0.0,
      0.0006004599873990471,
      0.002378764609022291,
      0.005266574615545466,
      0.009152913087920383,
      0.013888430218137427,
      0.019291142738590943,
      0.025153427436995984,
      0.031249999999999986
    ],
    [
      0.03125000000000001,
      0.03734657256300401,
      0.04320885726140906,
      0.04861156978186256,
      0.05334708691207961,
      0.057233425384454535,
      0.06012123539097771,
      0.06189954001260096,
      0.0625,
      0.06189954001260096,
      0.06012123539097771,
      0.05723342538445455,
      0.05334708691207961,
      0.04861156978186256,
      0.043208857261409044,
      0.037346572563004,
      0.031249999999999993,
      0.025153427436995984,
      0.019291142738590943,
      0.013888430218137434,
      0.009152913087920385,
      0.005266574615545456,
      0.0023787646090222938,
      0.0006004599873990506,
      0.0,
      0.0006004599873990498,
      0.0023787646090222925,
      0.005266574615545456,
      0.00915291308792039,
      0.013888430218137434,
      0.019291142738590932,
      0.025153427436995973
    ],
    [
      0.025153427436996,
      0.031250000000000014,
      0.03734657256300401,
      0.04320885726140906,
      0.04861156978186258,
      0.05334708691207961,
      0.057233425384454535,
      0.06012123539097771,
      0.06189954001260096,
      0.0625,
      0.06189954001260096,
      0.06012123539097771,
      0.057233425384454535,
      0.05334708691207961,
      0.048611569781862575,
      0.04320885726140906,
      0.037346572563004,
      0.031249999999999986,
      0.02515342743699599,
      0.01929114273859095,
      0.013888430218137423,
      0.009152913087920383,
      0.005266574615545468,
      0.0023787646090222925,
      0.0006004599873990471,
      0.0,
      0.0006004599873990512,
      0.0023787646090222886,
      0.005266574615545466,
      0.009152913087920399,
      0.013888430218137423,
      0.019291142738590932
    ],
    [
      0.01929114273859095,
      0.025153427436996,
      0.031249999999999993,
      0.037346572563004,
      0.04320885726140906,
      0.048611569781862575,
      0.05334708691207961,
      0.057233425384454535,
      0.06012123539097771,
      0.06189954001260096,
      0.062499999999999986,
      0.061899540012600944,
      0.06012123539097771,
      0.057233425384454535,
      0.053347086912079594,
      0.04861156978186256,
      0.043208857261409044,
      0.037346572563004,
      0.031249999999999993,
      0.02515342743699599,
      0.019291142738590932,
      0.013888430218137423,
      0.0091529130879204,
      0.005266574615545468,
      0.002378764609022287,
      0.0006004599873990464,
      0.0,
      0.0006004599873990471,
      0.0023787646090222886,
      0.005266574615545466,
      0.009152913087920376,
      0.01388843021813742
    ],
    [
      0.01388843021813744,
      0.019291142738590956,
      0.025153427436996,
      0.031250000000000014,
      0.03734657256300402,
      0.043208857261409064,
      0.04861156978186258,
      0.05334708691207962,
      0.05723342538445455,
      0.06012123539097771,
      0.061899540012600944,
      0.0625,
      0.06189954001260096,
      0.06012123539097771,
      0.057233425384454535,
      0.053347086912079594,
      0.04861156978186256,
      0.043208857261409044,
      0.037346572563004,
      0.031249999999999993,
      0.025153427436995984,
      0.019291142738590932,
      0.013888430218137442,
      0.00915291308792039,
      0.005266574615545456,
      0.0023787646090222842,
      0.000600459987399045,
      0.0,
      0.0006004599873990498,
      0.0023787646090222938,
      0.005266574615545458,
      0.009152913087920385
    ],
    [
      0.009152913087920394,
      0.013888430218137437,
      0.01929114273859095,
      0.02515342743699599,
      0.031250000000000014,
      0.03734657256300401,
      0.043208857261409044,
      0.04861156978186258,
      0.05334708691207961,
      0.057233425384454535,
      0.06012123539097771,
      0.06189954001260096,
      0.0625,
      0.06189954001260096,
      0.06012123539097771,
      0.057233425384454535,
      0.05334708691207961,
      0.048611569781862575,
      0.04320885726140906,
      0.03734657256300402,
      0.031249999999999993,
      0.02515342743699599,
      0.019291142738590963,
      0.01388843021813744,
      0.00915291308792039,
      0.00526657461554546,
      0.0023787646090222842,
      0.0006004599873990498,
      0.0,
      0.0006004599873990492,
      0.002378764609022283,
      0.005266574615545454
    ],
    [
      0.005266574615545458,
      0.009152913087920388,
      0.013888430218137423,
      0.019291142738590943,
      0.02515342743699599,
      0.031249999999999993,
      0.037346572563004,
      0.04320885726140906,
      0.04861156978186256,
      0.05334708691207961,
      0.057233425384454535,
      0.06012123539097771,
      0.06189954001260096,
      0.0625,
      0.06189954001260096,
      0.06012123539097771,
      0.05723342538445455,
      0.05334708691207962,
      0.04861156978186258,
      0.04320885726140908,
      0.03734657256300402,
      0.031250000000000014,
      0.025153427436996025,
      0.019291142738590963,
      0.01388843021813744,
      0.009152913087920399,
      0.005266574615545464,
      0.0023787646090222964,
      0.0006004599873990506,
      0.0,
      0.0006004599873990434,
      0.0023787646090222803
    ],
    [
      0.00237876460902229,
      0.005266574615545462,
      0.00915291308792039,
      0.013888430218137427,
      0.01929114273859095,
      0.02515342743699599,
      0.031249999999999993,
      0.03734657256300401,
      0.043208857261409044,
      0.048611569781862575,
      0.053347086912079594,
      0.057233425384454535,
      0.06012123539097771,
      0.06189954001260096,
      0.0625,
      0.061899540012600944,
      0.06012123539097771,
      0.057233425384454535,
      0.05334708691207961,
      0.04861156978186258,
      0.043208857261409044,
      0.03734657256300401,
      0.031250000000000014,
      0.025153427436996008,
      0.019291142738590943,
      0.013888430218137427,
      0.009152913087920383,
      0.005266574615545466,
      0.002378764609022289,
      0.0006004599873990474,
      0.0,
      0.0006004599873990458
    ],
    [
      0.0006004599873990506,
      0.0023787646090222925,
      0.005266574615545466,
      0.009152913087920394,
      0.01388843021813744,
      0.01929114273859095,
      0.02515342743699599,
      0.03125000000000001,
      0.037346572563004,
      0.04320885726140906,
      0.04861156978186256,
      0.053347086912079594,
      0.057233425384454535,
      0.06012123539097771,
      0.061899540012600944,
      0.062499999999999986,
      0.061899540012600944,
      0.06012123539097771,
      0.05723342538445452,
      0.05334708691207961,
      0.04861156978186256,
      0.043208857261409044,
      0.03734657256300401,
      0.03125000000000001,
      0.025153427436995984,
      0.019291142738590932,
      0.013888430218137416,
      0.009152913087920388,
      0.005266574615545458,
      0.002378764609022284,
      0.00060045998739905,
      0.0
    ],
    [
      0.0,
      0.0006004599873990492,
      0.00237876460902229,
      0.005266574615545462,
      0.009152913087920394,
      0.013888430218137434,
      0.019291142738590943,
      0.02515342743699599,
      0.031249999999999993,
      0.037346572563004,
      0.043208857261409044,
      0.04861156978186256,
      0.05334708691207961,
      0.05723342538445455,
      0.06012123539097771,
      0.061899540012600944,
      0.0625,
      0.06189954001260096,
      0.06012123539097771,
      0.05723342538445455,
      0.05334708691207961,
      0.048611569781862575,
      0.04320885726140908,
      0.03734657256300402,
      0.03125000000000001,
      0.02515342743699599,
      0.019291142738590943,
      0.013888430218137437,
      0.00915291308792039,
      0.005266574615545458,
      0.002378764609022295,
      0.0006004599873990507
    ],
    [
      0.0006004599873990492,
      0.0,
      0.0006004599873990476,
      0.002378764609022287,
      0.00526657461554546,
      0.009152913087920388,
      0.013888430218137427,
      0.019291142738590943,
      0.025153427436995984,
      0.031249999999999986,
      0.037346572563004,
      0.043208857261409044,
      0.048611569781862575,
      0.05334708691207962,
      0.057233425384454535,
      0.06012123539097771,
      0.06189954001260096,
      0.06250000000000003,
      0.06189954001260096,
      0.060121235390977724,
      0.05723342538445455,
      0.05334708691207962,
      0.048611569781862596,
      0.043208857261409064,
      0.03734657256300402,
      0.031250000000000014,
      0.025153427436996,
      0.019291142738590956,
      0.01388843021813744,
      0.009152913087920394,
      0.005266574615545474,
      0.002378764609022296
    ],
    [
      0.002378764609022287,
      0.0006004599873990476,
      0.0,
      0.0006004599873990488,
      0.0023787646090222903,
      0.005266574615545464,
      0.009152913087920388,
      0.013888430218137434,
      0.019291142738590943,
      0.02515342743699599,
      0.031249999999999993,
      0.037346572563004,
      0.04320885726140906,
      0.04861156978186258,
      0.05334708691207961,
      0.05723342538445452,
      0.06012123539097771,
      0.06189954001260096,
      0.0625,
      0.06189954001260096,
      0.0601212353909777,
      0.05723342538445455,
      0.05334708691207962,
      0.04861156978186258,
      0.04320885726140906,
      0.037346572563004,
      0.031249999999999986,
      0.025153427436996,
      0.019291142738590943,
      0.01388843021813742,
      0.0091529130879204,
      0.005266574615545466
    ],
    [
      0.005266574615545456,
      0.0023787646090222855,
      0.0006004599873990464,
      0.0,
      0.0006004599873990506,
      0.0023787646090222925,
      0.005266574615545466,
      0.009152913087920399,
      0.013888430218137434,
      0.01929114273859095,
      0.02515342743699599,
      0.031249999999999993,
      0.03734657256300402,
      0.04320885726140908,
      0.04861156978186258,
      0.05334708691207961,
      0.05723342538445455,
      0.060121235390977724,
      0.06189954001260096,
      0.0625,
      0.06189954001260096,
      0.06012123539097771,
      0.05723342538445456,
      0.05334708691207961,
      0.04861156978186256,
      0.04320885726140906,
      0.037346572563004,
      0.03125000000000001,
      0.02515342743699599,
      0.019291142738590932,
      0.01388843021813744,
      0.009152913087920394
    ],
    [
      0.009152913087920388,
      0.00526657461554546,
      0.0023787646090222877,
      0.0006004599873990485,
      0.0,
      0.0006004599873990485,
      0.002378764609022287,
      0.005266574615545462,
      0.009152913087920385,
      0.013888430218137423,
      0.019291142738590932,
      0.025153427436995984,
      0.031249999999999993,
      0.03734657256300402,
      0.043208857261409044,
      0.04861156978186256,
      0.05334708691207961,
      0.05723342538445455,
      0.0601212353909777,
      0.06189954001260096,
      0.0625,
      0.06189954001260096,
      0.060121235390977724,
      0.057233425384454535,
      0.05334708691207961,
      0.048611569781862575,
      0.043208857261409044,
      0.03734657256300402,
      0.03125000000000001,
      0.02515342743699599,
      0.019291142738590956,
      0.01388843021813744
    ],
    [
      0.013888430218137434,
      0.009152913087920394,
      0.005266574615545464,
      0.002378764609022291,
      0.0006004599873990485,
      0.0,
      0.0006004599873990479,
      0.002378764609022287,
      0.005266574615545456,
      0.009152913087920383,
      0.013888430218137423,
      0.019291142738590932,
      0.02515342743699599,
      0.031250000000000014,
      0.03734657256300401,
      0.043208857261409044,
      0.048611569781862575,
      0.05334708691207962,
      0.05723342538445455,
      0.06012123539097771,
      0.06189954001260096,
      0.06250000000000003,
      0.06189954001260096,
      0.06012123539097771,
      0.05723342538445455,
      0.05334708691207961,
      0.04861156978186258,
      0.043208857261409064,
      0.03734657256300402,
      0.031249999999999993,
      0.02515342743699602,
      0.019291142738590956
    ],
    [
      0.019291142738590925,
      0.013888430218137416,
      0.009152913087920376,
      0.00526657461554545,
      0.0023787646090222816,
      0.0006004599873990444,
      0.0,
      0.0006004599873990525,
      0.0023787646090222938,
      0.005266574615545468,
      0.0091529130879204,
      0.013888430218137442,
      0.019291142738590963,
      0.025153427436996025,
      0.031250000000000014,
      0.03734657256300401,
      0.04320885726140908,
      0.048611569781862596,
      0.05334708691207962,
      0.05723342538445456,
      0.060121235390977724,
      0.06189954001260096,
      0.0625,
      0.06189954001260096,
      0.06012123539097771,
      0.057233425384454535,
      0.05334708691207961,
      0.04861156978186256,
      0.043208857261409044,
      0.03734657256300398,
      0.03125000000000001,
      0.025153427436995984
    ],
    [
      0.025153427436995973,
      0.019291142738590932,
      0.013888430218137415,
      0.009152913087920376,
      0.005266574615545452,
      0.002378764609022283,
      0.000600459987399045,
      0.0,
      0.0006004599873990506,
      0.0023787646090222925,
      0.005266574615545468,
      0.00915291308792039,
      0.01388843021813744,
      0.019291142738590963,
      0.025153427436996008,
      0.03125000000000001,
      0.03734657256300402,
      0.043208857261409064,
      0.04861156978186258,
      0.05334708691207961,
      0.057233425384454535,
      0.06012123539097771,
      0.06189954001260096,
      0.062499999999999986,
      0.061899540012600944,
      0.06012123539097771,
      0.057233425384454535,
      0.05334708691207961,
      0.04861156978186256,
      0.04320885726140903,
      0.03734657256300401,
      0.031249999999999993
    ],
    [
      0.031249999999999993,
      0.02515342743699599,
      0.019291142738590943,
      0.013888430218137423,
      0.009152913087920385,
      0.005266574615545458,
      0.0023787646090222886,
      0.0006004599873990471,
      0.0,
      0.0006004599873990471,
      0.002378764609022287,
      0.005266574615545456,
      0.00915291308792039,
      0.01388843021813744,
      0.019291142738590943,
      0.025153427436995984,
      0.03125000000000001,
      0.03734657256300402,
      0.04320885726140906,
      0.04861156978186256,
      0.05334708691207961,
      0.05723342538445455,
      0.06012123539097771,
      0.061899540012600944,
      0.0625,
      0.06189954001260096,
      0.06012123539097771,
      0.05723342538445455,
      0.05334708691207961,
      0.04861156978186256,
      0.043208857261409064,
      0.03734657256300401
    ],
    [
      0.03734657256300401,
      0.03125000000000001,
      0.025153427436996,
      0.019291142738590943,
      0.01388843021813743,
      0.00915291308792039,
      0.005266574615545462,
      0.002378764609022291,
      0.0006004599873990498,
      0.0,
      0.0006004599873990464,
      0.0023787646090222842,
      0.00526657461554546,
      0.009152913087920399,
      0.013888430218137427,
      0.019291142738590932,
      0.02515342743699599,
      0.031250000000000014,
      0.037346572563004,
      0.04320885726140906,
      0.048611569781862575,
      0.05334708691207961,
      0.057233425384454535,
      0.06012123539097771,
      0.06189954001260096,
      0.0625,
      0.06189954001260096,
      0.06012123539097771,
      0.05723342538445455,
      0.05334708691207961,
      0.048611569781862596,
      0.04320885726140908
    ],
    [
      0.043208857261409064,
      0.03734657256300402,
      0.03125000000000001,
      0.025153427436996,
      0.01929114273859095,
      0.01388843021813744,
      0.009152913087920399,
      0.005266574615545466,
      0.0023787646090222925,
      0.0006004599873990512,
      0.0,
      0.000600459987399045,
      0.0023787646090222842,
      0.005266574615545464,
      0.009152913087920383,
      0.013888430218137416,
      0.019291142738590943,
      0.025153427436996,
      0.031249999999999986,
      0.037346572563004,
      0.043208857261409044,
      0.04861156978186258,
      0.05334708691207961,
      0.057233425384454535,
      0.06012123539097771,
      0.06189954001260096,
      0.0625,
      0.06189954001260096,
      0.060121235390977724,
      0.05723342538445455,
      0.053347086912079636,
      0.04861156978186258
    ],
    [
      0.04861156978186256,
      0.043208857261409044,
      0.037346572563004,
      0.031249999999999986,
      0.025153427436995984,
      0.019291142738590943,
      0.013888430218137423,
      0.009152913087920383,
      0.005266574615545456,
      0.0023787646090222886,
      0.0006004599873990471,
      0.0,
      0.0006004599873990498,
      0.0023787646090222964,
      0.005266574615545466,
      0.009152913087920388,
      0.013888430218137437,
      0.019291142738590956,
      0.025153427436996,
      0.03125000000000001,
      0.03734657256300402,
      0.043208857261409064,
      0.04861156978186256,
      0.05334708691207961,
      0.05723342538445455,
      0.06012123539097771,
      0.06189954001260096,
      0.0625,
      0.06189954001260096,
      0.0601212353909777,
      0.05723342538445456,
      0.05334708691207961
    ],
    [
      0.05334708691207961,
      0.048611569781862575,
      0.043208857261409044,
      0.037346572563004,
      0.031249999999999993,
      0.02515342743699599,
      0.019291142738590943,
      0.013888430218137427,
      0.00915291308792039,
      0.005266574615545466,
      0.0023787646090222886,
      0.0006004599873990498,
      0.0,
      0.0006004599873990506,
      0.002378764609022289,
      0.005266574615545458,
      0.00915291308792039,
      0.01388843021813744,
      0.019291142738590943,
      0.02515342743699599,
      0.03125000000000001,
      0.03734657256300402,
      0.043208857261409044,
      0.04861156978186256,
      0.05334708691207961,
      0.05723342538445455,
      0.060121235390977724,
      0.06189954001260096,
      0.0625,
      0.06189954001260096,
      0.060121235390977724,
      0.05723342538445455
    ],
    [
      0.057233425384454535,
      0.05334708691207961,
      0.048611569781862575,
      0.04320885726140906,
      0.03734657256300401,
      0.031249999999999993,
      0.02515342743699599,
      0.019291142738590943,
      0.013888430218137434,
      0.009152913087920399,
      0.005266574615545466,
      0.0023787646090222938,
      0.0006004599873990492,
      0.0,
      0.0006004599873990474,
      0.002378764609022284,
      0.005266574615545458,
      0.009152913087920394,
      0.01388843021813742,
      0.019291142738590932,
      0.02515342743699599,
      0.031249999999999993,
      0.03734657256300398,
      0.04320885726140903,
      0.04861156978186256,
      0.05334708691207961,
      0.05723342538445455,
      0.0601212353909777,
      0.06189954001260096,
      0.062499999999999986,
      0.06189954001260096,
      0.06012123539097771
    ],
    [
      0.06012123539097771,
      0.057233425384454535,
      0.05334708691207961,
      0.04861156978186256,
      0.04320885726140903,
      0.037346572563004,
      0.031249999999999986,
      0.025153427436995984,
      0.019291142738590932,
      0.013888430218137423,
      0.009152913087920376,
      0.005266574615545458,
      0.002378764609022283,
      0.0006004599873990434,
      0.0,
      0.00060045998739905,
      0.002378764609022295,
      0.005266574615545474,
      0.0091529130879204,
      0.01388843021813744,
      0.019291142738590956,
      0.02515342743699602,
      0.03125000000000001,
      0.03734657256300401,
      0.043208857261409064,
      0.048611569781862596,
      0.053347086912079636,
      0.05723342538445456,
      0.060121235390977724,
      0.06189954001260096,
      0.0625,
      0.061899540012600944
    ],
    [
      0.061899540012600944,
      0.06012123539097771,
      0.05723342538445452,
      0.05334708691207958,
      0.04861156978186255,
      0.04320885726140903,
      0.03734657256300399,
      0.031249999999999986,
      0.025153427436995973,
      0.019291142738590932,
      0.01388843021813742,
      0.009152913087920385,
      0.005266574615545454,
      0.0023787646090222803,
      0.0006004599873990458,
      0.0,
      0.0006004599873990507,
      0.002378764609022296,
      0.005266574615545466,
      0.009152913087920394,
      0.01388843021813744,
      0.019291142738590956,
      0.025153427436995984,
      0.031249999999999993,
      0.03734657256300401,
      0.04320885726140908,
      0.04861156978186258,
      0.05334708691207961,
      0.05723342538445455,
      0.06012123539097771,
      0.061899540012600944,
      0.062499999999999986
    ]
  ],
  "A": [
    [
      1.0,
      0.0,
      0.0,
      0.0,
      0.0,
      0.0,
      0.0,
      0.0,
      0.0,
      0.0,
      0.0,
      0.0,
      0.0,
      0.0,
      0.0,
      0.0,
      0.0,
      0.0,
      0.0,
      0.0,
      0.0,
      0.0,
      0.0,
      0.0,
      0.0,
      0.0,
      0.0,
      0.0,
      0.0,
      0.0,
      0.0,
      0.0
    ],
    [
      0.0,
      1.0,
      0.0,
      0.0,
      0.0,
      0.0,
      0.0,
      0.0,
      0.0,
      0.0,
      0.0,
      0.0,
      0.0,
      0.0,
      0.0,
      0.0,
      0.0,
      0.0,
      0.0,
      0.0,
      0.0,
      0.0,
      0.0,
      0.0,
      0.0,
      0.0,
      0.0,
      0.0,
      0.0,
      0.0,
      0.0,
      0.0
    ],
    [
      0.0,
      0.0,
      1.0,
      0.0,
      0.0,
      0.0,
      0.0,
      0.0,
      0.0,
      0.0,
      0.0,
      0.0,
      0.0,
      0.0,
      0.0,
      0.0,
      0.0,
      0.0,
      0.0,
      0.0,
      0.0,
      0.0,
      0.0,
      0.0,
      0.0,
      0.0,
      0.0,
      0.0,
      0.0,
      0.0,
      0.0,
      0.0
    ],
    [
      0.0,
      0.0,
      0.0,
      1.0,
      0.0,
      0.0,
      0.0,
      0.0,
      0.0,
      0.0,
      0.0,
      0.0,
      0.0,
      0.0,
      0.0,
      0.0,
      0.0,
      0.0,
      0.0,
      0.0,
      0.0,
      0.0,
      0.0,
      0.0,
      0.0,
      0.0,
      0.0,
      0.0,
      0.0,
      0.0,
      0.0,
      0.0
    ],
    [
      0.0,
      0.0,
      0.0,
      0.0,
      1.0,
      0.0,
      0.0,
      0.0,
      0.0,
      0.0,
      0.0,
      0.0,
      0.0,
      0.0,
      0.0,
      0.0,
      0.0,
      0.0,
      0.0,
      0.0,
      0.0,
      0.0,
      0.0,
      0.0,
      0.0,
      0.0,
      0.0,
      0.0,
      0.0,
      0.0,
      0.0,
      0.0
    ],
    [
      0.0,
      0.0,
      0.0,
      0.0,
      0.0,
      1.0,
      0.0,
      0.0,
      0.0,
      0.0,
      0.0,
      0.0,
      0.0,
      0.0,
      0.0,
      0.0,
      0.0,
      0.0,
      0.0,
      0.0,
      0.0,
      0.0,
      0.0,
      0.0,
      0.0,
      0.0,
      0.0,
      0.0,
      0.0,
      0.0,
      0.0,
      0.0
    ],
    [
      0.0,
      0.0,
      0.0,
      0.0,
      0.0,
      0.0,
      1.0,
      0.0,
      0.0,
      0.0,
      0.0,
      0.0,
      0.0,
      0.0,
      0.0,
      0.0,
      0.0,
      0.0,
      0.0,
      0.0,
      0.0,
      0.0,
      0.0,
      0.0,
      0.0,
      0.0,
      0.0,
      0.0,
      0.0,
      0.0,
      0.0,
      0.0
    ],
    [
      0.0,
      0.0,
      0.0,
      0.0,
      0.0,
      0.0,
      0.0,
      1.0,
      0.0,
      0.0,
      0.0,
      0.0,
      0.0,
      0.0,
      0.0,
      0.0,
      0.0,
      0.0,
      0.0,
      0.0,
      0.0,
      0.0,
      0.0,
      0.0,
      0.0,
      0.0,
      0.0,
      0.0,
      0.0,
      0.0,
      0.0,
      0.0
    ],
    [
      0.0,
      0.0,
      0.0,
      0.0,
      0.0,
      0.0,
      0.0,
      0.0,
      1.0,
      0.0,
      0.0,
      0.0,
      0.0,
      0.0,
      0.0,
      0.0,
      0.0,
      0.0,
      0.0,
      0.0,
      0.0,
      0.0,
      0.0,
      0.0,
      0.0,
      0.0,
      0.0,
      0.0,
      0.0,
      0.0,
      0.0,
      0.0
    ],
    [
      0.0,
      0.0,
      0.0,
      0.0,
      0.0,
      0.0,
      0.0,
      0.0,
      0.0,
      1.0,
      0.0,
      0.0,
      0.0,
      0.0,
      0.0,
      0.0,
      0.0,
      0.0,
      0.0,
      0.0,
      0.0,
      0.0,
      0.0,
      0.0,
      0.0,
      0.0,
      0.0,
      0.0,
      0.0,
      0.0,
      0.0,
      0.0
    ],
    [
      0.0,
      0.0,
      0.0,
      0.0,
      0.0,
      0.0,
      0.0,
      0.0,
      0.0,
      0.0,
      1.0,
      0.0,
      0.0,
      0.0,
      0.0,
      0.0,
      0.0,
      0.0,
      0.0,
      0.0,
      0.0,
      0.0,
      0.0,
      0.0,
      0.0,
      0.0,
      0.0,
      0.0,
      0.0,
      0.0,
      0.0,
      0.0
    ],
    [
      0.0,
      0.0,
      0.0,
      0.0,
      0.0,
      0.0,
      0.0,
      0.0,
      0.0,
      0.0,
      0.0,
      1.0,
      0.0,
      0.0,
      0.0,
      0.0,
      0.0,
      0.0,
      0.0,
      0.0,
      0.0,
      0.0,
      0.0,
      0.0,
      0.0,
      0.0,
      0.0,
      0.0,
      0.0,
      0.0,
      0.0,
      0.0
    ],
    [
      0.0,
      0.0,
      0.0,
      0.0,
      0.0,
      0.0,
      0.0,
      0.0,
      0.0,
      0.0,
      0.0,
      0.0,
      1.0,
      0.0,
      0.0,
      0.0,
      0.0,
      0.0,
      0.0,
      0.0,
      0.0,
      0.0,
      0.0,
      0.0,
      0.0,
      0.0,
      0.0,
      0.0,
      0.0,
      0.0,
      0.0,
      0.0
    ],
    [
      0.0,
      0.0,
      0.0,
      0.0,
      0.0,
      0.0,
      0.0,
      0.0,
      0.0,
      0.0,
      0.0,
      0.0,
      0.0,
      1.0,
      0.0,
      0.0,
      0.0,
      0.0,
      0.0,
      0.0,
      0.0,
      0.0,
      0.0,
      0.0,
      0.0,
      0.0,
      0.0,
      0.0,
      0.0,
      0.0,
      0.0,
      0.0
    ],
    [
      0.0,
      0.0,
      0.0,
      0.0,
      0.0,
      0.0,
      0.0,
      0.0,
      0.0,
      0.0,
      0.0,
      0.0,
      0.0,
      0.0,
      1.0,
      0.0,
      0.0,
      0.0,
      0.0,
      0.0,
      0.0,
      0.0,
      0.0,
      0.0,
      0.0,
      0.0,
      0.0,
      0.0,
      0.0,
      0.0,
      0.0,
      0.0
    ],
    [
      0.0,
      0.0,
      0.0,
      0.0,
      0.0,
      0.0,
      0.0,
      0.0,
      0.0,
      0.0,
      0.0,
      0.0,
      0.0,
      0.0,
      0.0,
      1.0,
      0.0,
      0.0,
      0.0,
      0.0,
      0.0,
      0.0,
      0.0,
      0.0,
      0.0,
      0.0,
      0.0,
      0.0,
      0.0,
      0.0,
      0.0,
      0.0
    ],
    [
      0.0,
      0.0,
      0.0,
      0.0,
      0.0,
      0.0,
      0.0,
      0.0,
      0.0,
      0.0,
      0.0,
      0.0,
      0.0,
      0.0,
      0.0,
      0.0,
      1.0,
      0.0,
      0.0,
      0.0,
      0.0,
      0.0,
      0.0,
      0.0,
      0.0,
      0.0,
      0.0,
      0.0,
      0.0,
      0.0,
      0.0,
      0.0
    ],
    [
      0.0,
      0.0,
      0.0,
      0.0,
      0.0,
      0.0,
      0.0,
      0.0,
      0.0,
      0.0,
      0.0,
      0.0,
      0.0,
      0.0,
      0.0,
      0.0,
      0.0,
      1.0,
      0.0,
      0.0,
      0.0,
      0.0,
      0.0,
      0.0,
      0.0,
      0.0,
      0.0,
      0.0,
      0.0,
      0.0,
      0.0,
      0.0
    ],
    [
      0.0,
      0.0,
      0.0,
      0.0,
      0.0,
      0.0,
      0.0,
      0.0,
      0.0,
      0.0,
      0.0,
      0.0,
      0.0,
      0.0,
      0.0,
      0.0,
      0.0,
      0.0,
      1.0,
      0.0,
      0.0,
      0.0,
      0.0,
      0.0,
      0.0,
      0.0,
      0.0,
      0.0,
      0.0,
      0.0,
      0.0,
      0.0
    ],
    [
      0.0,
      0.0,
      0.0,
      0.0,
      0.0,
      0.0,
      0.0,
      0.0,
      0.0,
      0.0,
      0.0,
      0.0,
      0.0,
      0.0,
      0.0,
      0.0,
      0.0,
      0.0,
      0.0,
      1.0,
      0.0,
      0.0,
      0.0,
      0.0,
      0.0,
      0.0,
      0.0,
      0.0,
      0.0,
      0.0,
      0.0,
      0.0
    ],
    [
      0.0,
      0.0,
      0.0,
      0.0,
      0.0,
      0.0,
      0.0,
      0.0,
      0.0,
      0.0,
      0.0,
      0.0,
      0.0,
      0.0,
      0.0,
      0.0,
      0.0,
      0.0,
      0.0,
      0.0,
      1.0,
      0.0,
      0.0,
      0.0,
      0.0,
      0.0,
      0.0,
      0.0,
      0.0,
      0.0,
      0.0,
      0.0
    ],
    [
      0.0,
      0.0,
      0.0,
      0.0,
      0.0,
      0.0,
      0.0,
      0.0,
      0.0,
      0.0,
      0.0,
      0.0,
      0.0,
      0.0,
      0.0,
      0.0,
      0.0,
      0.0,
      0.0,
      0.0,
      0.0,
      1.0,
      0.0,
      0.0,
      0.0,
      0.0,
      0.0,
      0.0,
      0.0,
      0.0,
      0.0,
      0.0
    ],
    [
      0.0,
      0.0,
      0.0,
      0.0,
      0.0,
      0.0,
      0.0,
      0.0,
      0.0,
      0.0,
      0.0,
      0.0,
      0.0,
      0.0,
      0.0,
      0.0,
      0.0,
      0.0,
      0.0,
      0.0,
      0.0,
      0.0,
      1.0,
      0.0,
      0.0,
      0.0,
      0.0,
      0.0,
      0.0,
      0.0,
      0.0,
      0.0
    ],
    [
      0.0,
      0.0,
      0.0,
      0.0,
      0.0,
      0.0,
      0.0,
      0.0,
      0.0,
      0.0,
      0.0,
      0.0,
      0.0,
      0.0,
      0.0,
      0.0,
      0.0,
      0.0,
      0.0,
      0.0,
      0.0,
      0.0,
      0.0,
      1.0,
      0.0,
      0.0,
      0.0,
      0.0,
      0.0,
      0.0,
      0.0,
      0.0
    ],
    [
      0.0,
      0.0,
      0.0,
      0.0,
      0.0,
      0.0,
      0.0,
      0.0,
      0.0,
      0.0,
      0.0,
      0.0,
      0.0,
      0.0,
      0.0,
      0.0,
      0.0,
      0.0,
      0.0,
      0.0,
      0.0,
      0.0,
      0.0,
      0.0,
      1.0,
      0.0,
      0.0,
      0.0,
      0.0,
      0.0,
      0.0,
      0.0
    ],
    [
      0.0,
      0.0,
      0.0,
      0.0,
      0.0,
      0.0,
      0.0,
      0.0,
      0.0,
      0.0,
      0.0,
      0.0,
      0.0,
      0.0,
      0.0,
      0.0,
      0.0,
      0.0,
      0.0,
      0.0,
      0.0,
      0.0,
      0.0,
      0.0,
      0.0,
      1.0,
      0.0,
      0.0,
      0.0,
      0.0,
      0.0,
      0.0
    ],
    [
      0.0,
      0.0,
      0.0,
      0.0,
      0.0,
      0.0,
      0.0,
      0.0,
      0.0,
      0.0,
      0.0,
      0.0,
      0.0,
      0.0,
      0.0,
      0.0,
      0.0,
      0.0,
      0.0,
      0.0,
      0.0,
      0.0,
      0.0,
      0.0,
      0.0,
      0.0,
      1.0,
      0.0,
      0.0,
      0.0,
      0.0,
      0.0
    ],
    [
      0.0,
      0.0,
      0.0,
      0.0,
      0.0,
      0.0,
      0.0,
      0.0,
      0.0,
      0.0,
      0.0,
      0.0,
      0.0,
      0.0,
      0.0,
      0.0,
      0.0,
      0.0,
      0.0,
      0.0,
      0.0,
      0.0,
      0.0,
      0.0,
      0.0,
      0.0,
      0.0,
      1.0,
      0.0,
      0.0,
      0.0,
      0.0
    ],
    [
      0.0,
      0.0,
      0.0,
      0.0,
      0.0,
      0.0,
      0.0,
      0.0,
      0.0,
      0.0,
      0.0,
      0.0,
      0.0,
      0.0,
      0.0,
      0.0,
      0.0,
      0.0,
      0.0,
      0.0,
      0.0,
      0.0,
      0.0,
      0.0,
      0.0,
      0.0,
      0.0,
      0.0,
      1.0,
      0.0,
      0.0,
      0.0
    ],
    [
      0.0,
      0.0,
      0.0,
      0.0,
      0.0,
      0.0,
      0.0,
      0.0,
      0.0,
      0.0,
      0.0,
      0.0,
      0.0,
      0.0,
      0.0,
      0.0,
      0.0,
      0.0,
      0.0,
      0.0,
      0.0,
      0.0,
      0.0,
      0.0,
      0.0,
      0.0,
      0.0,
      0.0,
      0.0,
      1.0,
      0.0,
      0.0
    ],
    [
      0.0,
      0.0,
      0.0,
      0.0,
      0.0,
      0.0,
      0.0,
      0.0,
      0.0,
      0.0,
      0.0,
      0.0,
      0.0,
      0.0,
      0.0,
      0.0,
      0.0,
      0.0,
      0.0,
      0.0,
      0.0,
      0.0,
      0.0,
      0.0,
      0.0,
      0.0,
      0.0,
      0.0,
      0.0,
      0.0,
      1.0,
      0.0
    ],
    [
      0.0,
      0.0,
      0.0,
      0.0,
      0.0,
      0.0,
      0.0,
      0.0,
      0.0,
      0.0,
      0.0,
      0.0,
      0.0,
      0.0,
      0.0,
      0.0,
      0.0,
      0.0,
      0.0,
      0.0,
      0.0,
      0.0,
      0.0,
      0.0,
      0.0,
      0.0,
      0.0,
      0.0,
      0.0,
      0.0,
      0.0,
      1.0
    ]
  ],
  "B": [
    [
      0.0625,
      0.06189954001260096,
      0.06012123539097771,
      0.057233425384454535,
      0.05334708691207961,
      0.048611569781862575,
      0.04320885726140906,
      0.03734657256300401,
      0.03125000000000001,
      0.025153427436996,
      0.01929114273859095,
      0.01388843021813744,
      0.009152913087920394,
      0.005266574615545458,
      0.00237876460902229,
      0.0006004599873990506,
      0.0,
      0.0006004599873990492,
      0.002378764609022287,
      0.005266574615545456,
      0.009152913087920388,
