{
  "k": 34,
  "M_approx": [
    [
      0.058823529411764705,
      0.0583227382259971,
      0.05683741851189282,
      0.054418151050871,
      0.051147321094725265,
      0.047136312834684016,
      0.042521716346368775,
      0.03746067617859067,
      0.03212553998421476,
      0.02669798942754995,
      0.021362853233174033,
      0.016301813065395947,
      0.011687216577080698,
      0.007676208317039433,
      0.004405378360893706,
      0.0019861108998718924,
      0.0005007911857675949,
      0.0,
      0.0005007911857675936,
      0.0019861108998718855,
      0.004405378360893702,
      0.007676208317039437,
      0.011687216577080672,
      0.016301813065395916,
      0.021362853233174026,
      0.02669798942754994,
      0.03212553998421478,
      0.03746067617859067,
      0.042521716346368754,
      0.047136312834684,
      0.05114732109472525,
      0.054418151050871,
      0.05683741851189282,
      0.058322738225997116
    ],
    [
      0.0583227382259971,
      0.05882352941176469,
      0.0583227382259971,
      0.05683741851189281,
      0.054418151050871,
      0.051147321094725265,
      0.047136312834684016,
      0.042521716346368754,
      0.03746067617859067,
      0.032125539984214774,
      0.02669798942754994,
      0.02136285323317405,
      0.016301813065395937,
      0.011687216577080687,
      0.007676208317039442,
      0.004405378360893708,
      0.001986110899871888,
      0.0005007911857675953,
      0.0,
      0.0005007911857675934,
      0.001986110899871888,
      0.0044053783608937,
      0.007676208317039416,
      0.011687216577080679,
      0.016301813065395923,
      0.021362853233174026,
      0.02669798942754996,
      0.03212553998421475,
      0.037460676178590654,
      0.042521716346368754,
      0.047136312834684,
      0.05114732109472525,
      0.054418151050870986,
      0.05683741851189282
    ],
    [
      0.05683741851189282,
      0.0583227382259971,
      0.058823529411764705,
      0.0583227382259971,
      0.05683741851189282,
      0.054418151050871014,
      0.051147321094725265,
      0.047136312834684016,
      0.04252171634636877,
      0.03746067617859068,
      0.032125539984214774,
      0.02669798942754996,
      0.021362853233174044,
      0.01630181306539593,
      0.011687216577080703,
      0.007676208317039447,
      0.004405378360893702,
      0.0019861108998718894,
      0.0005007911857675962,
      0.0,
      0.0005007911857675952,
      0.001986110899871887,
      0.004405378360893686,
      0.007676208317039422,
      0.01168721657708069,
      0.016301813065395937,
      0.02136285323317405,
      0.02669798942754994,
      0.032125539984214746,
      0.03746067617859066,
      0.042521716346368754,
      0.047136312834684,
      0.051147321094725265,
      0.054418151050871014
    ],
    [
      0.054418151050871,
      0.05683741851189281,
      0.0583227382259971,
      0.05882352941176469,
      0.0583227382259971,
      0.05683741851189282,
      0.054418151050871,
      0.051147321094725265,
      0.047136312834684,
      0.042521716346368775,
      0.03746067617859067,
      0.032125539984214774,
      0.02669798942754994,
      0.021362853233174026,
      0.016301813065395937,
      0.011687216577080703,
      0.007676208317039437,
      0.004405378360893702,
      0.00198611089987189,
      0.0005007911857675961,
      0.0,
      0.0005007911857675946,
      0.0019861108998718777,
      0.004405378360893693,
      0.007676208317039432,
      0.011687216577080698,
      0.016301813065395947,
      0.021362853233174033,
      0.026697989427549935,
      0.03212553998421476,
      0.037460676178590654,
      0.042521716346368754,
      0.047136312834684,
      0.051147321094725265
    ],
    [
      0.051147321094725265,
      0.054418151050871,
      0.05683741851189282,
      0.0583227382259971,
      0.058823529411764705,
      0.0583227382259971,
      0.05683741851189282,
      0.054418151050870986,
      0.051147321094725265,
      0.047136312834684016,
      0.042521716346368775,
      0.03746067617859069,
      0.03212553998421476,
      0.026697989427549935,
      0.021362853233174044,
      0.01630181306539594,
      0.01168721657708069,
      0.0076762083170394384,
      0.004405378360893704,
      0.00198611089987189,
      0.0005007911857675939,
      0.0,
      0.0005007911857675891,
      0.001986110899871881,
      0.004405378360893698,
      0.007676208317039442,
      0.011687216577080705,
      0.01630181306539593,
      0.02136285323317402,
      0.026697989427549935,
      0.032125539984214746,
      0.03746067617859066,
      0.04252171634636877,
      0.04713631283468403
    ],
    [
      0.047136312834684016,
      0.051147321094725265,
      0.054418151050871014,
      0.05683741851189282,
      0.0583227382259971,
      0.058823529411764705,
      0.058322738225997116,
      0.05683741851189281,
      0.054418151050871014,
      0.05114732109472528,
      0.047136312834684016,
      0.042521716346368775,
      0.03746067617859067,
      0.03212553998421476,
      0.02669798942754995,
      0.021362853233174044,
      0.01630181306539593,
      0.011687216577080698,
      0.007676208317039442,
      0.004405378360893704,
      0.001986110899871888,
      0.0005007911857675952,
      0.0,
      0.0005007911857675909,
      0.0019861108998718846,
      0.004405378360893704,
      0.007676208317039447,
      0.011687216577080698,
      0.016301813065395923,
      0.021362853233174026,
      0.026697989427549924,
      0.03212553998421476,
      0.03746067617859067,
      0.04252171634636879
    ],
    [
      0.042521716346368775,
      0.047136312834684016,
      0.051147321094725265,
      0.054418151050871,
      0.05683741851189282,
      0.058322738225997116,
      0.058823529411764705,
      0.0583227382259971,
      0.05683741851189282,
      0.054418151050871014,
      0.051147321094725265,
      0.04713631283468403,
      0.042521716346368775,
      0.03746067617859066,
      0.03212553998421476,
      0.02669798942754995,
      0.021362853233174026,
      0.01630181306539593,
      0.011687216577080694,
      0.0076762083170394384,
      0.0044053783608936975,
      0.001986110899871887,
      0.0005007911857675993,
      0.0,
      0.0005007911857675946,
      0.0019861108998718894,
      0.004405378360893712,
      0.007676208317039442,
      0.011687216577080687,
      0.016301813065395937,
      0.021362853233174026,
      0.026697989427549935,
      0.032125539984214774,
      0.03746067617859068
    ],
    [
      0.03746067617859067,
      0.042521716346368754,
      0.047136312834684016,
      0.051147321094725265,
      0.054418151050870986,
      0.05683741851189281,
      0.0583227382259971,
      0.05882352941176469,
      0.058322738225997095,
      0.05683741851189282,
      0.054418151050870986,
      0.05114732109472528,
      0.047136312834684,
      0.042521716346368754,
      0.03746067617859067,
      0.032125539984214774,
      0.026697989427549935,
      0.021362853233174026,
      0.016301813065395937,
      0.011687216577080698,
      0.007676208317039432,
      0.004405378360893698,
      0.0019861108998718967,
      0.0005007911857675981,
      0.0,
      0.0005007911857675952,
      0.0019861108998718946,
      0.004405378360893702,
      0.007676208317039427,
      0.011687216577080687,
      0.016301813065395923,
      0.021362853233174026,
      0.02669798942754994,
      0.032125539984214774
    ],
    [
      0.03212553998421476,
      0.03746067617859067,
      0.04252171634636877,
      0.047136312834684,
      0.051147321094725265,
      0.054418151050871014,
      0.05683741851189282,
      0.058322738225997095,
      0.05882352941176469,
      0.058322738225997116,
      0.05683741851189281,
      0.054418151050871014,
      0.05114732109472528,
      0.047136312834684,
      0.042521716346368775,
      0.03746067617859069,
      0.03212553998421476,
      0.02669798942754994,
      0.021362853233174044,
      0.01630181306539594,
      0.011687216577080694,
      0.007676208317039442,
      0.004405378360893718,
      0.0019861108998718954,
      0.0005007911857675964,
      0.0,
      0.0005007911857675969,
      0.001986110899871886,
      0.00440537836089369,
      0.007676208317039432,
      0.011687216577080679,
      0.016301813065395923,
      0.021362853233174026,
      0.02669798942754995
    ],
    [
      0.02669798942754995,
      0.032125539984214774,
      0.03746067617859068,
      0.042521716346368775,
      0.047136312834684016,
      0.05114732109472528,
      0.054418151050871014,
      0.05683741851189282,
      0.058322738225997116,
      0.058823529411764705,
      0.0583227382259971,
      0.056837418511892834,
      0.054418151050871014,
      0.051147321094725265,
      0.04713631283468403,
      0.04252171634636879,
      0.03746067617859067,
      0.03212553998421476,
      0.02669798942754995,
      0.021362853233174033,
      0.01630181306539593,
      0.011687216577080698,
      0.007676208317039455,
      0.004405378360893711,
      0.001986110899871888,
      0.0005007911857675927,
      0.0,
      0.0005007911857675957,
      0.0019861108998718846,
      0.0044053783608937,
      0.007676208317039429,
      0.011687216577080694,
      0.016301813065395937,
      0.02136285323317405
    ],
    [
      0.021362853233174033,
      0.02669798942754994,
      0.032125539984214774,
      0.03746067617859067,
      0.042521716346368775,
      0.047136312834684016,
      0.051147321094725265,
      0.054418151050870986,
      0.05683741851189281,
      0.0583227382259971,
      0.058823529411764705,
      0.0583227382259971,
      0.056837418511892834,
      0.054418151050870986,
      0.05114732109472528,
      0.04713631283468403,
      0.04252171634636877,
      0.03746067617859067,
      0.032125539984214774,
      0.02669798942754995,
      0.021362853233174033,
      0.01630181306539593,
      0.011687216577080717,
      0.007676208317039453,
      0.004405378360893706,
      0.001986110899871886,
      0.0005007911857675915,
      0.0,
      0.0005007911857675921,
      0.001986110899871887,
      0.00440537836089369,
      0.007676208317039432,
      0.011687216577080698,
      0.01630181306539594
    ],
    [
      0.016301813065395947,
      0.02136285323317405,
      0.02669798942754996,
      0.032125539984214774,
      0.03746067617859069,
      0.042521716346368775,
      0.04713631283468403,
      0.05114732109472528,
      0.054418151050871014,
      0.056837418511892834,
      0.0583227382259971,
      0.058823529411764705,
      0.058322738225997116,
      0.05683741851189281,
      0.054418151050871014,
      0.051147321094725265,
      0.047136312834684,
      0.042521716346368754,
      0.03746067617859066,
      0.03212553998421475,
      0.026697989427549924,
      0.02136285323317402,
      0.016301813065395947,
      0.011687216577080694,
      0.007676208317039432,
      0.00440537836089369,
      0.0019861108998718764,
      0.0005007911857675921,
      0.0,
      0.0005007911857675964,
      0.001986110899871886,
      0.004405378360893704,
      0.007676208317039448,
      0.011687216577080713
    ],
    [
      0.011687216577080698,
      0.016301813065395937,
      0.021362853233174044,
      0.02669798942754994,
      0.03212553998421476,
      0.03746067617859067,
      0.042521716346368775,
      0.047136312834684,
      0.05114732109472528,
      0.054418151050871014,
      0.056837418511892834,
      0.058322738225997116,
      0.058823529411764705,
      0.0583227382259971,
      0.056837418511892834,
      0.054418151050871014,
      0.051147321094725265,
      0.047136312834684016,
      0.04252171634636879,
      0.03746067617859068,
      0.03212553998421476,
      0.02669798942754994,
      0.021362853233174068,
      0.016301813065395947,
      0.011687216577080703,
      0.0076762083170394384,
      0.004405378360893696,
      0.001986110899871888,
      0.0005007911857675975,
      0.0,
      0.0005007911857675915,
      0.001986110899871884,
      0.004405378360893702,
      0.007676208317039447
    ],
    [
      0.007676208317039433,
      0.011687216577080687,
      0.01630181306539593,
      0.021362853233174026,
      0.026697989427549935,
      0.03212553998421476,
      0.03746067617859066,
      0.042521716346368754,
      0.047136312834684,
      0.051147321094725265,
      0.054418151050870986,
      0.05683741851189281,
      0.0583227382259971,
      0.05882352941176469,
      0.0583227382259971,
      0.05683741851189282,
      0.054418151050871,
      0.051147321094725265,
      0.04713631283468403,
      0.042521716346368775,
      0.03746067617859067,
      0.03212553998421476,
      0.026697989427549976,
      0.02136285323317405,
      0.01630181306539594,
      0.011687216577080698,
      0.007676208317039433,
      0.004405378360893704,
      0.0019861108998718954,
      0.0005007911857675969,
      0.0,
      0.0005007911857675921,
      0.0019861108998718855,
      0.004405378360893704
    ],
    [
      0.004405378360893706,
      0.007676208317039442,
      0.011687216577080703,
      0.016301813065395937,
      0.021362853233174044,
      0.02669798942754995,
      0.03212553998421476,
      0.03746067617859067,
      0.042521716346368775,
      0.04713631283468403,
      0.05114732109472528,
      0.054418151050871014,
      0.056837418511892834,
      0.0583227382259971,
      0.058823529411764705,
      0.058322738225997116,
      0.05683741851189281,
      0.054418151050871,
      0.051147321094725265,
      0.047136312834684,
      0.042521716346368754,
      0.03746067617859066,
      0.03212553998421478,
      0.02669798942754995,
      0.021362853233174044,
      0.016301813065395923,
      0.011687216577080679,
      0.007676208317039432,
      0.004405378360893704,
      0.001986110899871887,
      0.0005007911857675975,
      0.0,
      0.0005007911857675961,
      0.0019861108998718946
    ],
    [
      0.0019861108998718924,
      0.004405378360893708,
      0.007676208317039447,
      0.011687216577080703,
      0.01630181306539594,
      0.021362853233174044,
      0.02669798942754995,
      0.032125539984214774,
      0.03746067617859069,
      0.04252171634636879,
      0.04713631283468403,
      0.051147321094725265,
      0.054418151050871014,
      0.05683741851189282,
      0.058322738225997116,
      0.05882352941176473,
      0.0583227382259971,
      0.05683741851189282,
      0.054418151050871,
      0.051147321094725265,
      0.047136312834684,
      0.04252171634636877,
      0.03746067617859069,
      0.032125539984214774,
      0.02669798942754994,
      0.021362853233174026,
      0.016301813065395916,
      0.01168721657708069,
      0.007676208317039442,
      0.0044053783608937,
      0.001986110899871892,
      0.0005007911857675949,
      0.0,
      0.0005007911857675988
    ],
    [
      0.0005007911857675949,
      0.001986110899871888,
      0.004405378360893702,
      0.007676208317039437,
      0.01168721657708069,
      0.01630181306539593,
      0.021362853233174026,
      0.026697989427549935,
      0.03212553998421476,
      0.03746067617859067,
      0.04252171634636877,
      0.047136312834684,
      0.051147321094725265,
      0.054418151050871,
      0.05683741851189281,
      0.0583227382259971,
      0.05882352941176469,
      0.0583227382259971,
      0.05683741851189282,
      0.054418151050870986,
      0.05114732109472525,
      0.047136312834684016,
      0.0425217163463688,
      0.03746067617859069,
      0.03212553998421476,
      0.026697989427549935,
      0.02136285323317402,
      0.01630181306539593,
      0.011687216577080708,
      0.007676208317039442,
      0.004405378360893712,
      0.001986110899871891,
      0.000500791185767595,
      0.0
    ],
    [
      0.0,
      0.0005007911857675953,
      0.0019861108998718894,
      0.004405378360893702,
      0.0076762083170394384,
      0.011687216577080698,
      0.01630181306539593,
      0.021362853233174026,
      0.02669798942754994,
      0.03212553998421476,
      0.03746067617859067,
      0.042521716346368754,
      0.047136312834684016,
      0.051147321094725265,
      0.054418151050871,
      0.05683741851189282,
      0.0583227382259971,
      0.058823529411764705,
      0.058322738225997116,
      0.05683741851189282,
      0.054418151050871,
      0.051147321094725265,
      0.04713631283468404,
      0.04252171634636879,
      0.03746067617859068,
      0.03212553998421476,
      0.026697989427549935,
      0.021362853233174033,
      0.016301813065395947,
      0.011687216577080698,
      0.00767620831703945,
      0.004405378360893706,
      0.001986110899871888,
      0.0005007911857675926
    ],
    [
      0.0005007911857675936,
      0.0,
      0.0005007911857675962,
      0.00198611089987189,
      0.004405378360893704,
      0.007676208317039442,
      0.011687216577080694,
      0.016301813065395937,
      0.021362853233174044,
      0.02669798942754995,
      0.032125539984214774,
      0.03746067617859066,
      0.04252171634636879,
      0.04713631283468403,
      0.051147321094725265,
      0.054418151050871,
      0.05683741851189282,
      0.058322738225997116,
      0.058823529411764705,
      0.0583227382259971,
      0.05683741851189282,
      0.054418151050871014,
      0.05114732109472529,
      0.04713631283468403,
      0.042521716346368775,
      0.03746067617859067,
      0.03212553998421475,
      0.02669798942754994,
      0.021362853233174044,
      0.016301813065395937,
      0.011687216577080708,
      0.007676208317039442,
      0.0044053783608937,
      0.0019861108998718833
    ],
    [
      0.0019861108998718855,
      0.0005007911857675934,
      0.0,
      0.0005007911857675961,
      0.00198611089987189,
      0.004405378360893704,
      0.0076762083170394384,
      0.011687216577080698,
      0.01630181306539594,
      0.021362853233174033,
      0.02669798942754995,
      0.03212553998421475,
      0.03746067617859068,
      0.042521716346368775,
      0.047136312834684,
      0.051147321094725265,
      0.054418151050870986,
      0.05683741851189282,
      0.0583227382259971,
      0.058823529411764705,
      0.0583227382259971,
      0.05683741851189281,
      0.054418151050871014,
      0.051147321094725265,
      0.047136312834684016,
      0.042521716346368754,
      0.03746067617859066,
      0.03212553998421476,
      0.02669798942754995,
      0.021362853233174026,
      0.016301813065395947,
      0.011687216577080698,
      0.007676208317039433,
      0.004405378360893693
    ],
    [
      0.004405378360893702,
      0.001986110899871888,
      0.0005007911857675952,
      0.0,
      0.0005007911857675939,
      0.001986110899871888,
      0.0044053783608936975,
      0.007676208317039432,
      0.011687216577080694,
      0.01630181306539593,
      0.021362853233174033,
      0.026697989427549924,
      0.03212553998421476,
      0.03746067617859067,
      0.042521716346368754,
      0.047136312834684,
      0.05114732109472525,
      0.054418151050871,
      0.05683741851189282,
      0.0583227382259971,
      0.05882352941176469,
      0.0583227382259971,
      0.05683741851189282,
      0.054418151050871014,
      0.05114732109472528,
      0.047136312834684016,
      0.04252171634636877,
      0.03746067617859067,
      0.03212553998421478,
      0.02669798942754995,
      0.021362853233174058,
      0.016301813065395947,
      0.011687216577080698,
      0.007676208317039433
    ],
    [
      0.007676208317039437,
      0.0044053783608937,
      0.001986110899871887,
      0.0005007911857675946,
      0.0,
      0.0005007911857675952,
      0.001986110899871887,
      0.004405378360893698,
      0.007676208317039442,
      0.011687216577080698,
      0.01630181306539593,
      0.02136285323317402,
      0.02669798942754994,
      0.03212553998421476,
      0.03746067617859066,
      0.04252171634636877,
      0.047136312834684016,
      0.051147321094725265,
      0.054418151050871014,
      0.05683741851189281,
      0.0583227382259971,
      0.058823529411764705,
      0.058322738225997116,
      0.05683741851189282,
      0.054418151050871,
      0.051147321094725265,
      0.047136312834684,
      0.042521716346368775,
      0.03746067617859069,
      0.032125539984214774,
      0.026697989427549966,
      0.021362853233174044,
      0.016301813065395937,
      0.011687216577080687
    ],
    [
      0.011687216577080672,
      0.007676208317039416,
      0.004405378360893686,
      0.0019861108998718777,
      0.0005007911857675891,
      0.0,
      0.0005007911857675993,
      0.0019861108998718967,
      0.004405378360893718,
      0.007676208317039455,
      0.011687216577080717,
      0.016301813065395947,
      0.021362853233174068,
      0.026697989427549976,
      0.03212553998421478,
      0.03746067617859069,
      0.0425217163463688,
      0.04713631283468404,
      0.05114732109472529,
      0.054418151050871014,
      0.05683741851189282,
      0.058322738225997116,
      0.058823529411764705,
      0.0583227382259971,
      0.05683741851189281,
      0.054418151050870986,
      0.05114732109472525,
      0.047136312834683974,
      0.042521716346368754,
      0.037460676178590654,
      0.03212553998421476,
      0.026697989427549924,
      0.021362853233174012,
      0.016301813065395902
    ],
    [
      0.016301813065395916,
      0.011687216577080679,
      0.007676208317039422,
      0.004405378360893693,
      0.001986110899871881,
      0.0005007911857675909,
      0.0,
      0.0005007911857675981,
      0.0019861108998718954,
      0.004405378360893711,
      0.007676208317039453,
      0.011687216577080694,
      0.016301813065395947,
      0.02136285323317405,
      0.02669798942754995,
      0.032125539984214774,
      0.03746067617859069,
      0.04252171634636879,
      0.04713631283468403,
      0.051147321094725265,
      0.054418151050871014,
      0.05683741851189282,
      0.0583227382259971,
      0.058823529411764705,
      0.0583227382259971,
      0.05683741851189281,
      0.054418151050870986,
      0.05114732109472525,
      0.047136312834684,
      0.042521716346368754,
      0.03746067617859067,
      0.03212553998421476,
      0.026697989427549924,
      0.021362853233174002
    ],
    [
      0.021362853233174026,
      0.016301813065395923,
      0.01168721657708069,
      0.007676208317039432,
      0.004405378360893698,
      0.0019861108998718846,
      0.0005007911857675946,
      0.0,
      0.0005007911857675964,
      0.001986110899871888,
      0.004405378360893706,
      0.007676208317039432,
      0.011687216577080703,
      0.01630181306539594,
      0.021362853233174044,
      0.02669798942754994,
      0.03212553998421476,
      0.03746067617859068,
      0.042521716346368775,
      0.047136312834684016,
      0.05114732109472528,
      0.054418151050871,
      0.05683741851189281,
      0.0583227382259971,
      0.058823529411764705,
      0.0583227382259971,
      0.05683741851189282,
      0.054418151050871014,
      0.05114732109472528,
      0.047136312834684016,
      0.042521716346368775,
      0.03746067617859067,
      0.03212553998421476,
      0.026697989427549935
    ],
    [
      0.02669798942754994,
      0.021362853233174026,
      0.016301813065395937,
      0.011687216577080698,
      0.007676208317039442,
      0.004405378360893704,
      0.0019861108998718894,
      0.0005007911857675952,
      0.0,
      0.0005007911857675927,
      0.001986110899871886,
      0.00440537836089369,
      0.0076762083170394384,
      0.011687216577080698,
      0.016301813065395923,
      0.021362853233174026,
      0.026697989427549935,
      0.03212553998421476,
      0.03746067617859067,
      0.042521716346368754,
      0.047136312834684016,
      0.051147321094725265,
      0.054418151050870986,
      0.05683741851189281,
      0.0583227382259971,
      0.05882352941176469,
      0.058322738225997116,
      0.05683741851189281,
      0.054418151050871014,
      0.051147321094725265,
      0.04713631283468403,
      0.042521716346368775,
      0.03746067617859067,
      0.03212553998421476
    ],
    [
      0.03212553998421478,
      0.02669798942754996,
      0.02136285323317405,
      0.016301813065395947,
      0.011687216577080705,
      0.007676208317039447,
      0.004405378360893712,
      0.0019861108998718946,
      0.0005007911857675969,
      0.0,
      0.0005007911857675915,
      0.0019861108998718764,
      0.004405378360893696,
      0.007676208317039433,
      0.011687216577080679,
      0.016301813065395916,
      0.02136285323317402,
      0.026697989427549935,
      0.03212553998421475,
      0.03746067617859066,
      0.04252171634636877,
      0.047136312834684,
      0.05114732109472525,
      0.054418151050870986,
      0.05683741851189282,
      0.058322738225997116,
      0.058823529411764705,
      0.05832273822599713,
      0.056837418511892834,
      0.054418151050871014,
      0.051147321094725307,
      0.04713631283468405,
      0.04252171634636879,
      0.03746067617859069
    ],
    [
      0.03746067617859067,
      0.03212553998421475,
      0.02669798942754994,
      0.021362853233174033,
      0.01630181306539593,
      0.011687216577080698,
      0.007676208317039442,
      0.004405378360893702,
      0.001986110899871886,
      0.0005007911857675957,
      0.0,
      0.0005007911857675921,
      0.001986110899871888,
      0.004405378360893704,
      0.007676208317039432,
      0.01168721657708069,
      0.01630181306539593,
      0.021362853233174033,
      0.02669798942754994,
      0.03212553998421476,
      0.03746067617859067,
      0.042521716346368775,
      0.047136312834683974,
      0.05114732109472525,
      0.054418151050871014,
      0.05683741851189281,
      0.05832273822599713,
      0.058823529411764705,
      0.0583227382259971,
      0.05683741851189281,
      0.05441815105087103,
      0.05114732109472528,
      0.047136312834684016,
      0.04252171634636877
    ],
    [
      0.042521716346368754,
      0.037460676178590654,
      0.032125539984214746,
      0.026697989427549935,
      0.02136285323317402,
      0.016301813065395923,
      0.011687216577080687,
      0.007676208317039427,
      0.00440537836089369,
      0.0019861108998718846,
      0.0005007911857675921,
      0.0,
      0.0005007911857675975,
      0.0019861108998718954,
      0.004405378360893704,
      0.007676208317039442,
      0.011687216577080708,
      0.016301813065395947,
      0.021362853233174044,
      0.02669798942754995,
      0.03212553998421478,
      0.03746067617859069,
      0.042521716346368754,
      0.047136312834684,
      0.05114732109472528,
      0.054418151050871014,
      0.056837418511892834,
      0.0583227382259971,
      0.058823529411764705,
      0.0583227382259971,
      0.056837418511892834,
      0.054418151050871014,
      0.05114732109472525,
      0.04713631283468399
    ],
    [
      0.047136312834684,
      0.042521716346368754,
      0.03746067617859066,
      0.03212553998421476,
      0.026697989427549935,
      0.021362853233174026,
      0.016301813065395937,
      0.011687216577080687,
      0.007676208317039432,
      0.0044053783608937,
      0.001986110899871887,
      0.0005007911857675964,
      0.0,
      0.0005007911857675969,
      0.001986110899871887,
      0.0044053783608937,
      0.007676208317039442,
      0.011687216577080698,
      0.016301813065395937,
      0.021362853233174026,
      0.02669798942754995,
      0.032125539984214774,
      0.037460676178590654,
      0.042521716346368754,
      0.047136312834684016,
      0.051147321094725265,
      0.054418151050871014,
      0.05683741851189281,
      0.0583227382259971,
      0.05882352941176469,
      0.0583227382259971,
      0.05683741851189282,
      0.054418151050871,
      0.05114732109472525
    ],
    [
      0.05114732109472525,
      0.047136312834684,
      0.042521716346368754,
      0.037460676178590654,
      0.032125539984214746,
      0.026697989427549924,
      0.021362853233174026,
      0.016301813065395923,
      0.011687216577080679,
      0.007676208317039429,
      0.00440537836089369,
      0.001986110899871886,
      0.0005007911857675915,
      0.0,
      0.0005007911857675975,
      0.001986110899871892,
      0.004405378360893712,
      0.00767620831703945,
      0.011687216577080708,
      0.016301813065395947,
      0.021362853233174058,
      0.026697989427549966,
      0.03212553998421476,
      0.03746067617859067,
      0.042521716346368775,
      0.04713631283468403,
      0.051147321094725307,
      0.05441815105087103,
      0.056837418511892834,
      0.0583227382259971,
      0.058823529411764705,
      0.058322738225997116,
      0.05683741851189281,
      0.054418151050871
    ],
    [
      0.054418151050871,
      0.05114732109472525,
      0.047136312834684,
      0.042521716346368754,
      0.03746067617859066,
      0.03212553998421476,
      0.026697989427549935,
      0.021362853233174026,
      0.016301813065395923,
      0.011687216577080694,
      0.007676208317039432,
      0.004405378360893704,
      0.001986110899871884,
      0.0005007911857675921,
      0.0,
      0.0005007911857675949,
      0.001986110899871891,
      0.004405378360893706,
      0.007676208317039442,
      0.011687216577080698,
      0.016301813065395947,
      0.021362853233174044,
      0.026697989427549924,
      0.03212553998421476,
      0.03746067617859067,
      0.042521716346368775,
      0.04713631283468405,
      0.05114732109472528,
      0.054418151050871014,
      0.05683741851189282,
      0.058322738225997116,
      0.058823529411764705,
      0.0583227382259971,
      0.05683741851189282
    ],
    [
      0.05683741851189282,
      0.054418151050870986,
      0.051147321094725265,
      0.047136312834684,
      0.04252171634636877,
      0.03746067617859067,
      0.032125539984214774,
      0.02669798942754994,
      0.021362853233174026,
      0.016301813065395937,
      0.011687216577080698,
      0.007676208317039448,
      0.004405378360893702,
      0.0019861108998718855,
      0.0005007911857675961,
      0.0,
      0.000500791185767595,
      0.001986110899871888,
      0.0044053783608937,
      0.007676208317039433,
      0.011687216577080698,
      0.016301813065395937,
      0.021362853233174012,
      0.026697989427549924,
      0.03212553998421476,
      0.03746067617859067,
      0.04252171634636879,
      0.047136312834684016,
      0.05114732109472525,
      0.054418151050871,
      0.05683741851189281,
      0.0583227382259971,
      0.058823529411764705,
      0.0583227382259971
    ],
    [
      0.058322738225997116,
      0.05683741851189282,
      0.054418151050871014,
      0.051147321094725265,
      0.04713631283468403,
      0.04252171634636879,
      0.03746067617859068,
      0.032125539984214774,
      0.02669798942754995,
      0.02136285323317405,
      0.01630181306539594,
      0.011687216577080713,
      0.007676208317039447,
      0.004405378360893704,
      0.0019861108998718946,
      0.0005007911857675988,
      0.0,
      0.0005007911857675926,
      0.0019861108998718833,
      0.004405378360893693,
      0.007676208317039433,
      0.011687216577080687,
      0.016301813065395902,
      0.021362853233174002,
      0.026697989427549935,
      0.03212553998421476,
      0.03746067617859069,
      0.04252171634636877,
      0.04713631283468399,
      0.05114732109472525,
      0.054418151050871,
      0.05683741851189282,
      0.0583227382259971,
      0.058823529411764705
    ]
  ],
  "A": [
    [
      1.0,
      0.0,
      0.0,
      0.0,
      0.0,
      0.0,
      0.0,
      0.0,
      0.0,
      0.0,
      0.0,
      0.0,
      0.0,
      0.0,
      0.0,
      0.0,
      0.0,
      0.0,
      0.0,
      0.0,
      0.0,
      0.0,
      0.0,
      0.0,
      0.0,
      0.0,
      0.0,
      0.0,
      0.0,
      0.0,
      0.0,
      0.0,
      0.0,
      0.0
    ],
    [
      0.0,
      1.0,
      0.0,
      0.0,
      0.0,
      0.0,
      0.0,
      0.0,
      0.0,
      0.0,
      0.0,
      0.0,
      0.0,
      0.0,
      0.0,
      0.0,
      0.0,
      0.0,
      0.0,
      0.0,
      0.0,
      0.0,
      0.0,
      0.0,
      0.0,
      0.0,
      0.0,
      0.0,
      0.0,
      0.0,
      0.0,
      0.0,
      0.0,
      0.0
    ],
    [
      0.0,
      0.0,
      1.0,
      0.0,
      0.0,
      0.0,
      0.0,
      0.0,
      0.0,
      0.0,
      0.0,
      0.0,
      0.0,
      0.0,
      0.0,
      0.0,
      0.0,
      0.0,
      0.0,
      0.0,
      0.0,
      0.0,
      0.0,
      0.0,
      0.0,
      0.0,
      0.0,
      0.0,
      0.0,
      0.0,
      0.0,
      0.0,
      0.0,
      0.0
    ],
    [
      0.0,
      0.0,
      0.0,
      1.0,
      0.0,
      0.0,
      0.0,
      0.0,
      0.0,
      0.0,
      0.0,
      0.0,
      0.0,
      0.0,
      0.0,
      0.0,
      0.0,
      0.0,
      0.0,
      0.0,
      0.0,
      0.0,
      0.0,
      0.0,
      0.0,
      0.0,
      0.0,
      0.0,
      0.0,
      0.0,
      0.0,
      0.0,
      0.0,
      0.0
    ],
    [
      0.0,
      0.0,
      0.0,
      0.0,
      1.0,
      0.0,
      0.0,
      0.0,
      0.0,
      0.0,
      0.0,
      0.0,
      0.0,
      0.0,
      0.0,
      0.0,
      0.0,
      0.0,
      0.0,
      0.0,
      0.0,
      0.0,
      0.0,
      0.0,
      0.0,
      0.0,
      0.0,
      0.0,
      0.0,
      0.0,
      0.0,
      0.0,
      0.0,
      0.0
    ],
    [
      0.0,
      0.0,
      0.0,
      0.0,
      0.0,
      1.0,
      0.0,
      0.0,
      0.0,
      0.0,
      0.0,
      0.0,
      0.0,
      0.0,
      0.0,
      0.0,
      0.0,
      0.0,
      0.0,
      0.0,
      0.0,
      0.0,
      0.0,
      0.0,
      0.0,
      0.0,
      0.0,
      0.0,
      0.0,
      0.0,
      0.0,
      0.0,
      0.0,
      0.0
    ],
    [
      0.0,
      0.0,
      0.0,
      0.0,
      0.0,
      0.0,
      1.0,
      0.0,
      0.0,
      0.0,
      0.0,
      0.0,
      0.0,
      0.0,
      0.0,
      0.0,
      0.0,
      0.0,
      0.0,
      0.0,
      0.0,
      0.0,
      0.0,
      0.0,
      0.0,
      0.0,
      0.0,
      0.0,
      0.0,
      0.0,
      0.0,
      0.0,
      0.0,
      0.0
    ],
    [
      0.0,
      0.0,
      0.0,
      0.0,
      0.0,
      0.0,
      0.0,
      1.0,
      0.0,
      0.0,
      0.0,
      0.0,
      0.0,
      0.0,
      0.0,
      0.0,
      0.0,
      0.0,
      0.0,
      0.0,
      0.0,
      0.0,
      0.0,
      0.0,
      0.0,
      0.0,
      0.0,
      0.0,
      0.0,
      0.0,
      0.0,
      0.0,
      0.0,
      0.0
    ],
    [
      0.0,
      0.0,
      0.0,
      0.0,
      0.0,
      0.0,
      0.0,
      0.0,
      1.0,
      0.0,
      0.0,
      0.0,
      0.0,
      0.0,
      0.0,
      0.0,
      0.0,
      0.0,
      0.0,
      0.0,
      0.0,
      0.0,
      0.0,
      0.0,
      0.0,
      0.0,
      0.0,
      0.0,
      0.0,
      0.0,
      0.0,
      0.0,
      0.0,
      0.0
    ],
    [
      0.0,
      0.0,
      0.0,
      0.0,
      0.0,
      0.0,
      0.0,
      0.0,
      0.0,
      1.0,
      0.0,
      0.0,
      0.0,
      0.0,
      0.0,
      0.0,
      0.0,
      0.0,
      0.0,
      0.0,
      0.0,
      0.0,
      0.0,
      0.0,
      0.0,
      0.0,
      0.0,
      0.0,
      0.0,
      0.0,
      0.0,
      0.0,
      0.0,
      0.0
    ],
    [
      0.0,
      0.0,
      0.0,
      0.0,
      0.0,
      0.0,
      0.0,
      0.0,
      0.0,
      0.0,
      1.0,
      0.0,
      0.0,
      0.0,
      0.0,
      0.0,
      0.0,
      0.0,
      0.0,
      0.0,
      0.0,
      0.0,
      0.0,
      0.0,
      0.0,
      0.0,
      0.0,
      0.0,
      0.0,
      0.0,
      0.0,
      0.0,
      0.0,
      0.0
    ],
    [
      0.0,
      0.0,
      0.0,
      0.0,
      0.0,
      0.0,
      0.0,
      0.0,
      0.0,
      0.0,
      0.0,
      1.0,
      0.0,
      0.0,
      0.0,
      0.0,
      0.0,
      0.0,
      0.0,
      0.0,
      0.0,
      0.0,
      0.0,
      0.0,
      0.0,
      0.0,
      0.0,
      0.0,
      0.0,
      0.0,
      0.0,
      0.0,
      0.0,
      0.0
    ],
    [
      0.0,
      0.0,
      0.0,
      0.0,
      0.0,
      0.0,
      0.0,
      0.0,
      0.0,
      0.0,
      0.0,
      0.0,
      1.0,
      0.0,
      0.0,
      0.0,
      0.0,
      0.0,
      0.0,
      0.0,
      0.0,
      0.0,
      0.0,
      0.0,
      0.0,
      0.0,
      0.0,
      0.0,
      0.0,
      0.0,
      0.0,
      0.0,
      0.0,
      0.0
    ],
    [
      0.0,
      0.0,
      0.0,
      0.0,
      0.0,
      0.0,
      0.0,
      0.0,
      0.0,
      0.0,
      0.0,
      0.0,
      0.0,
      1.0,
      0.0,
      0.0,
      0.0,
      0.0,
      0.0,
      0.0,
      0.0,
      0.0,
      0.0,
      0.0,
      0.0,
      0.0,
      0.0,
      0.0,
      0.0,
      0.0,
      0.0,
      0.0,
      0.0,
      0.0
    ],
    [
      0.0,
      0.0,
      0.0,
      0.0,
      0.0,
      0.0,
      0.0,
      0.0,
      0.0,
      0.0,
      0.0,
      0.0,
      0.0,
      0.0,
      1.0,
      0.0,
      0.0,
      0.0,
      0.0,
      0.0,
      0.0,
      0.0,
      0.0,
      0.0,
      0.0,
      0.0,
      0.0,
      0.0,
      0.0,
      0.0,
      0.0,
      0.0,
      0.0,
      0.0
    ],
    [
      0.0,
      0.0,
      0.0,
      0.0,
      0.0,
      0.0,
      0.0,
      0.0,
      0.0,
      0.0,
      0.0,
      0.0,
      0.0,
      0.0,
      0.0,
      1.0,
      0.0,
      0.0,
      0.0,
      0.0,
      0.0,
      0.0,
      0.0,
      0.0,
      0.0,
      0.0,
      0.0,
      0.0,
      0.0,
      0.0,
      0.0,
      0.0,
      0.0,
      0.0
    ],
    [
      0.0,
      0.0,
      0.0,
      0.0,
      0.0,
      0.0,
      0.0,
      0.0,
      0.0,
      0.0,
      0.0,
      0.0,
      0.0,
      0.0,
      0.0,
      0.0,
      1.0,
      0.0,
      0.0,
      0.0,
      0.0,
      0.0,
      0.0,
      0.0,
      0.0,
      0.0,
      0.0,
      0.0,
      0.0,
      0.0,
      0.0,
      0.0,
      0.0,
      0.0
    ],
    [
      0.0,
      0.0,
      0.0,
      0.0,
      0.0,
      0.0,
      0.0,
      0.0,
      0.0,
      0.0,
      0.0,
      0.0,
      0.0,
      0.0,
      0.0,
      0.0,
      0.0,
      1.0,
      0.0,
      0.0,
      0.0,
      0.0,
      0.0,
      0.0,
      0.0,
      0.0,
      0.0,
      0.0,
      0.0,
      0.0,
      0.0,
      0.0,
      0.0,
      0.0
    ],
    [
      0.0,
      0.0,
      0.0,
      0.0,
      0.0,
      0.0,
      0.0,
      0.0,
      0.0,
      0.0,
      0.0,
      0.0,
      0.0,
      0.0,
      0.0,
      0.0,
      0.0,
      0.0,
      1.0,
      0.0,
      0.0,
      0.0,
      0.0,
      0.0,
      0.0,
      0.0,
      0.0,
      0.0,
      0.0,
      0.0,
      0.0,
      0.0,
      0.0,
      0.0
    ],
    [
      0.0,
      0.0,
      0.0,
      0.0,
      0.0,
      0.0,
      0.0,
      0.0,
      0.0,
      0.0,
      0.0,
      0.0,
      0.0,
      0.0,
      0.0,
      0.0,
      0.0,
      0.0,
      0.0,
      1.0,
      0.0,
      0.0,
      0.0,
      0.0,
      0.0,
      0.0,
      0.0,
      0.0,
      0.0,
      0.0,
      0.0,
      0.0,
      0.0,
      0.0
    ],
    [
      0.0,
      0.0,
      0.0,
      0.0,
      0.0,
      0.0,
      0.0,
      0.0,
      0.0,
      0.0,
      0.0,
      0.0,
      0.0,
      0.0,
      0.0,
      0.0,
      0.0,
      0.0,
      0.0,
      0.0,
      1.0,
      0.0,
      0.0,
      0.0,
      0.0,
      0.0,
      0.0,
      0.0,
      0.0,
      0.0,
      0.0,
      0.0,
      0.0,
      0.0
    ],
    [
      0.0,
      0.0,
      0.0,
      0.0,
      0.0,
      0.0,
      0.0,
      0.0,
      0.0,
      0.0,
      0.0,
      0.0,
