{
  "k": 36,
  "M_approx": [
    [
      0.05555555555555555,
      0.05513354869478356,
      0.05388035057738634,
      0.05183403899401219,
      0.04905679008663828,
      0.04563298915795942,
      0.04166666666666667,
      0.03727833731460191,
      0.03260133826852585,
      0.027777777777777783,
      0.022954217287029715,
      0.018277218240953658,
      0.013888888888888895,
      0.00992256639759613,
      0.00649876546891728,
      0.003721516561543377,
      0.0016752049781692127,
      0.0004220068607719979,
      0.0,
      0.0004220068607719968,
      0.0016752049781692108,
      0.0037215165615433732,
      0.006498765468917267,
      0.009922566397596123,
      0.013888888888888876,
      0.01827721824095365,
      0.022954217287029708,
      0.027777777777777773,
      0.03260133826852583,
      0.03727833731460192,
      0.04166666666666665,
      0.04563298915795942,
      0.04905679008663827,
      0.05183403899401219,
      0.053880350577386354,
      0.05513354869478356
    ],
    [
      0.05513354869478356,
      0.05555555555555555,
      0.05513354869478356,
      0.053880350577386354,
      0.051834038994012205,
      0.04905679008663828,
      0.045632989157959436,
      0.04166666666666667,
      0.03727833731460192,
      0.03260133826852584,
      0.027777777777777783,
      0.022954217287029722,
      0.01827721824095365,
      0.013888888888888888,
      0.009922566397596134,
      0.0064987654689172844,
      0.0037215165615433715,
      0.0016752049781692108,
      0.0004220068607719988,
      0.0,
      0.0004220068607719981,
      0.0016752049781692138,
      0.0037215165615433637,
      0.006498765468917273,
      0.00992256639759612,
      0.013888888888888895,
      0.018277218240953644,
      0.022954217287029708,
      0.027777777777777773,
      0.03260133826852586,
      0.0372783373146019,
      0.04166666666666666,
      0.04563298915795942,
      0.04905679008663828,
      0.051834038994012205,
      0.053880350577386354
    ],
    [
      0.05388035057738634,
      0.05513354869478356,
      0.055555555555555546,
      0.05513354869478355,
      0.05388035057738634,
      0.05183403899401218,
      0.04905679008663828,
      0.04563298915795942,
      0.04166666666666667,
      0.03727833731460191,
      0.03260133826852585,
      0.027777777777777783,
      0.022954217287029715,
      0.018277218240953644,
      0.013888888888888888,
      0.009922566397596137,
      0.006498765468917278,
      0.0037215165615433685,
      0.0016752049781692123,
      0.00042200686077199963,
      0.0,
      0.0004220068607719991,
      0.0016752049781692069,
      0.0037215165615433667,
      0.006498765468917266,
      0.009922566397596134,
      0.013888888888888886,
      0.018277218240953644,
      0.022954217287029698,
      0.02777777777777779,
      0.03260133826852582,
      0.0372783373146019,
      0.04166666666666665,
      0.04563298915795942,
      0.04905679008663828,
      0.05183403899401218
    ],
    [
      0.05183403899401219,
      0.053880350577386354,
      0.05513354869478355,
      0.05555555555555555,
      0.05513354869478356,
      0.05388035057738634,
      0.05183403899401219,
      0.04905679008663827,
      0.045632989157959436,
      0.04166666666666667,
      0.03727833731460192,
      0.03260133826852586,
      0.02777777777777779,
      0.022954217287029708,
      0.01827721824095365,
      0.013888888888888902,
      0.009922566397596134,
      0.006498765468917273,
      0.0037215165615433715,
      0.0016752049781692145,
      0.0004220068607719983,
      0.0,
      0.0004220068607719964,
      0.001675204978169209,
      0.0037215165615433637,
      0.006498765468917282,
      0.009922566397596127,
      0.013888888888888888,
      0.018277218240953644,
      0.022954217287029722,
      0.027777777777777755,
      0.03260133826852584,
      0.0372783373146019,
      0.041666666666666685,
      0.045632989157959436,
      0.04905679008663828
    ],
    [
      0.04905679008663828,
      0.051834038994012205,
      0.05388035057738634,
      0.05513354869478356,
      0.05555555555555555,
      0.05513354869478356,
      0.053880350577386354,
      0.05183403899401219,
      0.04905679008663828,
      0.045632989157959436,
      0.04166666666666666,
      0.03727833731460192,
      0.03260133826852585,
      0.027777777777777773,
      0.022954217287029715,
      0.018277218240953658,
      0.013888888888888888,
      0.009922566397596127,
      0.006498765468917278,
      0.0037215165615433732,
      0.0016752049781692117,
      0.00042200686077199746,
      0.0,
      0.00042200686077199746,
      0.0016752049781692065,
      0.0037215165615433732,
      0.006498765468917273,
      0.009922566397596127,
      0.013888888888888883,
      0.018277218240953658,
      0.022954217287029698,
      0.027777777777777773,
      0.03260133826852583,
      0.03727833731460192,
      0.041666666666666685,
      0.045632989157959436
    ],
    [
      0.04563298915795942,
      0.04905679008663828,
      0.05183403899401218,
      0.05388035057738634,
      0.05513354869478356,
      0.05555555555555555,
      0.05513354869478356,
      0.053880350577386354,
      0.051834038994012205,
      0.04905679008663828,
      0.045632989157959436,
      0.041666666666666685,
      0.03727833731460192,
      0.03260133826852584,
      0.027777777777777783,
      0.022954217287029722,
      0.018277218240953644,
      0.013888888888888888,
      0.009922566397596134,
      0.006498765468917282,
      0.00372151656154337,
      0.0016752049781692101,
      0.0004220068607720007,
      0.0,
      0.00042200686077199535,
      0.0016752049781692138,
      0.0037215165615433667,
      0.006498765468917272,
      0.009922566397596123,
      0.013888888888888895,
      0.01827721824095363,
      0.022954217287029708,
      0.027777777777777766,
      0.03260133826852585,
      0.03727833731460192,
      0.04166666666666666
    ],
    [
      0.04166666666666667,
      0.045632989157959436,
      0.04905679008663828,
      0.05183403899401219,
      0.053880350577386354,
      0.05513354869478356,
      0.05555555555555555,
      0.05513354869478356,
      0.053880350577386354,
      0.05183403899401218,
      0.04905679008663828,
      0.045632989157959436,
      0.04166666666666667,
      0.0372783373146019,
      0.03260133826852585,
      0.027777777777777783,
      0.022954217287029708,
      0.018277218240953644,
      0.013888888888888888,
      0.009922566397596134,
      0.006498765468917273,
      0.0037215165615433667,
      0.001675204978169215,
      0.0004220068607719991,
      0.0,
      0.00042200686077200017,
      0.0016752049781692117,
      0.00372151656154337,
      0.006498765468917272,
      0.009922566397596142,
      0.013888888888888876,
      0.018277218240953644,
      0.022954217287029708,
      0.02777777777777779,
      0.03260133826852586,
      0.03727833731460192
    ],
    [
      0.03727833731460191,
      0.04166666666666667,
      0.04563298915795942,
      0.04905679008663827,
      0.05183403899401219,
      0.053880350577386354,
      0.05513354869478356,
      0.055555555555555546,
      0.05513354869478356,
      0.05388035057738634,
      0.05183403899401219,
      0.04905679008663828,
      0.045632989157959436,
      0.04166666666666666,
      0.03727833731460191,
      0.03260133826852585,
      0.027777777777777773,
      0.022954217287029708,
      0.018277218240953644,
      0.013888888888888895,
      0.009922566397596127,
      0.006498765468917273,
      0.0037215165615433754,
      0.0016752049781692117,
      0.0004220068607720007,
      0.0,
      0.00042200686077199746,
      0.0016752049781692095,
      0.0037215165615433654,
      0.0064987654689172844,
      0.00992256639759612,
      0.013888888888888888,
      0.018277218240953637,
      0.022954217287029722,
      0.02777777777777779,
      0.03260133826852584
    ],
    [
      0.03260133826852585,
      0.03727833731460192,
      0.04166666666666667,
      0.045632989157959436,
      0.04905679008663828,
      0.051834038994012205,
      0.053880350577386354,
      0.05513354869478356,
      0.05555555555555555,
      0.05513354869478356,
      0.053880350577386354,
      0.05183403899401219,
      0.04905679008663828,
      0.04563298915795942,
      0.04166666666666667,
      0.03727833731460191,
      0.03260133826852584,
      0.027777777777777773,
      0.022954217287029708,
      0.01827721824095365,
      0.013888888888888886,
      0.009922566397596123,
      0.00649876546891728,
      0.0037215165615433732,
      0.0016752049781692138,
      0.0004220068607719959,
      0.0,
      0.00042200686077199854,
      0.0016752049781692108,
      0.0037215165615433815,
      0.00649876546891727,
      0.009922566397596136,
      0.013888888888888886,
      0.018277218240953665,
      0.022954217287029732,
      0.02777777777777779
    ],
    [
      0.027777777777777783,
      0.03260133826852584,
      0.03727833731460191,
      0.04166666666666667,
      0.045632989157959436,
      0.04905679008663828,
      0.05183403899401218,
      0.05388035057738634,
      0.05513354869478356,
      0.05555555555555555,
      0.05513354869478356,
      0.053880350577386354,
      0.05183403899401219,
      0.04905679008663826,
      0.04563298915795941,
      0.04166666666666666,
      0.03727833731460191,
      0.03260133826852583,
      0.027777777777777773,
      0.022954217287029715,
      0.018277218240953644,
      0.013888888888888883,
      0.009922566397596136,
      0.006498765468917278,
      0.003721516561543377,
      0.0016752049781692086,
      0.00042200686077199854,
      0.0,
      0.00042200686077199746,
      0.001675204978169217,
      0.0037215165615433637,
      0.006498765468917276,
      0.009922566397596123,
      0.013888888888888902,
      0.018277218240953658,
      0.022954217287029715
    ],
    [
      0.022954217287029715,
      0.027777777777777783,
      0.03260133826852585,
      0.03727833731460192,
      0.04166666666666666,
      0.045632989157959436,
      0.04905679008663828,
      0.05183403899401219,
      0.053880350577386354,
      0.05513354869478356,
      0.05555555555555555,
      0.05513354869478356,
      0.053880350577386354,
      0.05183403899401219,
      0.04905679008663828,
      0.045632989157959436,
      0.04166666666666666,
      0.03727833731460191,
      0.03260133826852584,
      0.02777777777777779,
      0.022954217287029708,
      0.018277218240953644,
      0.013888888888888902,
      0.009922566397596137,
      0.006498765468917287,
      0.0037215165615433654,
      0.0016752049781692138,
      0.00042200686077199854,
      0.0,
      0.0004220068607720012,
      0.001675204978169204,
      0.00372151656154337,
      0.00649876546891727,
      0.00992256639759614,
      0.013888888888888895,
      0.01827721824095365
    ],
    [
      0.018277218240953658,
      0.022954217287029722,
      0.027777777777777783,
      0.03260133826852586,
      0.03727833731460192,
      0.041666666666666685,
      0.045632989157959436,
      0.04905679008663828,
      0.05183403899401219,
      0.053880350577386354,
      0.05513354869478356,
      0.05555555555555555,
      0.05513354869478356,
      0.05388035057738634,
      0.05183403899401218,
      0.04905679008663828,
      0.04563298915795942,
      0.04166666666666666,
      0.0372783373146019,
      0.03260133826852584,
      0.027777777777777773,
      0.022954217287029698,
      0.018277218240953644,
      0.013888888888888883,
      0.009922566397596134,
      0.006498765468917266,
      0.0037215165615433685,
      0.0016752049781692095,
      0.00042200686077199854,
      0.0,
      0.0004220068607719969,
      0.001675204978169215,
      0.0037215165615433732,
      0.006498765468917293,
      0.009922566397596142,
      0.013888888888888902
    ],
    [
      0.013888888888888895,
      0.01827721824095365,
      0.022954217287029715,
      0.02777777777777779,
      0.03260133826852585,
      0.03727833731460192,
      0.04166666666666667,
      0.045632989157959436,
      0.04905679008663828,
      0.05183403899401219,
      0.053880350577386354,
      0.05513354869478356,
      0.05555555555555555,
      0.05513354869478356,
      0.05388035057738634,
      0.05183403899401219,
      0.04905679008663828,
      0.04563298915795942,
      0.04166666666666666,
      0.03727833731460192,
      0.03260133826852584,
      0.027777777777777766,
      0.022954217287029722,
      0.018277218240953644,
      0.013888888888888902,
      0.009922566397596123,
      0.006498765468917276,
      0.0037215165615433715,
      0.0016752049781692127,
      0.00042200686077199535,
      0.0,
      0.0004220068607719991,
      0.0016752049781692108,
      0.00372151656154338,
      0.006498765468917287,
      0.009922566397596136
    ],
    [
      0.00992256639759613,
      0.013888888888888888,
      0.018277218240953644,
      0.022954217287029708,
      0.027777777777777773,
      0.03260133826852584,
      0.0372783373146019,
      0.04166666666666666,
      0.04563298915795942,
      0.04905679008663826,
      0.05183403899401219,
      0.05388035057738634,
      0.05513354869478356,
      0.05555555555555555,
      0.05513354869478355,
      0.05388035057738634,
      0.05183403899401218,
      0.04905679008663827,
      0.04563298915795942,
      0.04166666666666667,
      0.0372783373146019,
      0.03260133826852584,
      0.027777777777777783,
      0.022954217287029722,
      0.018277218240953658,
      0.013888888888888883,
      0.009922566397596136,
      0.006498765468917276,
      0.003721516561543377,
      0.0016752049781692075,
      0.00042200686077200174,
      0.0,
      0.0004220068607719969,
      0.001675204978169215,
      0.0037215165615433732,
      0.006498765468917278
    ],
    [
      0.00649876546891728,
      0.009922566397596134,
      0.013888888888888888,
      0.01827721824095365,
      0.022954217287029715,
      0.027777777777777783,
      0.03260133826852585,
      0.03727833731460191,
      0.04166666666666667,
      0.04563298915795941,
      0.04905679008663828,
      0.05183403899401218,
      0.05388035057738634,
      0.05513354869478355,
      0.055555555555555546,
      0.05513354869478355,
      0.05388035057738634,
      0.05183403899401219,
      0.04905679008663827,
      0.045632989157959436,
      0.04166666666666666,
      0.0372783373146019,
      0.03260133826852584,
      0.027777777777777773,
      0.022954217287029722,
      0.01827721824095363,
      0.013888888888888888,
      0.009922566397596127,
      0.006498765468917278,
      0.0037215165615433624,
      0.001675204978169217,
      0.00042200686077199746,
      0.0,
      0.000422006860772001,
      0.0016752049781692156,
      0.0037215165615433732
    ],
    [
      0.003721516561543377,
      0.0064987654689172844,
      0.009922566397596137,
      0.013888888888888902,
      0.018277218240953658,
      0.022954217287029722,
      0.027777777777777783,
      0.03260133826852585,
      0.03727833731460191,
      0.04166666666666666,
      0.045632989157959436,
      0.04905679008663828,
      0.05183403899401219,
      0.05388035057738634,
      0.05513354869478355,
      0.05555555555555555,
      0.05513354869478355,
      0.05388035057738634,
      0.05183403899401218,
      0.04905679008663827,
      0.04563298915795941,
      0.04166666666666666,
      0.0372783373146019,
      0.03260133826852583,
      0.027777777777777773,
      0.02295421728702969,
      0.018277218240953644,
      0.013888888888888883,
      0.009922566397596127,
      0.006498765468917261,
      0.003721516561543377,
      0.001675204978169208,
      0.000422006860771998,
      0.0,
      0.00042200686077200174,
      0.0016752049781692156
    ],
    [
      0.0016752049781692127,
      0.0037215165615433715,
      0.006498765468917278,
      0.009922566397596134,
      0.013888888888888888,
      0.018277218240953644,
      0.022954217287029708,
      0.027777777777777773,
      0.03260133826852584,
      0.03727833731460191,
      0.04166666666666666,
      0.04563298915795942,
      0.04905679008663828,
      0.05183403899401218,
      0.05388035057738634,
      0.05513354869478355,
      0.055555555555555546,
      0.05513354869478356,
      0.05388035057738634,
      0.05183403899401219,
      0.04905679008663827,
      0.04563298915795941,
      0.04166666666666667,
      0.03727833731460191,
      0.03260133826852586,
      0.027777777777777766,
      0.022954217287029715,
      0.018277218240953644,
      0.013888888888888895,
      0.009922566397596116,
      0.006498765468917287,
      0.00372151656154337,
      0.0016752049781692134,
      0.00042200686077199556,
      0.0,
      0.00042200686077199865
    ],
    [
      0.0004220068607719979,
      0.0016752049781692108,
      0.0037215165615433685,
      0.006498765468917273,
      0.009922566397596127,
      0.013888888888888888,
      0.018277218240953644,
      0.022954217287029708,
      0.027777777777777773,
      0.03260133826852583,
      0.03727833731460191,
      0.04166666666666666,
      0.04563298915795942,
      0.04905679008663827,
      0.05183403899401219,
      0.05388035057738634,
      0.05513354869478356,
      0.05555555555555555,
      0.05513354869478356,
      0.053880350577386354,
      0.05183403899401219,
      0.04905679008663828,
      0.04563298915795945,
      0.041666666666666685,
      0.03727833731460193,
      0.03260133826852584,
      0.02777777777777779,
      0.022954217287029715,
      0.018277218240953658,
      0.013888888888888883,
      0.00992256639759615,
      0.006498765468917282,
      0.003721516561543377,
      0.001675204978169209,
      0.000422006860771998,
      0.0
    ],
    [
      0.0,
      0.0004220068607719988,
      0.0016752049781692123,
      0.0037215165615433715,
      0.006498765468917278,
      0.009922566397596134,
      0.013888888888888888,
      0.018277218240953644,
      0.022954217287029708,
      0.027777777777777773,
      0.03260133826852584,
      0.0372783373146019,
      0.04166666666666666,
      0.04563298915795942,
      0.04905679008663827,
      0.05183403899401218,
      0.05388035057738634,
      0.05513354869478356,
      0.05555555555555555,
      0.05513354869478356,
      0.05388035057738634,
      0.05183403899401219,
      0.04905679008663828,
      0.045632989157959436,
      0.041666666666666685,
      0.0372783373146019,
      0.03260133826852585,
      0.027777777777777783,
      0.022954217287029722,
      0.018277218240953637,
      0.013888888888888907,
      0.00992256639759613,
      0.00649876546891728,
      0.0037215165615433637,
      0.0016752049781692086,
      0.000422006860771998
    ],
    [
      0.0004220068607719968,
      0.0,
      0.00042200686077199963,
      0.0016752049781692145,
      0.0037215165615433732,
      0.006498765468917282,
      0.009922566397596134,
      0.013888888888888895,
      0.01827721824095365,
      0.022954217287029715,
      0.02777777777777779,
      0.03260133826852584,
      0.03727833731460192,
      0.04166666666666667,
      0.045632989157959436,
      0.04905679008663827,
      0.05183403899401219,
      0.053880350577386354,
      0.05513354869478356,
      0.05555555555555555,
      0.05513354869478355,
      0.053880350577386354,
      0.05183403899401219,
      0.04905679008663828,
      0.045632989157959436,
      0.04166666666666665,
      0.03727833731460191,
      0.03260133826852583,
      0.027777777777777783,
      0.02295421728702969,
      0.018277218240953658,
      0.013888888888888886,
      0.009922566397596127,
      0.006498765468917266,
      0.0037215165615433637,
      0.0016752049781692086
    ],
    [
      0.0016752049781692108,
      0.0004220068607719981,
      0.0,
      0.0004220068607719983,
      0.0016752049781692117,
      0.00372151656154337,
      0.006498765468917273,
      0.009922566397596127,
      0.013888888888888886,
      0.018277218240953644,
      0.022954217287029708,
      0.027777777777777773,
      0.03260133826852584,
      0.0372783373146019,
      0.04166666666666666,
      0.04563298915795941,
      0.04905679008663827,
      0.05183403899401219,
      0.05388035057738634,
      0.05513354869478355,
      0.055555555555555546,
      0.05513354869478355,
      0.05388035057738634,
      0.05183403899401219,
      0.0490567900866383,
      0.04563298915795941,
      0.04166666666666666,
      0.03727833731460191,
      0.03260133826852585,
      0.027777777777777755,
      0.022954217287029732,
      0.018277218240953644,
      0.013888888888888895,
      0.009922566397596116,
      0.006498765468917272,
      0.00372151656154337
    ],
    [
      0.0037215165615433732,
      0.0016752049781692138,
      0.0004220068607719991,
      0.0,
      0.00042200686077199746,
      0.0016752049781692101,
      0.0037215165615433667,
      0.006498765468917273,
      0.009922566397596123,
      0.013888888888888883,
      0.018277218240953644,
      0.022954217287029698,
      0.027777777777777766,
      0.03260133826852584,
      0.0372783373146019,
      0.04166666666666666,
      0.04563298915795941,
      0.04905679008663828,
      0.05183403899401219,
      0.053880350577386354,
      0.05513354869478355,
      0.05555555555555558,
      0.05513354869478356,
      0.053880350577386354,
      0.051834038994012205,
      0.04905679008663827,
      0.04563298915795945,
      0.041666666666666685,
      0.03727833731460193,
      0.03260133826852584,
      0.027777777777777807,
      0.022954217287029722,
      0.018277218240953658,
      0.013888888888888886,
      0.009922566397596134,
      0.006498765468917282
    ],
    [
      0.006498765468917267,
      0.0037215165615433637,
      0.0016752049781692069,
      0.0004220068607719964,
      0.0,
      0.0004220068607720007,
      0.001675204978169215,
      0.0037215165615433754,
      0.00649876546891728,
      0.009922566397596136,
      0.013888888888888902,
      0.018277218240953644,
      0.022954217287029722,
      0.027777777777777783,
      0.03260133826852584,
      0.0372783373146019,
      0.04166666666666667,
      0.04563298915795945,
      0.04905679008663828,
      0.05183403899401219,
      0.05388035057738634,
      0.05513354869478356,
      0.055555555555555546,
      0.05513354869478356,
      0.053880350577386354,
      0.05183403899401216,
      0.04905679008663827,
      0.04563298915795941,
      0.04166666666666666,
      0.03727833731460188,
      0.03260133826852585,
      0.027777777777777766,
      0.022954217287029708,
      0.01827721824095362,
      0.013888888888888874,
      0.00992256639759612
    ],
    [
      0.009922566397596123,
      0.006498765468917273,
      0.0037215165615433667,
      0.001675204978169209,
      0.00042200686077199746,
      0.0,
      0.0004220068607719991,
      0.0016752049781692117,
      0.0037215165615433732,
      0.006498765468917278,
      0.009922566397596137,
      0.013888888888888883,
      0.018277218240953644,
      0.022954217287029722,
      0.027777777777777773,
      0.03260133826852583,
      0.03727833731460191,
      0.041666666666666685,
      0.045632989157959436,
      0.04905679008663828,
      0.05183403899401219,
      0.053880350577386354,
      0.05513354869478356,
      0.05555555555555555,
      0.05513354869478356,
      0.05388035057738633,
      0.05183403899401219,
      0.04905679008663828,
      0.045632989157959436,
      0.04166666666666666,
      0.03727833731460192,
      0.03260133826852584,
      0.027777777777777783,
      0.02295421728702969,
      0.018277218240953637,
      0.013888888888888886
    ],
    [
      0.013888888888888876,
      0.00992256639759612,
      0.006498765468917266,
      0.0037215165615433637,
      0.0016752049781692065,
      0.00042200686077199535,
      0.0,
      0.0004220068607720007,
      0.0016752049781692138,
      0.003721516561543377,
      0.006498765468917287,
      0.009922566397596134,
      0.013888888888888902,
      0.018277218240953658,
      0.022954217287029722,
      0.027777777777777773,
      0.03260133826852586,
      0.03727833731460193,
      0.041666666666666685,
      0.045632989157959436,
      0.0490567900866383,
      0.051834038994012205,
      0.053880350577386354,
      0.05513354869478356,
      0.05555555555555555,
      0.05513354869478356,
      0.053880350577386354,
      0.05183403899401218,
      0.04905679008663828,
      0.04563298915795941,
      0.041666666666666685,
      0.0372783373146019,
      0.03260133826852583,
      0.027777777777777755,
      0.02295421728702969,
      0.018277218240953637
    ],
    [
      0.01827721824095365,
      0.013888888888888895,
      0.009922566397596134,
      0.006498765468917282,
      0.0037215165615433732,
      0.0016752049781692138,
      0.00042200686077200017,
      0.0,
      0.0004220068607719959,
      0.0016752049781692086,
      0.0037215165615433654,
      0.006498765468917266,
      0.009922566397596123,
      0.013888888888888883,
      0.01827721824095363,
      0.02295421728702969,
      0.027777777777777766,
      0.03260133826852584,
      0.0372783373146019,
      0.04166666666666665,
      0.04563298915795941,
      0.04905679008663827,
      0.05183403899401216,
      0.05388035057738633,
      0.05513354869478356,
      0.05555555555555555,
      0.05513354869478356,
      0.053880350577386354,
      0.05183403899401219,
      0.04905679008663827,
      0.04563298915795945,
      0.04166666666666667,
      0.03727833731460192,
      0.03260133826852583,
      0.027777777777777783,
      0.022954217287029715
    ],
    [
      0.022954217287029708,
      0.018277218240953644,
      0.013888888888888886,
      0.009922566397596127,
      0.006498765468917273,
      0.0037215165615433667,
      0.0016752049781692117,
      0.00042200686077199746,
      0.0,
      0.00042200686077199854,
      0.0016752049781692138,
      0.0037215165615433685,
      0.006498765468917276,
      0.009922566397596136,
      0.013888888888888888,
      0.018277218240953644,
      0.022954217287029715,
      0.02777777777777779,
      0.03260133826852585,
      0.03727833731460191,
      0.04166666666666666,
      0.04563298915795945,
      0.04905679008663827,
      0.05183403899401219,
      0.053880350577386354,
      0.05513354869478356,
      0.05555555555555555,
      0.05513354869478356,
      0.053880350577386354,
      0.05183403899401218,
      0.04905679008663828,
      0.045632989157959436,
      0.04166666666666667,
      0.0372783373146019,
      0.03260133826852583,
      0.027777777777777773
    ],
    [
      0.027777777777777773,
      0.022954217287029708,
      0.018277218240953644,
      0.013888888888888888,
      0.009922566397596127,
      0.006498765468917272,
      0.00372151656154337,
      0.0016752049781692095,
      0.00042200686077199854,
      0.0,
      0.00042200686077199854,
      0.0016752049781692095,
      0.0037215165615433715,
      0.006498765468917276,
      0.009922566397596127,
      0.013888888888888883,
      0.018277218240953644,
      0.022954217287029715,
      0.027777777777777783,
      0.03260133826852583,
      0.03727833731460191,
      0.041666666666666685,
      0.04563298915795941,
      0.04905679008663828,
      0.05183403899401218,
      0.053880350577386354,
      0.05513354869478356,
      0.05555555555555555,
      0.05513354869478356,
      0.05388035057738633,
      0.051834038994012205,
      0.04905679008663827,
      0.04563298915795942,
      0.04166666666666665,
      0.03727833731460191,
      0.03260133826852583
    ],
    [
      0.03260133826852583,
      0.027777777777777773,
      0.022954217287029698,
      0.018277218240953644,
      0.013888888888888883,
      0.009922566397596123,
      0.006498765468917272,
      0.0037215165615433654,
      0.0016752049781692108,
      0.00042200686077199746,
      0.0,
      0.00042200686077199854,
      0.0016752049781692127,
      0.003721516561543377,
      0.006498765468917278,
      0.009922566397596127,
      0.013888888888888895,
      0.018277218240953658,
      0.022954217287029722,
      0.027777777777777783,
      0.03260133826852585,
      0.03727833731460193,
      0.04166666666666666,
      0.045632989157959436,
      0.04905679008663828,
      0.05183403899401219,
      0.053880350577386354,
      0.05513354869478356,
      0.05555555555555555,
      0.05513354869478356,
      0.053880350577386354,
      0.05183403899401218,
      0.04905679008663827,
      0.04563298915795941,
      0.04166666666666666,
      0.0372783373146019
    ],
    [
      0.03727833731460192,
      0.03260133826852586,
      0.02777777777777779,
      0.022954217287029722,
      0.018277218240953658,
      0.013888888888888895,
      0.009922566397596142,
      0.0064987654689172844,
      0.0037215165615433815,
      0.001675204978169217,
      0.0004220068607720012,
      0.0,
      0.00042200686077199535,
      0.0016752049781692075,
      0.0037215165615433624,
      0.006498765468917261,
      0.009922566397596116,
      0.013888888888888883,
      0.018277218240953637,
      0.02295421728702969,
      0.027777777777777755,
      0.03260133826852584,
      0.03727833731460188,
      0.04166666666666666,
      0.04563298915795941,
      0.04905679008663827,
      0.05183403899401218,
      0.05388035057738633,
      0.05513354869478356,
      0.05555555555555555,
      0.05513354869478356,
      0.053880350577386354,
      0.051834038994012205,
      0.04905679008663827,
      0.045632989157959436,
      0.041666666666666685
    ],
    [
      0.04166666666666665,
      0.0372783373146019,
      0.03260133826852582,
      0.027777777777777755,
      0.022954217287029698,
      0.01827721824095363,
      0.013888888888888876,
      0.00992256639759612,
      0.00649876546891727,
      0.0037215165615433637,
      0.001675204978169204,
      0.0004220068607719969,
      0.0,
      0.00042200686077200174,
      0.001675204978169217,
      0.003721516561543377,
      0.006498765468917287,
      0.00992256639759615,
      0.013888888888888907,
      0.018277218240953658,
      0.022954217287029732,
      0.027777777777777807,
      0.03260133826852585,
      0.03727833731460192,
      0.041666666666666685,
      0.04563298915795945,
      0.04905679008663828,
      0.051834038994012205,
      0.053880350577386354,
      0.05513354869478356,
      0.05555555555555555,
      0.05513354869478356,
      0.05388035057738634,
      0.05183403899401216,
      0.04905679008663827,
      0.04563298915795941
    ],
    [
      0.04563298915795942,
      0.04166666666666666,
      0.0372783373146019,
      0.03260133826852584,
      0.027777777777777773,
      0.022954217287029708,
      0.018277218240953644,
      0.013888888888888888,
      0.009922566397596136,
      0.006498765468917276,
      0.00372151656154337,
      0.001675204978169215,
      0.0004220068607719991,
      0.0,
      0.00042200686077199746,
      0.001675204978169208,
      0.00372151656154337,
      0.006498765468917282,
      0.00992256639759613,
      0.013888888888888886,
      0.018277218240953644,
      0.022954217287029722,
      0.027777777777777766,
      0.03260133826852584,
      0.0372783373146019,
      0.04166666666666667,
      0.045632989157959436,
      0.04905679008663827,
      0.05183403899401218,
      0.053880350577386354,
      0.05513354869478356,
      0.05555555555555555,
      0.05513354869478356,
      0.05388035057738633,
      0.05183403899401219,
      0.04905679008663828
    ],
    [
      0.04905679008663827,
      0.04563298915795942,
      0.04166666666666665,
      0.0372783373146019,
      0.03260133826852583,
      0.027777777777777766,
      0.022954217287029708,
      0.018277218240953637,
      0.013888888888888886,
      0.009922566397596123,
      0.00649876546891727,
      0.0037215165615433732,
      0.0016752049781692108,
      0.0004220068607719969,
      0.0,
      0.000422006860771998,
      0.0016752049781692134,
      0.003721516561543377,
      0.00649876546891728,
      0.009922566397596127,
      0.013888888888888895,
      0.018277218240953658,
      0.022954217287029708,
      0.027777777777777783,
      0.03260133826852583,
      0.03727833731460192,
      0.04166666666666667,
      0.04563298915795942,
      0.04905679008663827,
      0.051834038994012205,
      0.05388035057738634,
      0.05513354869478356,
      0.055555555555555546,
      0.05513354869478355,
      0.05388035057738634,
      0.05183403899401219
    ],
    [
      0.05183403899401219,
      0.04905679008663828,
      0.04563298915795942,
      0.041666666666666685,
      0.03727833731460192,
      0.03260133826852585,
      0.02777777777777779,
      0.022954217287029722,
      0.018277218240953665,
      0.013888888888888902,
      0.00992256639759614,
      0.006498765468917293,
      0.00372151656154338,
      0.001675204978169215,
      0.000422006860772001,
      0.0,
      0.00042200686077199556,
      0.001675204978169209,
      0.0037215165615433637,
      0.006498765468917266,
      0.009922566397596116,
      0.013888888888888886,
      0.01827721824095362,
      0.02295421728702969,
      0.027777777777777755,
      0.03260133826852583,
      0.0372783373146019,
      0.04166666666666665,
      0.04563298915795941,
      0.04905679008663827,
      0.05183403899401216,
      0.05388035057738633,
      0.05513354869478355,
      0.05555555555555555,
      0.05513354869478356,
      0.053880350577386354
    ],
    [
      0.053880350577386354,
      0.051834038994012205,
      0.04905679008663828,
      0.045632989157959436,
      0.041666666666666685,
      0.03727833731460192,
      0.03260133826852586,
      0.02777777777777779,
      0.022954217287029732,
      0.018277218240953658,
      0.013888888888888895,
      0.009922566397596142,
      0.006498765468917287,
      0.0037215165615433732,
      0.0016752049781692156,
      0.00042200686077200174,
      0.0,
      0.000422006860771998,
      0.0016752049781692086,
      0.0037215165615433637,
      0.006498765468917272,
      0.009922566397596134,
      0.013888888888888874,
      0.018277218240953637,
      0.02295421728702969,
      0.027777777777777783,
      0.03260133826852583,
      0.03727833731460191,
      0.04166666666666666,
      0.045632989157959436,
      0.04905679008663827,
      0.05183403899401219,
      0.05388035057738634,
      0.05513354869478356,
      0.05555555555555555,
      0.05513354869478357
    ],
    [
      0.05513354869478356,
      0.053880350577386354,
      0.05183403899401218,
      0.04905679008663828,
      0.045632989157959436,
      0.04166666666666666,
      0.03727833731460192,
      0.03260133826852584,
      0.02777777777777779,
      0.022954217287029715,
      0.01827721824095365,
      0.013888888888888902,
      0.009922566397596136,
      0.006498765468917278,
      0.0037215165615433732,
      0.0016752049781692156,
      0.00042200686077199865,
      0.0,
      0.000422006860771998,
      0.0016752049781692086,
      0.00372151656154337,
      0.006498765468917282,
      0.00992256639759612,
      0.013888888888888886,
      0.018277218240953637,
      0.022954217287029715,
      0.027777777777777773,
      0.03260133826852583,
      0.0372783373146019,
      0.041666666666666685,
      0.04563298915795941,
      0.04905679008663828,
      0.05183403899401219,
      0.053880350577386354,
      0.05513354869478357,
      0.05555555555555555
    ]
  ],
  "A": [
    [
      1.0,
      0.0,
      0.0,
      0.0,
      0.0,
      0.0,
      0.0,
      0.0,
      0.0,
      0.0,
      0.0,
      0.0,
      0.0,
      0.0,
      0.0,
      0.0,
      0.0,
      0.0,
      0.0,
      0.0,
      0.0,
      0.0,
      0.0,
      0.0,
      0.0,
      0.0,
      0.0,
      0.0,
      0.0,
      0.0,
      0.0,
      0.0,
      0.0,
      0.0,
      0.0,
      0.0
    ],
    [
      0.0,
      1.0,
      0.0,
      0.0,
      0.0,
      0.0,
      0.0,
      0.0,
      0.0,
      0.0,
      0.0,
      0.0,
      0.0,
      0.0,
      0.0,
      0.0,
      0.0,
      0.0,
      0.0,
      0.0,
      0.0,
      0.0,
      0.0,
      0.0,
      0.0,
      0.0,
      0.0,
      0.0,
      0.0,
      0.0,
      0.0,
      0.0,
      0.0,
      0.0,
      0.0,
      0.0
    ],
    [
      0.0,
      0.0,
      1.0,
      0.0,
      0.0,
      0.0,
      0.0,
      0.0,
      0.0,
      0.0,
      0.0,
      0.0,
      0.0,
      0.0,
      0.0,
      0.0,
      0.0,
      0.0,
      0.0,
      0.0,
      0.0,
      0.0,
      0.0,
      0.0,
      0.0,
      0.0,
      0.0,
      0.0,
      0.0,
      0.0,
      0.0,
      0.0,
      0.0,
      0.0,
      0.0,
      0.0
    ],
    [
      0.0,
      0.0,
      0.0,
      1.0,
      0.0,
      0.0,
      0.0,
      0.0,
      0.0,
      0.0,
      0.0,
      0.0,
      0.0,
      0.0,
      0.0,
      0.0,
      0.0,
      0.0,
      0.0,
      0.0,
      0.0,
      0.0,
      0.0,
      0.0,
      0.0,
      0.0,
      0.0,
      0.0,
      0.0,
      0.0,
      0.0,
      0.0,
      0.0,
      0.0,
      0.0,
      0.0
    ],
    [
      0.0,
      0.0,
      0.0,
      0.0,
      1.0,
      0.0,
      0.0,
      0.0,
      0.0,
      0.0,
      0.0,
      0.0,
      0.0,
      0.0,
      0.0,
      0.0,
      0.0,
      0.0,
      0.0,
      0.0,
      0.0,
      0.0,
      0.0,
      0.0,
      0.0,
      0.0,
      0.0,
      0.0,
      0.0,
      0.0,
      0.0,
      0.0,
      0.0,
      0.0,
      0.0,
      0.0
    ],
    [
      0.0,
      0.0,
      0.0,
      0.0,
      0.0,
      1.0,
      0.0,
      0.0,
      0.0,
      0.0,
      0.0,
      0.0,
      0.0,
      0.0,
      0.0,
      0.0,
      0.0,
      0.0,
      0.0,
      0.0,
      0.0,
      0.0,
      0.0,
      0.0,
      0.0,
      0.0,
      0.0,
      0.0,
      0.0,
      0.0,
      0.0,
      0.0,
      0.0,
      0.0,
      0.0,
      0.0
    ],
    [
      0.0,
      0.0,
      0.0,
      0.0,
      0.0,
      0.0,
      1.0,
      0.0,
      0.0,
      0.0,
      0.0,
      0.0,
      0.0,
      0.0,
      0.0,
      0.0,
      0.0,
      0.0,
      0.0,
      0.0,
      0.0,
      0.0,
      0.0,
      0.0,
      0.0,
      0.0,
      0.0,
      0.0,
      0.0,
      0.0,
      0.0,
      0.0,
      0.0,
      0.0,
      0.0,
      0.0
    ],
    [
      0.0,
      0.0,
      0.0,
      0.0,
      0.0,
      0.0,
      0.0,
      1.0,
      0.0,
      0.0,
      0.0,
      0.0,
      0.0,
      0.0,
      0.0,
      0.0,
      0.0,
      0.0,
      0.0,
      0.0,
      0.0,
      0.0,
      0.0,
      0.0,
      0.0,
      0.0,
      0.0,
      0.0,
      0.0,
      0.0,
      0.0,
      0.0,
      0.0,
      0.0,
      0.0,
      0.0
    ],
    [
      0.0,
      0.0,
      0.0,
      0.0,
      0.0,
      0.0,
      0.0,
      0.0,
      1.0,
      0.0,
      0.0,
      0.0,
      0.0,
      0.0,
      0.0,
      0.0,
      0.0,
      0.0,
      0.0,
      0.0,
      0.0,
      0.0,
      0.0,
      0.0,
      0.0,
      0.0,
      0.0,
      0.0,
      0.0,
      0.0,
      0.0,
      0.0,
      0.0,
      0.0,
      0.0,
      0.0
    ],
    [
      0.0,
      0.0,
      0.0,
      0.0,
      0.0,
      0.0,
      0.0,
      0.0,
      0.0,
      1.0,
      0.0,
      0.0,
      0.0,
      0.0,
      0.0,
      0.0,
      0.0,
      0.0,
      0.0,
      0.0,
      0.0,
      0.0,
      0.0,
      0.0,
      0.0,
      0.0,
      0.0,
      0.0,
      0.0,
      0.0,
      0.0,
      0.0,
      0.0,
      0.0,
      0.0,
      0.0
    ],
    [
      0.0,
      0.0,
      0.0,
      0.0,
      0.0,
      0.0,
      0.0,
      0.0,
      0.0,
      0.0,
      1.0,
      0.0,
      0.0,
      0.0,
      0.0,
